100 149
23 7 6 15 5 26 27 19 19 7 4 10 7 1 15 26 5 26 2 13 29 20 15 14 15 15 26 29 5 27 30 21 16 30 21 28 7 19 31 20 26 21 7 23 20 16 8 0 28 20 26 18 15 21 1 16 7 0 28 30 11 9 15 10 9 13 19 4 6 1 15 5 26 26 17 1 27 5 0 9 13 10 31 7 12 15 23 28 3 27 1 29 20 17 1 14 20 15 13 0 
0 58
0 96
1 16
1 20
1 47
1 57
2 7
2 13
2 17
2 40
2 47
3 18
3 46
3 49
3 63
3 80
4 18
4 45
4 54
4 65
4 88
4 91
5 6
5 72
6 74
6 89
6 98
7 16
7 25
7 38
7 89
8 13
8 18
8 19
8 74
8 93
9 50
9 55
9 61
9 99
10 76
10 99
11 87
12 27
13 38
14 20
14 38
14 91
15 73
15 92
16 91
16 96
17 57
18 23
18 53
18 61
19 87
20 71
20 89
21 31
21 41
21 42
21 92
22 32
22 58
22 86
24 82
24 84
24 91
25 48
25 86
26 44
26 45
27 45
27 58
27 63
28 44
28 83
29 41
30 72
30 89
31 38
32 57
32 76
33 50
33 68
34 44
34 94
35 78
36 47
37 80
38 39
38 50
38 75
40 45
40 73
40 83
41 70
41 84
43 57
44 56
46 80
46 98
47 64
47 67
47 74
50 89
50 98
51 69
51 78
52 61
52 83
53 91
54 74
54 76
56 67
56 77
57 94
58 74
58 90
59 69
59 76
59 97
60 70
60 76
61 79
61 85
62 90
63 76
63 90
65 79
66 89
67 76
67 93
73 78
74 81
74 92
76 94
76 95
79 90
80 89
80 98
81 87
82 89
83 94
87 94
88 91
91 99
93 94
