70 165
6 15 1 6 9 7 1 2 8 14 4 9 7 12 0 12 7 14 12 13 4 10 0 13 12 7 11 4 10 11 15 4 15 11 2 2 12 14 5 1 5 15 7 3 3 6 6 5 11 4 10 0 14 11 4 2 8 11 4 6 8 10 3 12 3 1 3 9 5 2 
0 24
0 39
0 69
1 26
1 29
1 40
1 47
1 53
1 64
2 14
2 16
2 24
2 30
2 32
3 4
3 13
3 21
3 26
3 45
3 56
3 61
4 9
4 10
4 14
4 53
4 59
4 62
5 28
5 29
5 38
5 41
6 33
6 51
6 65
7 16
7 43
7 45
7 56
8 18
8 26
8 37
8 41
8 67
9 11
9 29
9 36
9 52
9 65
10 14
10 31
10 48
10 54
10 68
11 13
11 14
11 19
11 30
11 31
11 69
12 28
12 34
12 36
12 38
12 57
12 65
13 18
13 42
13 55
13 69
14 31
14 65
15 35
15 47
15 48
15 68
16 54
16 55
16 69
17 27
17 43
17 45
17 64
18 37
18 42
18 49
19 35
19 36
19 56
19 61
20 27
20 41
20 44
20 59
21 26
21 37
21 42
21 53
22 67
23 27
23 62
24 31
25 28
25 35
25 48
25 57
25 64
26 55
26 58
27 30
27 34
27 39
27 50
27 62
28 55
28 62
29 46
29 62
30 49
30 61
31 39
31 66
32 42
32 53
32 60
33 35
33 49
33 57
34 59
34 65
34 66
36 46
36 54
36 56
37 47
37 55
38 58
38 59
39 68
40 44
40 58
40 59
40 62
41 46
41 58
43 69
44 47
45 62
46 67
47 51
47 52
48 62
50 51
50 65
52 53
52 60
54 56
54 67
55 67
56 63
57 58
57 65
60 66
61 66
62 63
64 69
