40 144
4 7 0 5 5 0 3 4 4 0 0 7 7 1 5 1 6 7 6 6 7 3 6 4 3 6 6 7 7 6 3 1 7 1 4 0 3 2 6 0 
0 6
0 9
0 25
0 34
1 2
1 8
1 9
1 19
1 21
1 22
1 24
1 26
2 3
2 5
2 24
2 26
2 34
3 10
3 12
3 16
3 18
3 23
3 25
3 27
3 32
4 12
4 13
4 15
4 25
4 27
4 33
4 38
5 6
5 9
5 11
5 12
5 16
5 17
5 18
5 24
5 29
5 35
6 9
6 12
6 21
6 24
6 27
6 29
6 30
6 36
7 13
7 21
7 29
7 30
7 38
7 39
8 14
8 23
8 25
8 30
9 10
9 16
9 17
9 22
9 23
9 26
9 29
9 31
9 34
9 35
9 38
10 11
10 18
10 25
10 33
11 14
11 16
11 25
11 28
11 30
11 33
11 36
12 15
12 22
12 26
12 27
12 30
12 35
12 38
13 22
13 24
13 30
13 31
14 15
14 17
14 18
14 19
14 28
14 35
14 37
15 24
15 27
15 29
15 31
15 36
15 38
16 29
16 31
16 38
17 24
17 30
17 34
18 22
19 30
19 33
20 21
20 23
21 23
21 25
21 31
21 33
21 35
21 38
22 24
23 34
24 26
24 31
24 38
25 35
25 37
26 28
26 29
26 30
26 32
27 30
27 31
27 32
29 32
30 35
33 36
34 37
35 36
35 39
38 39
