90 195
15 11 12 4 6 3 2 5 3 1 5 7 5 4 1 2 8 1 11 5 11 4 8 13 12 15 6 1 8 3 7 8 4 15 11 5 5 14 13 6 15 8 3 5 8 0 12 14 14 9 11 9 11 12 2 9 8 5 2 2 0 5 14 3 15 15 1 6 2 0 13 14 4 6 10 14 0 13 0 6 5 15 7 5 0 3 5 11 7 2 
0 3
0 25
0 47
1 12
1 15
1 22
1 28
1 31
1 50
1 55
1 63
1 69
1 70
2 6
2 15
2 40
2 63
2 69
3 6
3 15
3 55
3 56
3 79
3 88
4 5
4 7
4 22
4 27
5 13
5 15
5 33
5 60
5 66
5 70
6 10
6 43
6 45
6 52
6 66
6 81
7 10
7 18
7 56
8 9
8 29
8 34
8 44
8 69
9 61
9 81
10 24
10 43
10 76
11 32
11 86
12 32
12 54
13 77
13 78
13 89
14 63
14 74
14 78
15 58
15 63
15 71
15 77
16 40
16 54
16 57
16 64
16 78
16 80
17 73
17 84
18 51
19 37
19 54
20 37
20 63
20 75
21 25
21 52
21 69
21 80
21 81
22 31
22 62
23 51
23 52
24 47
24 85
25 37
25 82
26 49
26 55
26 71
26 82
27 49
27 78
27 88
28 49
29 59
29 83
30 43
30 54
30 74
31 60
31 62
31 68
32 89
33 39
33 47
35 36
35 42
35 59
35 61
35 85
36 46
37 63
37 66
37 68
37 74
37 88
38 56
38 81
39 46
39 57
39 64
39 71
39 79
40 42
40 44
40 84
40 87
41 43
41 52
41 64
41 89
42 52
42 61
42 64
42 81
42 86
43 58
44 82
46 52
46 67
46 87
47 50
47 63
47 65
47 67
48 65
49 88
50 72
51 75
52 70
52 87
53 63
53 75
53 83
53 84
53 88
54 56
54 63
54 79
55 66
55 69
59 69
59 73
60 78
60 89
61 77
62 80
63 69
63 74
63 84
63 88
65 84
66 69
66 72
68 83
69 74
69 87
71 80
72 76
72 85
73 79
73 81
74 84
75 88
82 89
84 88
88 89
