50 86
7 5 0 0 4 7 1 4 4 4 4 0 3 6 2 3 5 6 7 0 5 6 7 7 1 1 1 2 6 1 0 4 1 2 4 1 7 2 1 5 7 1 7 2 6 6 2 1 3 2 
0 2
0 10
0 16
0 20
0 25
0 29
0 35
0 37
0 46
1 18
2 3
2 9
2 21
2 27
2 35
2 36
2 41
2 44
2 46
2 47
3 8
3 11
3 17
3 27
3 28
3 44
3 48
4 11
4 27
4 33
4 38
4 49
5 19
6 29
6 33
6 43
7 19
7 31
8 39
9 32
9 37
9 42
9 46
10 38
10 39
11 20
11 34
12 25
12 39
13 25
14 17
14 20
14 26
14 32
15 46
17 43
18 43
19 32
19 42
20 23
21 32
21 35
21 46
22 32
22 33
22 40
24 38
24 49
27 36
29 48
30 38
30 49
31 35
31 36
31 40
32 42
32 47
33 34
33 36
34 44
34 45
35 47
35 48
36 44
37 46
46 49
