70 156
5 1 11 12 12 4 4 2 9 10 3 11 10 3 3 5 0 3 4 3 12 4 5 12 0 14 14 1 1 15 6 8 0 12 3 12 2 1 14 11 1 0 9 6 6 4 11 12 0 0 13 13 12 6 4 9 10 13 0 6 8 3 6 2 7 9 14 13 2 0 
0 6
0 30
0 34
1 9
1 11
1 27
1 38
1 40
1 45
1 48
1 49
1 56
1 60
1 61
1 64
1 67
2 11
2 46
2 51
2 52
3 21
3 26
3 47
3 60
3 63
4 21
4 39
4 46
4 58
4 60
4 62
4 67
5 16
6 10
6 30
6 60
7 15
7 33
7 35
8 11
8 28
8 33
8 37
8 43
8 48
8 52
9 11
9 27
9 49
9 69
10 43
10 57
10 63
11 36
11 54
11 61
11 63
11 64
12 38
12 47
12 51
12 57
12 65
13 42
13 52
13 58
13 63
14 30
14 36
14 39
14 41
15 52
15 58
16 33
16 34
16 54
17 46
17 50
17 64
18 54
19 25
19 42
19 53
19 60
20 23
20 28
20 47
20 52
20 62
21 35
21 37
21 39
21 40
21 45
21 49
22 54
22 68
23 32
23 36
23 48
24 49
24 66
25 49
25 52
25 53
26 46
27 47
27 64
28 42
28 48
28 66
29 31
29 35
29 51
30 37
30 41
30 61
31 35
34 40
34 60
34 66
35 36
35 37
35 40
35 59
35 63
36 56
36 63
36 64
37 49
37 58
38 49
38 54
38 64
39 56
39 61
40 45
40 53
40 55
40 56
42 46
43 49
43 69
44 49
45 60
49 54
49 66
50 52
50 57
50 64
51 64
52 63
56 60
56 63
58 66
62 65
