100 278
30 25 5 11 2 12 26 19 16 7 11 16 19 2 11 22 4 6 2147483648 19 12 7 12 7 6 31 14 29 14 15 7 16 31 13 4 0 0 8 4 25 30 24 24 17 0 20 23 30 31 1 12 11 10 9 29 1 17 8 8 27 5 22 10 9 14 10 4 20 16 7 11 30 10 13 6 19 10 7 8 19 22 19 1 31 22 14 2 24 27 19 3 18 26 20 4 31 17 18 2 7 
0 4
0 9
0 10
0 18
0 30
0 67
0 80
0 97
1 18
1 55
1 77
1 96
1 99
2 16
2 21
2 47
2 60
2 70
2 87
3 4
3 18
3 23
3 39
3 42
3 97
4 18
4 24
4 51
4 97
5 8
5 16
5 18
5 47
5 54
5 78
5 86
6 10
6 18
6 50
6 62
6 67
6 81
6 88
7 20
7 57
8 14
8 16
8 43
8 53
8 63
9 18
9 24
9 27
9 48
9 68
9 76
9 90
9 94
10 18
10 34
10 59
10 76
11 18
11 32
11 39
11 90
12 13
12 18
12 39
12 52
12 65
12 90
12 92
14 25
14 33
15 22
15 28
15 40
15 41
15 53
15 57
15 85
16 18
16 44
16 79
17 21
17 84
18 23
18 24
18 27
18 29
18 31
18 32
18 34
18 35
18 38
18 41
18 42
18 44
18 45
18 50
18 51
18 52
18 54
18 55
18 58
18 61
18 64
18 65
18 66
18 67
18 68
18 73
18 74
18 75
18 76
18 77
18 78
18 79
18 80
18 81
18 82
18 89
18 90
18 91
18 92
18 94
18 95
18 96
18 97
19 43
19 47
19 63
19 97
20 21
20 30
20 54
20 59
20 74
22 56
22 66
22 93
23 24
23 61
23 70
23 94
23 96
24 42
24 64
25 63
25 93
26 31
26 46
26 50
26 75
26 77
26 81
26 93
27 42
27 45
27 91
27 95
28 31
28 32
28 69
29 52
29 65
29 75
29 90
30 43
30 84
30 91
31 34
31 50
31 51
32 44
32 79
32 85
32 98
33 53
33 58
33 67
34 38
34 87
34 97
35 45
35 73
35 81
35 95
36 38
37 47
38 76
38 82
38 94
39 54
39 98
40 46
40 77
40 93
40 99
41 55
41 66
41 77
41 95
42 58
42 61
42 92
43 86
44 61
44 70
45 50
45 76
45 82
46 51
46 88
47 59
48 60
49 99
50 66
50 77
50 80
50 93
51 66
51 77
51 96
53 86
54 60
54 90
55 57
55 71
56 96
57 76
57 99
58 62
58 64
58 95
59 60
59 72
59 78
59 82
60 79
60 83
60 98
61 91
62 91
64 68
65 80
65 89
67 68
67 75
67 98
68 74
68 81
68 95
69 85
70 98
71 84
73 80
73 89
74 78
74 90
75 80
76 81
76 83
76 86
77 85
77 95
78 79
79 89
79 90
81 82
82 91
84 88
88 96
88 99
89 92
91 94
94 97
