100 277
4 11 31 2147483648 31 24 13 11 6 7 22 15 20 31 30 11 1 5 2 9 23 7 20 7 7 6 8 16 18 9 21 11 11 29 17 4 16 19 19 26 19 29 9 4 30 27 1 12 0 24 12 5 16 16 22 25 24 4 2 17 20 12 13 4 27 23 4 14 8 3 14 3 30 26 10 19 10 4 8 26 7 25 16 19 25 15 24 10 14 15 0 27 18 15 11 2 22 12 12 19 
0 3
0 35
0 46
0 77
0 87
1 3
1 39
1 44
1 77
1 87
1 91
2 12
2 29
2 94
3 4
3 5
3 8
3 9
3 13
3 15
3 16
3 18
3 21
3 22
3 24
3 25
3 28
3 32
3 33
3 34
3 35
3 36
3 37
3 38
3 39
3 40
3 41
3 44
3 46
3 48
3 49
3 50
3 52
3 54
3 57
3 60
3 62
3 63
3 68
3 69
3 71
3 74
3 76
3 77
3 78
3 79
3 81
3 82
3 83
3 87
3 88
3 90
3 92
3 93
3 96
3 98
3 99
4 5
4 21
4 41
4 48
4 52
4 68
5 10
5 16
5 21
5 57
6 22
6 42
6 68
6 94
7 9
7 20
7 51
7 58
7 90
8 52
8 69
8 78
8 97
9 15
9 25
9 34
9 35
9 47
9 96
10 26
10 42
10 43
10 61
10 72
11 46
11 77
11 78
12 61
12 66
12 67
12 72
12 98
13 37
13 58
13 82
13 90
14 50
14 51
14 75
14 91
15 18
15 28
15 49
15 84
16 26
16 81
17 33
17 37
17 51
17 58
17 91
18 25
18 28
18 32
18 44
19 40
21 32
21 67
21 72
21 81
21 98
22 39
22 44
22 52
22 58
22 83
23 26
23 64
23 72
23 81
24 25
24 35
24 41
24 44
24 52
24 69
24 87
25 49
25 88
26 87
27 29
27 42
27 50
27 59
27 63
27 89
27 94
28 35
28 44
28 75
28 77
29 75
30 42
30 85
31 39
31 61
31 89
31 99
32 34
32 36
32 57
32 65
33 47
33 50
33 69
33 84
33 97
34 64
34 81
35 92
36 67
36 77
36 98
37 63
37 69
37 78
37 99
38 39
38 46
38 48
38 52
38 67
38 71
38 87
39 64
39 98
40 69
40 74
40 76
40 79
40 84
41 49
41 60
41 92
42 95
43 88
44 54
44 80
45 50
45 85
46 60
46 91
46 92
47 86
47 91
48 55
48 60
48 62
49 68
49 79
49 96
50 63
50 78
50 95
51 63
51 85
52 88
53 65
53 94
54 62
54 74
54 83
54 98
56 58
57 61
57 98
58 66
58 84
58 89
59 66
59 75
59 95
60 87
60 98
62 99
63 90
64 65
64 70
65 67
65 72
67 83
67 98
68 88
69 82
69 93
73 98
74 93
74 99
76 93
78 91
79 99
80 95
82 84
83 93
84 86
87 95
89 93
90 96
91 97
92 96
