80 240
2 1 3 14 11 14 6 11 1 14 8 11 7 0 14 2 9 1 0 10 7 1 12 2 8 13 8 3 10 9 11 7 9 15 8 12 12 1 15 2 15 11 13 12 14 7 4 7 8 13 7 10 6 4 8 10 11 13 15 8 7 0 9 13 11 9 9 2 6 2 7 10 3 14 0 14 14 8 9 7 
0 7
0 8
0 19
0 30
0 53
0 59
0 67
1 3
1 28
1 32
1 48
1 49
1 55
1 57
1 65
2 13
2 14
2 21
2 29
2 45
2 75
3 19
3 32
3 53
3 55
3 67
4 9
4 18
4 25
4 47
4 62
4 77
5 11
5 18
5 20
5 24
5 33
5 45
5 51
5 62
6 19
6 20
6 28
6 41
6 73
7 9
7 25
7 41
7 67
7 72
8 19
8 22
8 30
8 59
8 74
9 15
9 31
9 37
9 47
9 66
9 77
10 38
10 40
11 13
11 14
11 24
11 45
11 51
12 20
12 71
12 79
13 14
13 21
13 45
13 73
13 75
14 24
14 45
14 63
14 75
15 23
15 31
15 36
15 66
15 69
16 26
16 42
16 46
16 58
16 60
16 68
16 72
16 76
17 21
17 45
17 71
17 76
18 24
18 25
18 51
18 62
19 30
19 43
19 53
19 67
21 29
21 38
21 61
21 75
22 44
22 54
22 56
22 59
22 64
22 74
23 26
23 36
23 50
23 69
23 70
23 72
24 45
24 51
25 33
25 47
25 51
25 62
25 70
25 77
26 42
26 46
26 50
26 72
27 41
27 44
27 56
27 58
27 64
27 76
28 34
28 38
28 57
28 61
28 65
28 78
29 35
29 38
29 49
29 52
29 61
29 75
29 78
30 40
30 52
30 59
30 67
30 74
31 36
31 47
31 66
31 69
32 52
32 53
32 54
32 55
32 57
32 67
32 70
33 62
35 70
36 50
36 69
36 72
37 42
37 49
37 52
38 54
38 61
38 75
38 78
39 55
39 58
41 42
41 56
41 58
41 64
41 71
41 76
42 46
42 58
42 76
43 49
43 52
44 56
44 59
44 64
44 74
45 71
46 50
46 58
46 68
46 72
47 66
47 77
48 70
48 76
49 74
50 54
50 69
50 72
51 62
52 60
52 64
53 55
53 67
55 57
55 65
55 71
56 64
56 71
56 74
57 65
57 73
57 78
58 76
59 60
59 74
60 66
60 76
61 65
61 78
62 77
63 70
64 70
64 76
65 78
66 69
66 77
70 71
70 79
