90 765
14 14 12 8 0 4 14 7 15 15 11 8 7 5 15 14 1 12 6 12 11 13 12 3 14 10 2 11 3 10 11 0 10 1 11 8 1 5 9 8 3 7 2 10 11 3 0 1 3 13 1 12 4 4 7 14 4 15 4 6 2 5 8 10 15 10 14 12 9 13 5 13 9 13 15 0 10 7 11 15 0 14 11 1 7 8 10 6 11 8 
0 7
0 14
0 18
0 20
0 25
0 30
0 39
0 40
0 42
0 50
0 51
0 60
0 62
0 63
0 65
0 68
0 73
0 75
0 76
0 78
0 81
0 83
0 85
0 86
0 87
0 89
1 7
1 8
1 21
1 22
1 39
1 40
1 41
1 43
1 47
1 50
1 59
1 64
1 65
1 72
1 76
1 79
1 88
2 3
2 6
2 11
2 27
2 34
2 35
2 38
2 51
2 53
2 60
2 64
2 66
2 69
2 73
2 77
2 78
2 87
3 10
3 13
3 18
3 25
3 38
3 49
3 58
3 65
3 68
3 69
3 78
3 86
4 15
4 23
4 31
4 37
4 38
4 42
4 51
4 54
4 63
4 67
4 69
4 76
4 77
4 79
4 83
4 84
4 87
5 8
5 21
5 23
5 24
5 27
5 28
5 30
5 44
5 48
5 54
5 55
5 57
5 58
5 61
5 71
5 72
5 77
5 78
5 80
5 81
5 83
5 84
5 88
6 10
6 17
6 22
6 24
6 27
6 34
6 41
6 43
6 47
6 48
6 51
6 56
6 59
6 62
6 64
6 83
6 85
6 88
6 89
7 8
7 15
7 18
7 19
7 27
7 48
7 54
7 56
7 61
7 69
7 70
7 71
8 11
8 14
8 16
8 21
8 22
8 23
8 26
8 39
8 45
8 47
8 48
8 58
8 62
8 67
8 68
8 76
8 80
8 81
8 83
8 89
9 11
9 13
9 14
9 19
9 25
9 31
9 38
9 46
9 47
9 48
9 50
9 55
9 59
9 61
9 68
9 69
9 74
9 81
9 85
9 88
10 13
10 19
10 23
10 27
10 31
10 47
10 57
10 64
10 65
10 71
10 80
10 81
10 87
10 88
11 19
11 23
11 25
11 28
11 31
11 35
11 38
11 39
11 47
11 61
11 64
11 65
11 74
11 75
11 80
12 14
12 17
12 18
12 23
12 26
12 35
12 38
12 42
12 47
12 52
12 54
12 55
12 64
12 78
12 85
12 89
13 15
13 31
13 32
13 33
13 36
13 48
13 55
13 59
13 62
13 63
13 68
13 70
13 72
13 74
13 78
13 83
13 85
13 88
13 89
14 18
14 21
14 27
14 35
14 44
14 49
14 55
14 56
14 59
14 60
14 61
14 64
14 70
14 73
14 75
14 78
14 82
14 86
15 16
15 21
15 23
15 25
15 27
15 28
15 42
15 57
15 58
15 66
15 67
15 71
15 72
15 75
15 78
15 80
15 81
15 86
16 22
16 29
16 31
16 40
16 43
16 46
16 49
16 53
16 56
16 58
16 59
16 62
16 64
16 70
16 72
16 77
16 83
16 86
17 20
17 21
17 23
17 24
17 36
17 44
17 47
17 58
17 59
17 61
17 64
17 67
17 70
17 75
17 78
17 79
17 83
17 85
17 89
18 23
18 31
18 52
18 58
18 63
18 65
18 69
18 72
18 77
18 78
18 85
18 87
18 89
19 24
19 37
19 39
19 42
19 51
19 54
19 80
19 81
19 85
19 86
20 24
20 25
20 29
20 30
20 32
20 43
20 44
20 52
20 53
20 55
20 67
20 69
20 71
20 76
20 78
20 81
21 29
21 31
21 37
21 68
21 71
21 75
21 76
21 79
21 81
21 82
22 24
22 42
22 43
22 44
22 59
22 71
22 83
22 86
23 28
23 38
23 39
23 43
23 45
23 47
23 51
23 54
23 58
23 61
23 68
23 75
24 29
24 31
24 38
24 39
24 52
24 71
24 80
24 84
24 86
25 31
25 35
25 41
25 52
25 54
25 55
25 56
25 70
25 79
25 82
25 88
25 89
26 28
26 32
26 45
26 49
26 50
26 56
26 65
26 68
26 74
26 77
26 78
26 79
26 87
26 89
27 28
27 36
27 40
27 49
27 50
27 55
27 58
27 60
27 70
27 78
27 80
27 81
27 89
28 32
28 38
28 40
28 42
28 43
28 45
28 48
28 55
28 58
28 71
28 79
28 84
28 87
29 30
29 38
29 47
29 48
29 56
29 58
29 60
29 63
29 75
29 76
29 79
29 85
29 89
30 57
30 69
30 74
30 81
30 86
30 87
30 89
31 38
31 42
31 43
31 49
31 57
31 69
31 72
31 80
31 86
31 89
32 40
32 48
32 54
32 55
32 70
32 79
32 80
32 82
33 39
33 42
33 43
33 46
33 47
33 50
33 52
33 62
33 66
33 71
33 83
33 86
34 62
34 63
34 76
34 79
35 45
35 47
35 61
35 66
35 74
35 78
35 79
35 83
35 85
36 42
36 47
36 48
36 49
36 51
36 54
36 57
36 62
36 72
36 74
36 76
36 81
36 84
37 38
37 43
37 48
37 50
37 61
37 66
37 68
37 81
38 45
38 59
38 60
38 63
38 64
38 68
38 71
38 73
38 74
38 80
38 84
38 85
38 89
39 40
39 41
39 42
39 45
39 55
39 62
39 65
39 76
39 78
39 84
39 89
40 44
40 51
40 56
40 61
40 73
40 84
41 46
41 52
41 54
41 59
41 60
41 64
41 68
41 79
41 81
41 82
41 86
41 88
42 52
42 53
42 62
42 64
42 65
42 79
42 83
43 48
43 52
43 58
43 59
43 76
43 77
44 46
44 48
44 49
44 54
44 55
44 56
44 57
44 58
44 75
44 82
44 84
44 87
45 50
45 56
45 59
45 61
45 85
45 87
45 88
45 89
46 48
46 54
46 55
46 63
46 66
46 67
46 68
46 76
46 78
46 84
47 49
47 52
47 56
47 68
47 72
47 74
47 78
47 79
47 83
47 88
48 65
48 68
48 76
48 89
49 55
49 73
49 76
49 81
49 85
50 61
50 64
50 73
50 84
51 53
51 57
51 61
51 62
51 69
51 71
51 74
51 76
51 77
51 89
52 54
52 59
52 69
52 72
52 86
52 87
52 88
52 89
53 54
53 66
53 67
53 68
53 71
53 72
53 84
53 87
53 88
54 63
54 66
54 76
54 81
55 64
55 68
55 71
55 72
55 73
55 87
55 88
56 59
56 82
56 84
57 64
57 73
57 83
57 85
58 63
58 87
59 73
59 75
59 82
59 86
60 64
60 70
60 73
60 78
60 81
60 87
61 65
61 70
61 71
61 72
61 85
61 86
62 72
62 81
62 87
62 89
63 66
63 67
63 76
63 78
63 79
63 87
63 89
64 68
64 73
64 89
65 72
65 81
65 86
66 71
66 72
66 77
66 82
66 89
67 77
68 69
68 72
68 74
68 85
68 89
69 70
69 80
69 86
70 77
70 84
70 85
71 76
72 73
72 78
72 83
73 79
74 78
74 79
75 76
75 79
75 80
75 81
75 86
76 80
76 81
76 84
76 87
76 88
78 80
78 88
78 89
80 86
81 87
83 89
84 86
84 89
85 87
