90 767
6 15 10 8 10 11 13 13 5 13 14 0 12 13 2 11 6 4 9 12 11 10 14 10 9 10 0 2 11 7 10 4 3 0 3 5 11 7 1 4 4 1 9 3 13 10 10 10 12 1 6 12 14 6 0 5 11 1 11 3 6 5 1 1 14 15 0 0 1 4 7 13 9 6 4 14 8 12 7 7 7 12 4 5 15 6 11 15 14 12 
0 4
0 8
0 11
0 19
0 26
0 34
0 35
0 36
0 39
0 44
0 46
0 59
0 63
0 81
1 20
1 24
1 26
1 28
1 35
1 42
1 51
1 52
1 58
1 59
1 63
1 64
1 65
1 79
2 3
2 4
2 8
2 9
2 20
2 23
2 25
2 38
2 41
2 42
2 43
2 46
2 55
2 61
2 70
2 75
2 81
2 84
2 85
2 89
3 4
3 8
3 9
3 12
3 14
3 16
3 34
3 46
3 48
3 50
3 51
3 55
3 72
3 83
3 87
4 13
4 14
4 17
4 21
4 22
4 25
4 26
4 32
4 33
4 46
4 62
4 65
4 68
4 69
4 82
4 85
4 86
4 88
5 12
5 21
5 34
5 39
5 40
5 41
5 52
5 55
5 56
5 70
5 74
6 9
6 18
6 40
6 52
6 59
6 63
6 65
6 69
6 72
6 87
7 8
7 10
7 13
7 19
7 21
7 22
7 29
7 39
7 43
7 52
7 56
7 57
7 74
7 75
7 77
7 86
8 18
8 19
8 23
8 24
8 29
8 34
8 40
8 47
8 51
8 59
8 60
8 63
8 68
8 73
8 74
8 81
8 83
9 11
9 20
9 21
9 27
9 36
9 38
9 52
9 58
9 60
9 62
9 64
10 13
10 17
10 18
10 20
10 26
10 29
10 31
10 43
10 47
10 53
10 54
10 55
10 62
10 64
10 66
10 68
10 70
10 72
10 73
10 75
10 87
10 89
11 13
11 14
11 18
11 22
11 33
11 41
11 44
11 45
11 46
11 47
11 50
11 54
11 55
11 56
11 62
11 66
11 71
11 79
11 87
12 15
12 27
12 28
12 30
12 34
12 41
12 45
12 49
12 50
12 54
12 58
12 67
12 68
12 81
13 21
13 26
13 28
13 31
13 51
13 60
13 61
13 64
13 65
13 74
13 84
14 23
14 34
14 42
14 54
14 58
14 61
14 67
14 70
14 71
14 86
15 21
15 25
15 33
15 65
15 68
15 76
16 17
16 21
16 25
16 27
16 31
16 34
16 36
16 39
16 43
16 50
16 52
16 56
16 64
16 66
16 69
16 72
16 73
16 76
17 20
17 25
17 36
17 41
17 43
17 45
17 50
17 51
17 61
17 62
17 68
17 69
17 74
17 81
17 84
17 85
18 23
18 38
18 39
18 40
18 41
18 49
18 50
18 52
18 55
18 61
18 62
18 68
18 69
18 72
18 73
18 74
18 75
18 76
19 21
19 33
19 38
19 39
19 40
19 44
19 48
19 59
19 60
19 66
19 71
19 76
19 79
19 80
19 87
20 29
20 33
20 38
20 41
20 43
20 52
20 54
20 56
20 59
20 60
20 63
20 64
20 71
20 74
20 79
20 83
20 88
21 25
21 26
21 32
21 37
21 38
21 45
21 46
21 54
21 64
21 66
21 67
21 78
21 84
21 86
22 37
22 46
22 47
22 48
22 51
22 54
22 70
22 72
22 74
22 77
22 86
23 27
23 32
23 35
23 46
23 47
23 50
23 56
23 60
23 64
23 69
23 71
24 30
24 31
24 32
24 35
24 40
24 42
24 45
24 46
24 57
24 62
24 64
24 68
24 70
24 72
24 85
25 50
25 55
25 58
25 61
25 65
25 66
25 67
25 71
25 75
25 78
25 89
26 36
26 47
26 51
26 54
26 64
26 65
26 73
27 30
27 34
27 41
27 42
27 43
27 46
27 63
27 65
27 80
27 82
27 84
28 30
28 36
28 68
28 73
28 75
28 79
28 82
28 85
28 88
29 32
29 33
29 44
29 48
29 50
29 53
29 58
29 71
29 73
29 78
29 82
29 83
29 84
30 32
30 43
30 52
30 54
30 55
30 59
30 65
30 70
30 73
30 78
30 79
30 83
30 85
30 86
31 33
31 39
31 40
31 46
31 58
31 59
31 61
31 68
31 71
31 75
31 76
31 81
31 86
31 87
32 35
32 36
32 38
32 43
32 45
32 55
32 67
32 68
32 74
32 84
32 85
32 88
33 35
33 37
33 40
33 46
33 50
33 56
33 57
33 59
33 61
33 63
33 65
33 69
33 72
33 76
33 77
33 83
33 84
33 88
34 40
34 43
34 58
34 63
34 81
34 82
34 84
35 36
35 39
35 48
35 51
35 55
35 59
35 66
35 68
35 70
35 72
35 73
35 79
35 81
35 88
36 37
36 51
36 52
36 59
36 67
36 74
36 77
36 78
36 82
36 86
36 87
37 38
37 39
37 42
37 43
37 47
37 53
37 59
37 63
37 66
37 67
37 73
37 74
37 79
37 82
37 83
38 40
38 51
38 53
38 55
38 58
38 64
38 73
38 76
38 78
38 85
38 87
38 88
39 62
39 75
39 78
39 86
39 89
40 41
40 44
40 46
40 48
40 64
40 66
40 69
40 70
40 73
40 78
40 79
40 81
40 85
41 49
41 52
41 53
41 66
41 70
41 86
41 88
42 46
42 51
42 59
42 60
42 61
42 66
42 74
42 76
42 77
42 84
42 85
42 86
42 87
43 45
43 52
43 59
43 65
43 70
43 72
43 74
44 47
44 50
44 54
44 66
44 71
44 73
44 83
44 86
45 57
45 62
45 72
45 73
45 77
45 80
45 81
45 86
46 47
46 49
46 55
46 59
46 64
46 68
46 76
46 81
46 82
46 84
46 88
47 48
47 54
47 57
47 62
47 77
47 85
48 54
48 56
48 58
48 64
48 72
48 73
48 78
49 51
49 55
49 57
49 61
49 62
49 66
49 68
49 69
49 74
49 77
49 84
49 87
50 53
50 68
50 69
50 79
50 80
51 61
51 65
51 83
51 86
51 89
52 55
52 60
52 67
52 70
52 74
52 79
52 86
53 57
53 60
53 61
53 62
53 64
53 68
53 70
53 71
53 73
53 78
53 86
54 56
54 70
54 74
54 79
54 81
54 84
55 56
55 57
55 69
55 76
55 83
56 64
56 71
56 72
56 87
56 88
57 63
57 67
57 69
57 75
57 76
57 79
58 70
58 72
59 62
59 69
59 79
59 82
60 66
60 69
60 76
60 77
60 78
60 80
60 87
60 88
61 67
61 73
61 75
61 85
61 88
62 67
62 70
62 76
62 77
62 80
62 82
62 83
62 84
63 68
64 71
64 74
64 76
64 78
64 84
64 86
65 66
65 68
65 81
66 73
66 78
66 80
66 85
66 89
67 70
67 73
67 75
67 78
67 79
67 89
68 69
68 73
68 74
68 76
68 79
68 85
68 86
69 73
69 76
69 77
69 81
69 83
70 80
70 88
71 78
71 85
71 88
72 73
72 88
73 85
73 88
74 78
74 80
74 84
74 87
74 88
75 78
75 80
76 79
76 81
76 84
77 84
78 81
80 83
80 85
80 89
84 89
85 87
85 88
85 89
86 89
