30 88
6 4 6 1 7 1 0 3 3 6 6 2 1 2 2 2 0 0 5 3 0 0 2 3 1 5 6 4 7 4 
0 9
0 10
0 11
0 17
0 21
1 3
1 7
1 11
1 13
1 15
1 17
1 23
2 3
2 11
2 14
2 27
3 4
3 14
3 16
3 20
3 27
3 29
4 7
4 11
4 15
4 17
4 20
4 29
5 7
5 24
5 25
5 27
6 8
6 18
6 27
6 28
7 29
8 14
8 23
8 24
8 26
8 27
9 11
9 13
9 16
9 17
9 18
10 12
10 16
10 18
10 21
10 25
11 15
11 16
11 17
11 26
12 29
13 21
13 24
14 20
14 27
14 29
15 17
15 20
15 21
15 27
16 17
16 19
16 21
17 20
17 26
17 29
18 21
18 23
18 25
19 24
19 25
20 29
21 23
22 24
23 24
23 25
23 26
24 25
24 26
24 27
24 29
28 29
