50 93
0 7 1 0 1 3 1 3 6 7 7 6 3 0 6 5 3 6 1 0 1 2 6 6 5 2 7 3 2 4 4 5 0 1 4 5 0 4 0 3 4 0 6 6 6 7 1 0 6 2 
0 23
0 43
1 22
1 35
1 42
1 47
2 3
2 11
2 17
2 47
3 13
3 30
3 40
4 19
4 21
4 28
4 38
5 8
5 11
5 21
5 49
6 12
6 18
7 11
7 17
7 21
7 38
8 39
8 43
9 25
9 26
9 31
9 32
10 15
10 29
10 44
10 48
11 14
12 16
12 19
13 21
13 27
13 29
13 48
14 42
14 47
14 49
15 18
16 24
16 25
16 46
17 24
17 40
17 45
18 19
18 28
19 46
20 25
20 32
20 35
20 37
21 39
22 30
22 34
22 42
23 42
23 49
24 25
24 26
24 33
26 45
26 46
27 30
27 34
27 41
28 39
29 41
30 47
31 36
31 40
31 45
32 33
32 36
33 35
33 44
34 37
36 44
36 48
37 41
38 45
38 46
40 48
43 49
