35 216
4 1 6 3 6 5 7 7 3 1 4 4 0 7 0 5 2 3 5 4 2 4 2 4 4 1 2 7 6 3 1 1 1 3 2 
0 1
0 2
0 9
0 12
0 13
0 19
0 22
0 24
0 30
0 32
1 2
1 4
1 6
1 10
1 16
1 21
1 24
1 25
1 26
1 27
1 30
1 33
2 4
2 5
2 6
2 8
2 11
2 15
2 16
2 18
2 19
2 20
2 28
2 33
3 9
3 10
3 12
3 13
3 16
3 17
3 18
3 23
3 24
3 25
3 26
3 27
3 29
3 34
4 11
4 13
4 15
4 16
4 18
4 20
4 23
4 25
4 28
4 33
5 8
5 9
5 12
5 13
5 23
5 26
5 28
6 7
6 10
6 13
6 32
6 33
7 9
7 12
7 13
7 14
7 17
7 19
7 24
7 25
7 27
7 30
7 31
7 33
8 9
8 11
8 12
8 13
8 14
8 15
8 16
8 17
8 18
8 24
8 25
8 28
8 34
9 11
9 13
9 19
9 20
9 23
9 27
9 28
9 33
10 11
10 14
10 15
10 18
10 20
10 26
10 28
10 29
10 30
11 14
11 16
11 17
11 19
11 21
11 23
11 26
11 32
12 15
12 21
12 24
12 25
12 27
12 29
12 33
13 15
13 17
13 18
13 20
13 21
13 24
13 25
13 27
13 30
13 34
14 15
14 16
14 19
14 20
14 21
14 28
14 29
14 31
14 32
14 34
15 16
15 17
15 21
15 26
15 30
16 17
16 18
16 21
16 23
16 26
16 29
16 31
16 32
16 33
16 34
17 19
17 21
17 23
17 24
17 26
17 27
17 28
17 30
17 32
17 33
17 34
18 19
18 22
18 25
18 26
18 28
18 29
18 34
19 20
19 22
19 27
19 29
20 25
20 29
21 24
21 27
21 30
21 32
21 33
21 34
22 24
22 28
22 30
22 31
22 34
24 27
24 31
25 26
25 27
25 28
25 30
25 34
26 27
26 28
26 34
27 28
27 30
27 32
28 29
29 30
29 31
29 32
30 32
31 32
