70 205
14 2 8 12 4 14 9 6 0 14 0 1 5 6 11 7 2 10 6 11 10 4 2 5 7 13 4 2 4 6 1 10 14 7 10 0 6 1 6 1 7 3 4 8 2 5 1 14 3 7 8 6 15 11 12 14 7 15 11 0 12 7 6 13 9 0 5 1 15 10 
0 2
0 17
0 32
0 46
0 49
0 65
0 69
1 12
1 15
1 25
1 26
1 35
1 36
1 47
1 67
2 17
2 46
2 49
2 65
2 69
3 16
3 17
3 40
3 61
3 68
4 12
4 39
4 40
4 50
4 51
5 6
5 26
5 41
5 48
5 63
5 68
6 7
6 18
6 33
6 35
6 38
6 61
7 11
7 19
7 28
7 54
7 58
8 11
8 15
8 23
8 68
9 13
9 17
9 25
9 36
9 42
9 57
9 65
9 69
10 15
10 19
10 35
10 38
11 38
11 43
11 56
12 39
12 53
12 54
12 59
12 62
12 68
13 60
14 20
14 22
14 26
14 38
14 40
15 20
15 47
15 55
15 57
16 38
16 39
16 57
16 67
17 35
17 46
17 49
17 53
17 63
17 64
17 65
17 69
18 26
18 27
18 33
18 41
18 65
19 39
20 40
20 41
20 46
20 50
21 29
21 37
21 40
21 61
22 30
22 34
22 50
22 67
22 69
23 40
23 53
23 66
24 47
24 56
24 64
24 69
25 44
26 54
27 40
28 39
28 61
28 63
29 34
29 53
30 64
31 41
31 45
31 63
32 40
32 47
32 51
33 43
33 51
33 61
33 63
33 65
34 37
34 54
34 60
34 67
35 39
35 50
35 60
35 68
37 46
38 53
39 47
39 57
39 69
40 46
40 47
40 66
40 68
40 69
41 42
41 45
42 45
42 47
42 57
42 61
42 62
43 47
43 54
43 59
43 62
43 64
43 69
44 50
44 67
45 56
46 49
46 55
46 65
46 69
47 50
47 55
47 57
47 58
48 56
48 65
48 69
49 58
49 60
49 61
49 65
49 69
51 52
52 54
52 64
52 65
52 66
53 57
53 69
54 67
55 60
56 59
56 63
58 61
64 67
65 69
66 68
