60 178
8 9 1 13 9 4 6 14 13 2 15 1 10 5 7 10 7 14 10 8 13 10 3 1 15 6 10 1 6 1 8 1 7 5 15 6 3 5 2 7 6 13 8 0 6 2 7 6 12 1 11 15 14 4 14 7 11 11 2 0 
0 9
0 15
0 17
0 26
0 29
0 37
1 18
1 26
1 31
1 43
1 53
1 56
2 7
2 16
2 28
2 30
2 55
3 12
3 20
3 36
3 45
3 47
3 49
4 7
4 8
4 13
4 14
4 17
4 35
4 46
5 7
5 13
5 24
5 30
5 41
5 42
5 58
6 9
6 18
6 48
6 54
7 8
7 13
7 14
7 17
7 32
7 39
8 10
8 17
8 42
8 58
9 12
9 15
9 21
9 23
10 41
10 42
10 51
11 15
11 24
11 32
11 35
11 38
12 14
12 16
12 19
12 49
12 50
12 54
13 14
13 17
13 31
13 35
13 39
13 46
14 17
14 28
14 37
14 42
14 46
14 49
14 52
15 24
15 29
15 38
16 21
16 54
16 55
17 31
17 41
18 23
18 43
18 53
18 56
19 36
19 45
19 49
19 55
20 34
20 36
20 40
20 47
20 50
21 28
21 30
21 51
21 54
22 25
22 33
22 41
22 48
22 57
22 59
23 25
23 43
23 48
23 56
23 57
24 29
24 32
24 38
25 33
25 43
25 44
25 48
25 57
26 29
26 37
26 53
27 38
28 30
28 46
28 54
29 31
29 37
29 44
30 49
30 51
30 58
31 37
32 38
32 42
33 40
33 46
33 48
33 59
34 40
34 47
34 59
35 38
35 46
36 40
36 45
36 47
37 53
38 44
39 41
39 42
39 46
40 47
40 59
41 45
42 45
42 46
43 56
43 57
45 47
45 49
46 51
47 59
48 57
48 59
50 53
50 55
53 56
53 58
54 55
56 57
