90 208
12 2 15 8 15 5 12 1 11 14 13 10 7 7 2 2 4 10 9 5 0 2 3 3 3 7 4 0 11 15 3 1 6 2 8 12 2 3 1 7 0 4 0 5 3 13 8 3 6 1 6 0 15 4 5 7 15 6 0 6 0 13 8 14 0 4 10 10 7 3 12 2 3 9 6 1 7 15 9 7 10 7 7 5 5 5 11 7 0 6 
0 18
0 28
0 54
0 56
0 75
1 20
1 61
2 6
2 12
2 30
2 36
2 41
2 70
2 79
2 86
3 5
3 14
3 36
3 87
4 11
4 62
5 33
5 40
5 55
5 74
6 26
6 55
6 63
6 84
7 26
7 53
7 68
7 71
8 11
8 53
8 63
8 66
9 19
9 25
9 30
9 32
9 64
9 74
10 18
10 20
10 38
10 54
10 69
10 84
11 14
11 16
11 32
11 39
11 73
12 19
12 27
12 43
12 50
12 68
12 71
13 53
13 60
13 72
13 77
14 46
14 84
14 88
15 22
15 37
15 69
15 72
15 74
17 24
17 33
17 34
17 41
17 53
18 43
18 50
18 56
18 57
19 38
19 70
19 71
20 27
20 29
20 43
20 49
20 72
21 82
21 84
21 86
22 35
22 50
22 69
23 29
23 42
23 74
24 45
24 50
24 65
25 43
25 72
25 83
26 38
26 42
26 73
27 29
27 42
27 46
27 60
27 69
27 77
28 43
28 62
28 72
28 82
29 37
29 68
29 87
30 57
31 53
32 43
32 49
32 71
32 80
32 82
33 37
33 46
34 53
35 62
35 71
35 77
35 86
36 51
37 73
38 44
39 50
39 63
40 65
40 66
40 83
41 43
41 57
41 62
41 76
41 80
42 49
42 70
42 72
42 74
42 85
42 86
43 66
43 68
44 49
44 72
44 78
44 82
45 83
46 85
47 68
47 86
48 60
48 77
49 51
49 60
50 69
50 70
51 72
52 56
52 74
52 85
53 58
53 66
54 72
54 77
55 57
55 63
56 86
57 70
57 75
57 89
58 67
58 75
58 83
59 63
59 80
60 71
61 74
61 85
62 75
62 81
62 88
63 73
65 74
67 75
71 79
72 81
73 87
74 81
75 76
76 78
76 85
77 84
79 80
80 88
82 88
