80 200
11 9 12 3 1 6 7 9 0 4 13 6 6 2 6 7 9 10 0 6 4 6 5 13 3 0 0 15 5 7 13 9 4 3 11 15 0 5 11 15 3 1 11 5 14 9 10 12 13 12 4 12 6 0 14 2 4 8 5 3 2 13 11 8 13 2 14 9 14 5 2 12 15 4 3 0 1 7 4 9 
0 11
0 35
0 61
0 63
1 3
1 45
1 50
1 72
1 74
2 21
2 30
2 52
2 57
2 71
3 6
4 24
5 19
5 30
5 35
5 52
5 56
5 61
5 68
5 73
6 32
6 56
6 59
6 64
7 14
7 18
7 26
7 33
7 46
7 47
8 12
8 25
8 71
9 15
9 30
9 46
9 55
9 71
9 73
10 19
10 30
10 37
10 46
10 47
10 53
10 70
11 25
11 46
11 59
11 67
11 78
12 13
12 22
12 42
13 15
13 24
13 55
14 31
14 32
14 38
14 50
15 22
15 40
15 44
15 51
16 23
16 27
16 31
16 32
16 66
17 29
17 63
18 31
18 60
18 66
19 32
19 45
19 50
19 54
20 28
20 53
20 69
20 70
20 76
21 34
21 42
21 48
21 78
22 57
22 71
23 37
23 43
23 55
23 56
23 73
24 43
24 51
24 60
24 66
25 35
25 52
25 59
25 62
26 36
26 37
26 51
26 60
27 29
27 56
27 67
27 75
28 32
28 55
28 56
28 68
28 79
29 32
29 38
29 49
29 54
29 62
29 67
30 34
30 39
30 44
30 65
31 75
32 46
32 64
32 73
33 47
33 56
34 61
34 70
34 76
35 49
35 54
35 63
36 47
36 53
36 69
37 41
37 42
37 58
38 65
38 75
40 48
40 62
40 67
41 52
41 59
41 71
41 73
41 79
42 51
42 55
42 71
43 51
44 53
44 57
44 76
45 56
45 61
45 63
45 70
46 51
46 66
47 50
47 72
48 57
48 76
49 56
49 59
49 63
49 73
50 65
51 53
52 78
54 56
54 63
54 65
54 79
55 66
55 77
56 58
58 59
59 77
60 77
61 78
63 74
64 75
65 74
67 68
69 72
70 72
77 79
