60 179
5 14 6 5 14 3 12 1 13 9 5 12 4 13 3 6 8 4 10 2 12 15 0 15 6 6 12 5 0 0 3 11 1 14 2 14 15 3 3 0 15 9 14 4 7 6 9 8 8 2 3 10 13 3 6 10 9 8 7 6 
0 3
0 28
0 40
0 50
0 52
0 54
1 11
1 32
1 42
1 43
2 15
2 21
2 27
2 28
2 30
2 39
2 41
2 43
2 44
2 50
2 51
2 55
2 58
3 5
3 6
3 13
4 6
4 30
4 53
5 15
5 27
5 35
5 36
5 38
5 43
5 48
6 15
6 17
6 33
6 36
6 46
7 10
7 17
7 35
7 36
7 43
7 48
7 50
7 58
7 59
8 9
8 13
8 14
8 28
8 37
8 49
8 56
8 57
9 18
9 30
9 32
9 38
9 42
9 52
10 19
10 26
10 31
10 40
10 49
10 55
10 59
11 25
11 37
11 43
11 52
12 39
12 40
12 46
12 49
13 30
13 33
13 50
13 52
14 46
14 47
14 52
15 25
15 28
16 38
17 31
17 36
17 40
17 59
18 24
18 32
18 38
18 58
19 27
19 29
19 30
19 33
20 23
20 26
20 28
20 32
20 47
21 31
21 39
22 28
22 36
22 39
22 43
22 45
22 48
22 58
23 25
23 43
23 54
24 35
25 34
25 35
27 29
28 47
28 49
28 55
29 40
29 50
30 32
30 39
30 52
31 33
31 40
31 48
31 49
31 51
33 50
33 54
34 40
35 41
35 42
36 41
36 45
36 47
36 48
36 56
36 58
36 59
37 46
37 52
37 54
38 59
39 48
40 51
41 51
41 55
42 44
42 52
43 44
43 45
43 48
43 50
43 55
43 58
44 49
44 51
44 55
45 49
45 55
45 58
45 59
46 54
48 57
48 59
49 51
49 54
49 58
50 54
54 56
54 59
