80 211
3 15 5 15 12 0 0 7 14 15 0 4 0 1 2 5 15 1 2 7 14 14 10 4 12 8 0 6 0 4 12 12 1 13 9 10 13 2 10 5 14 15 10 1 11 2 4 14 1 4 8 10 4 8 11 1 8 3 2 2 12 2 14 9 7 15 5 13 4 4 9 9 15 9 5 15 11 8 7 1 
0 4
0 11
0 21
0 22
0 43
0 74
1 30
1 31
1 32
1 34
1 37
1 47
1 65
2 24
2 27
2 30
2 45
2 47
3 8
3 34
3 57
3 69
4 22
4 24
4 43
4 48
4 55
4 64
4 70
4 74
5 26
5 30
5 32
5 40
5 46
5 59
6 25
7 30
7 34
7 56
7 62
7 63
7 74
8 33
8 41
8 48
8 67
9 11
9 17
9 78
10 36
10 51
10 52
10 53
10 58
11 68
11 79
12 17
12 28
12 29
12 49
12 74
13 19
13 21
13 36
13 52
13 54
13 71
13 76
14 24
14 40
15 31
15 41
15 48
15 74
16 18
16 20
16 57
16 61
16 69
17 48
17 54
17 67
18 26
18 31
18 47
18 74
19 58
20 34
20 41
20 45
20 49
20 60
20 61
20 66
20 78
21 22
21 54
21 55
21 63
21 70
21 72
22 43
22 49
22 56
23 46
23 77
24 32
24 39
24 44
24 52
25 58
25 61
26 27
26 40
26 51
27 29
27 31
27 42
27 55
27 59
28 34
28 36
28 51
28 69
29 33
29 38
29 49
29 68
29 71
29 77
30 63
30 77
31 47
31 69
32 47
32 49
32 65
32 76
33 45
33 47
33 53
33 65
34 49
34 61
35 55
35 61
35 76
35 77
36 37
36 65
37 75
38 49
38 50
38 61
38 76
39 78
39 79
40 47
40 50
40 66
40 69
41 45
41 67
41 79
42 64
42 66
42 71
43 46
43 53
43 60
43 67
44 48
44 60
44 73
44 75
45 77
46 75
47 79
48 55
48 59
49 62
49 63
49 69
49 75
50 54
50 77
51 55
51 57
53 59
53 79
54 61
54 77
55 74
56 73
56 74
57 58
57 61
58 68
58 79
59 62
59 65
59 78
62 63
63 71
64 74
66 74
70 73
71 72
72 78
73 74
