100 447
6 1 15 17 22 21 23 22 18 17 7 30 8 1 14 26 19 27 22 0 10 16 17 3 8 15 27 24 29 14 1 13 27 25 30 28 31 3 31 14 31 20 13 7 7 23 30 16 1 18 15 14 14 1 25 13 28 27 14 18 9 23 15 15 7 1 29 31 11 5 3 7 2 6 19 23 28 15 24 26 25 11 21 18 7 24 30 27 13 5 18 31 7 20 20 13 3 28 23 10 
0 15
0 36
0 42
0 62
0 66
0 67
0 72
1 36
1 42
1 51
1 60
1 62
1 81
1 96
2 20
2 21
2 26
2 28
2 56
2 64
2 72
2 95
2 96
2 99
3 15
3 17
3 23
3 32
3 72
3 92
3 99
4 9
4 15
4 20
4 35
4 76
4 82
4 99
5 7
5 11
5 25
5 32
5 55
5 57
5 62
5 76
5 78
5 79
5 80
5 88
6 18
6 22
6 58
6 62
6 67
6 68
6 78
6 83
6 85
6 98
7 11
7 25
7 30
7 38
7 70
7 76
7 79
7 88
7 93
8 17
8 30
8 37
8 38
8 51
8 54
8 56
8 69
8 71
8 81
8 82
8 94
8 99
9 49
9 50
9 55
9 64
10 49
10 60
10 75
11 30
11 37
11 38
11 42
11 71
11 76
11 79
12 39
12 54
12 83
13 25
13 33
13 34
13 51
13 55
13 57
13 61
13 67
13 73
13 76
13 81
13 82
14 18
14 55
14 65
14 75
14 89
15 17
15 28
15 51
15 61
15 86
16 18
16 31
16 42
16 53
16 67
16 68
16 78
16 79
16 93
16 97
17 20
17 37
17 38
17 69
17 71
17 82
17 92
17 99
18 19
18 35
18 39
18 58
18 65
18 67
18 68
18 78
18 80
18 83
18 85
19 29
19 33
19 34
19 59
19 70
19 80
19 94
20 26
20 44
20 47
20 51
20 52
20 56
20 64
20 95
20 96
21 27
21 29
21 40
21 41
21 50
21 54
21 59
21 72
21 90
21 95
21 96
22 28
22 41
22 46
22 66
22 73
23 34
23 66
23 81
23 92
23 99
24 54
24 71
25 29
25 40
25 55
25 62
25 67
25 79
25 80
25 88
25 94
26 37
26 42
26 44
26 52
26 56
26 61
26 64
26 94
26 97
27 34
27 48
27 57
27 72
27 75
27 81
28 60
28 65
28 75
29 40
29 46
29 58
29 59
29 62
29 80
29 88
29 90
30 35
30 37
30 38
30 71
30 76
30 79
30 94
30 97
31 42
31 44
31 52
31 68
31 76
31 78
31 89
31 93
31 97
32 59
32 86
33 36
33 37
33 90
34 35
34 39
34 47
34 49
34 60
34 66
34 69
34 78
34 88
34 95
35 36
35 37
35 41
35 70
35 75
36 60
36 61
37 38
37 69
37 71
37 99
38 43
38 52
38 65
38 71
38 74
38 76
39 45
39 53
39 76
39 77
39 78
39 94
40 45
40 53
40 59
40 62
40 72
40 80
40 83
40 90
41 45
41 58
41 65
41 70
41 82
41 83
41 84
41 85
41 89
41 92
41 98
41 99
42 44
42 52
42 70
42 78
42 93
42 97
43 94
44 52
44 56
44 64
44 71
44 97
45 61
45 62
45 68
45 72
45 79
46 61
46 63
46 97
47 74
48 53
48 83
48 87
48 97
49 50
49 61
49 77
49 90
49 91
49 94
49 99
50 53
50 70
51 61
51 90
51 94
52 56
52 61
52 93
52 97
53 62
54 86
55 71
55 88
56 63
56 64
56 95
56 97
57 58
57 62
57 85
57 86
58 67
58 68
58 83
58 85
58 98
59 60
59 61
59 62
59 72
59 90
59 95
59 96
59 98
60 83
60 86
60 89
60 97
61 73
61 90
62 75
62 80
62 88
62 90
63 68
63 71
63 80
64 69
64 72
64 95
64 96
65 74
65 76
65 89
66 81
67 68
67 78
67 83
67 93
68 70
68 78
68 88
68 93
69 71
69 81
69 82
69 84
69 91
69 92
69 99
71 76
72 84
72 86
72 90
72 95
72 96
73 84
74 86
74 94
74 99
76 79
76 88
77 78
77 83
78 93
79 80
79 88
80 87
80 88
80 90
81 86
81 99
82 84
82 92
82 95
82 98
82 99
83 84
83 85
83 98
84 85
84 92
84 98
84 99
85 90
85 92
85 98
87 93
89 94
90 96
91 95
92 96
92 98
92 99
93 97
95 96
