90 398
6 2 15 14 7 10 13 5 3 5 12 9 0 2 0 4 6 15 6 14 6 12 5 5 12 14 10 5 11 11 15 11 13 8 3 2 11 7 13 6 8 3 14 13 1 7 15 4 6 7 10 13 7 1 10 7 5 15 5 13 12 2 7 4 7 9 9 2 8 4 7 7 12 11 15 12 13 7 2 0 10 2 2 0 6 9 9 6 13 11 
0 9
0 14
0 16
0 47
0 80
1 14
1 31
1 35
1 41
1 53
1 63
1 65
1 72
2 4
2 12
2 13
2 16
2 27
2 41
2 43
2 45
2 46
2 51
2 53
2 57
2 76
3 5
3 6
3 17
3 19
3 23
3 24
3 33
3 40
3 64
3 86
3 89
4 12
4 18
4 26
4 32
4 33
4 34
4 38
4 46
4 55
4 61
4 62
4 68
4 74
4 76
4 79
5 6
5 7
5 18
5 19
5 23
5 29
5 35
5 44
5 61
5 64
5 68
5 72
5 89
6 8
6 12
6 18
6 19
6 54
6 76
6 77
6 85
6 89
7 8
7 13
7 17
7 25
7 27
7 49
7 56
7 77
7 78
7 82
7 84
8 15
8 42
8 60
8 71
9 20
9 41
9 65
9 81
10 21
10 28
10 43
10 44
10 53
10 69
10 75
10 80
10 85
11 13
11 17
11 20
11 27
11 33
11 43
11 49
11 68
11 76
11 80
12 52
12 65
13 26
13 27
13 76
13 79
13 80
13 84
13 89
14 22
14 29
14 35
14 37
14 68
14 73
14 85
15 41
15 43
15 45
15 51
15 61
15 62
15 81
16 17
16 23
16 24
16 32
16 40
16 79
17 23
17 24
17 32
17 34
17 40
17 43
17 45
17 86
18 22
18 54
18 56
18 65
18 77
18 88
19 21
19 54
19 56
19 77
20 70
20 72
21 28
21 29
21 34
21 44
21 57
21 74
22 25
22 34
22 44
22 46
22 47
22 56
22 57
22 74
22 85
23 24
23 41
23 49
23 67
23 69
23 75
23 80
23 89
24 40
24 44
24 52
24 53
24 81
25 32
25 34
25 41
25 46
25 55
25 74
25 79
26 27
26 39
26 48
26 49
26 55
26 56
26 63
26 67
26 88
27 33
27 41
27 49
27 67
27 76
27 88
28 43
28 44
28 53
28 57
28 69
28 85
28 89
29 41
30 36
30 39
30 46
30 50
30 65
30 82
30 84
31 47
31 56
31 73
31 83
32 33
32 35
32 40
32 49
32 51
32 55
32 68
32 79
32 85
32 86
32 89
33 34
33 43
33 46
33 49
33 55
33 65
33 68
33 79
33 81
33 82
34 42
34 58
34 74
34 77
34 85
35 48
35 62
35 75
35 79
36 39
36 54
37 66
37 89
38 70
38 82
38 84
38 87
38 89
39 50
39 52
39 57
39 61
39 62
39 67
39 71
40 45
40 58
40 59
40 68
40 75
40 80
41 63
41 70
41 86
42 45
42 54
42 60
42 75
42 76
42 84
43 47
43 53
43 69
43 76
43 87
44 53
44 69
44 85
46 55
46 61
46 67
46 74
47 51
47 52
47 57
47 80
47 82
48 50
48 52
48 58
48 65
48 70
49 55
49 67
49 76
50 76
50 80
50 89
51 63
51 82
52 66
52 72
53 64
53 66
53 69
53 80
54 56
54 57
54 67
54 73
54 77
54 86
54 89
55 60
55 74
55 79
56 67
56 73
56 74
56 77
57 68
57 73
57 85
58 77
59 60
59 63
59 64
59 66
59 75
59 80
60 67
60 68
60 76
60 78
60 81
60 84
62 64
62 79
64 68
64 70
64 78
65 87
66 72
66 78
66 82
66 83
67 68
67 71
67 73
67 77
67 83
68 79
68 87
69 80
69 84
69 85
69 87
72 88
73 84
74 84
74 87
74 89
75 76
75 84
75 87
75 88
77 80
77 87
78 80
78 82
78 85
78 87
79 82
79 84
80 83
84 86
86 87
