90 135
8 1 10 8 9 15 13 0 3 0 13 3 9 1 9 10 6 3 11 7 14 3 9 0 2 0 13 13 15 13 8 3 11 2 0 6 6 6 2 8 12 5 9 2 4 5 5 12 12 9 2 13 8 5 2 3 5 4 6 7 11 6 10 13 9 3 2 2 4 0 11 14 10 0 4 5 4 6 12 1 12 1 12 0 14 3 13 7 7 9 
0 7
0 8
0 12
0 34
0 89
1 31
1 39
1 46
1 85
2 10
2 64
3 57
4 16
4 47
4 78
5 7
5 17
5 42
5 45
6 75
6 84
7 37
7 63
7 79
8 51
8 83
9 18
9 26
9 45
9 50
9 79
10 26
10 28
11 69
11 78
12 15
12 41
13 23
13 43
13 64
13 69
14 47
14 54
15 47
15 60
15 74
15 83
15 88
16 49
16 59
16 80
17 63
18 49
19 42
19 54
19 56
20 62
20 65
20 66
20 76
21 45
21 70
22 62
22 66
22 70
22 82
23 27
23 40
24 59
24 66
24 75
24 79
25 50
25 57
26 44
26 82
27 59
28 50
28 81
28 84
29 51
30 46
30 57
30 65
32 37
32 60
32 67
32 81
33 52
34 51
34 79
35 48
35 52
35 68
35 69
36 51
37 50
37 61
37 82
38 46
38 55
39 46
40 59
43 75
45 82
46 68
46 76
47 80
48 57
48 73
50 53
52 71
52 74
53 61
53 87
56 63
56 66
56 79
57 69
58 62
59 67
59 68
59 73
60 71
61 89
64 75
65 79
67 71
71 88
72 74
73 77
75 87
76 80
80 88
82 86
