50 221
4 5 5 0 3 6 5 6 3 6 6 4 3 4 0 0 4 6 7 3 6 1 3 3 2 6 3 0 5 3 6 6 3 4 4 6 2 4 6 7 7 4 1 0 1 3 5 7 5 1 
0 3
0 9
0 10
0 13
0 15
0 16
0 20
0 33
0 34
0 36
1 2
1 4
1 6
1 7
1 17
1 18
1 20
1 25
1 32
1 33
1 34
1 36
1 49
2 4
2 5
2 7
2 13
2 15
2 26
2 32
2 33
2 34
2 39
2 44
3 9
3 12
3 15
3 16
3 17
3 22
3 29
3 33
3 39
3 40
3 42
4 7
4 9
4 14
4 26
4 27
4 32
4 39
4 44
4 45
4 48
5 7
5 13
5 35
5 40
6 12
6 13
6 35
6 47
7 11
7 20
7 26
7 29
7 32
7 33
7 44
8 11
8 25
8 34
8 43
8 49
9 10
9 12
9 17
9 18
9 23
9 26
9 28
9 39
9 40
9 44
10 27
10 29
10 31
11 15
11 29
11 43
12 17
12 22
12 23
12 25
12 26
12 35
12 39
12 40
12 41
12 43
12 44
13 19
13 22
13 30
14 15
14 19
14 23
14 24
14 26
14 43
14 46
14 48
15 17
15 22
15 24
15 29
15 37
15 38
15 41
15 46
15 48
16 27
16 39
16 45
17 22
17 29
17 40
17 48
18 20
18 25
18 28
18 33
18 37
18 38
18 46
18 47
18 48
18 49
19 20
19 22
19 24
19 28
19 34
19 36
20 25
20 32
20 33
20 36
20 37
20 38
20 40
20 45
21 32
21 42
21 45
21 47
22 29
22 32
22 40
22 41
22 46
22 48
23 24
23 25
23 32
23 34
23 42
24 32
24 46
25 32
25 33
25 37
25 38
25 46
26 28
26 31
26 32
26 39
26 44
26 46
27 30
27 33
27 42
28 37
28 49
29 37
29 40
29 46
29 48
30 45
31 37
32 33
33 38
33 42
34 39
34 48
34 49
35 39
35 42
36 39
36 43
37 38
37 43
37 44
37 46
37 48
37 49
38 39
38 46
38 48
39 40
39 43
39 44
39 45
40 44
40 45
43 45
45 49
46 48
46 49
