70 304
8 1 12 13 12 5 13 11 12 9 1 4 0 3 12 4 11 13 15 7 8 9 4 15 2 13 5 15 12 13 6 8 0 14 8 11 3 5 13 5 11 15 2 15 7 11 14 9 3 15 12 15 9 11 4 5 1 9 14 15 12 11 9 6 5 8 14 15 0 11 
0 10
0 15
0 26
0 31
0 33
0 36
0 45
0 47
0 54
0 59
0 69
1 2
1 19
1 21
1 23
1 25
1 29
1 30
1 36
1 44
1 48
1 49
1 65
2 8
2 17
2 19
2 21
2 29
2 46
2 49
2 51
2 52
2 63
2 65
3 15
3 16
3 26
3 28
3 42
3 48
3 51
3 52
3 65
4 13
4 19
4 25
4 33
4 41
4 52
4 55
4 60
4 66
5 15
5 67
6 9
6 20
6 21
6 23
6 27
6 28
6 32
6 40
6 41
6 49
6 69
7 12
7 20
7 30
7 31
7 38
7 42
7 50
8 9
8 14
8 20
8 23
8 28
8 32
8 33
8 47
8 62
9 23
9 27
9 28
9 29
9 34
9 37
9 41
9 44
9 67
9 69
10 11
10 15
10 24
10 38
10 51
10 54
10 56
10 59
10 60
11 13
11 24
11 36
11 56
11 57
11 58
11 62
11 66
12 30
12 40
12 46
12 54
12 56
12 58
12 59
12 61
12 62
13 14
13 18
13 25
13 55
13 60
13 66
13 67
14 15
14 16
14 18
14 20
14 27
14 33
14 36
14 39
14 47
14 54
14 62
14 68
15 24
15 30
15 33
15 40
15 54
15 56
15 58
15 59
16 44
16 45
16 53
17 42
17 52
17 57
18 28
18 46
18 55
18 56
18 60
18 66
18 69
19 21
19 28
19 39
19 49
19 55
19 63
19 65
20 23
20 28
20 29
20 32
20 34
20 36
20 44
20 49
21 24
21 27
21 37
21 49
21 55
21 61
22 60
23 28
23 32
23 38
23 41
23 47
23 58
24 33
24 54
24 56
24 59
24 60
24 64
25 34
25 55
25 60
25 66
26 49
26 68
27 35
27 36
27 41
27 43
27 61
27 62
27 67
27 69
28 36
28 47
28 55
29 30
29 32
29 42
29 50
29 63
29 65
30 31
30 35
30 38
30 42
30 50
30 52
31 38
31 42
31 47
31 50
31 63
31 65
32 36
32 37
32 49
33 36
33 45
33 47
33 48
33 50
33 54
33 59
34 36
34 37
34 64
35 38
35 43
35 53
35 56
35 58
35 62
35 67
36 44
36 47
36 68
37 38
37 46
37 68
38 39
38 42
38 43
38 62
39 45
39 55
39 69
40 46
40 60
41 43
41 51
41 59
41 61
41 67
41 69
42 54
42 63
43 52
43 60
43 61
43 67
44 54
44 56
44 57
45 46
47 65
48 66
49 63
49 65
50 63
50 65
51 57
51 58
52 54
53 69
54 57
54 59
55 66
56 59
56 60
59 64
60 62
60 66
60 69
61 62
61 67
61 69
62 67
63 65
64 69
67 68
67 69
