90 386
0 11 13 3 9 0 14 8 9 2 5 9 9 6 13 9 8 13 10 7 11 5 9 9 0 10 12 6 10 11 1 14 4 12 14 0 12 11 9 13 3 10 5 11 6 7 1 4 6 2 9 6 11 8 9 6 7 1 14 10 5 13 7 1 12 6 14 8 11 9 10 0 8 13 14 11 15 12 14 7 1 6 4 1 5 11 7 2 4 4 
0 51
0 59
0 61
0 73
0 74
0 76
0 77
0 80
0 83
0 84
0 88
1 5
1 14
1 25
1 30
1 37
1 38
1 56
1 75
1 84
1 86
1 89
2 16
2 25
2 27
2 30
2 32
2 35
2 51
2 55
2 89
3 13
3 15
3 20
3 49
3 57
3 81
4 11
4 28
4 55
4 69
5 9
5 14
5 45
5 54
5 71
5 78
6 9
6 10
6 13
6 14
6 38
6 46
6 68
6 84
6 86
6 89
7 16
7 36
7 56
7 57
7 71
8 21
8 52
8 89
9 15
9 18
9 24
9 33
9 43
9 57
9 61
9 72
9 75
9 81
9 87
10 24
10 28
10 29
10 52
10 63
10 67
10 85
11 19
11 46
11 58
11 63
11 74
11 78
12 22
12 27
12 37
12 38
12 54
12 77
12 80
12 84
13 18
13 21
13 47
13 55
13 63
13 81
14 23
14 32
14 39
14 40
14 43
14 66
14 74
14 84
14 89
15 18
15 33
15 54
15 80
16 32
16 39
16 43
16 70
16 72
16 85
17 38
17 49
17 50
17 65
17 71
17 75
17 82
17 83
18 42
18 45
18 62
18 63
18 79
19 20
19 38
19 41
19 59
19 62
19 65
20 35
20 49
20 55
20 58
20 62
20 73
20 76
20 82
21 23
21 31
21 39
21 47
21 48
21 58
21 60
21 65
21 77
21 86
22 28
22 29
22 32
22 58
22 67
22 80
23 26
23 31
23 35
23 36
23 38
23 41
23 50
23 58
24 33
24 34
24 43
24 44
24 49
24 56
24 70
24 83
25 28
25 32
25 33
25 35
25 51
25 68
25 86
26 41
26 65
26 66
26 68
27 35
27 48
27 55
27 60
27 65
27 69
27 71
27 74
27 81
28 35
28 55
28 59
28 86
29 34
29 46
29 71
29 72
29 79
30 33
30 37
30 41
30 65
30 67
30 70
31 38
31 49
31 51
31 71
31 75
32 42
32 52
32 65
32 66
32 75
32 76
32 82
32 89
33 51
33 57
33 58
33 65
33 73
34 36
34 49
34 53
34 76
35 40
35 47
35 51
35 85
36 51
36 58
36 76
36 77
36 84
37 46
37 72
38 52
38 69
39 50
39 52
39 57
39 74
39 77
39 79
40 41
40 43
40 50
40 58
40 61
40 66
40 69
40 80
40 82
40 85
40 89
41 44
41 58
41 61
41 66
41 82
42 43
42 47
42 63
42 71
42 74
42 84
43 59
43 72
43 73
43 74
44 47
44 48
44 60
44 63
45 46
45 83
45 87
46 62
46 67
47 51
47 52
47 55
47 64
47 65
47 71
47 74
48 63
48 69
49 53
49 54
49 55
49 70
49 77
49 80
49 87
50 60
50 66
50 72
50 79
50 87
50 89
51 57
51 67
51 68
51 74
51 88
52 62
52 67
52 72
52 89
53 54
53 72
53 79
53 85
53 88
54 63
54 73
55 68
55 82
55 88
56 71
56 81
56 88
57 63
57 73
58 61
58 81
58 85
59 75
59 81
60 71
60 73
60 76
61 63
61 68
61 71
61 79
62 78
62 87
63 79
63 86
64 82
65 77
66 85
67 88
68 70
68 78
68 85
69 72
70 74
71 73
71 79
71 84
71 85
72 77
73 81
73 88
74 87
75 84
75 86
75 88
76 82
77 83
78 86
78 88
79 86
80 87
80 89
81 82
81 83
81 88
83 85
86 89
