60 270
1 7 2 5 1 14 7 3 8 3 13 4 10 3 11 6 4 12 9 4 3 1 8 0 4 2 12 9 1 0 8 5 3 8 6 11 5 9 3 3 11 6 7 3 6 15 0 13 4 8 4 10 7 11 2 0 9 9 11 2 
0 4
0 13
0 16
0 21
0 25
0 40
0 45
0 50
0 58
1 9
1 11
1 14
1 15
1 17
1 20
1 23
1 26
1 28
1 57
2 6
2 7
2 18
2 22
2 34
2 37
2 38
2 39
2 48
2 51
2 59
3 16
3 20
3 21
3 35
4 9
4 16
4 28
4 40
4 50
4 55
4 56
4 58
5 9
5 14
5 19
5 36
5 44
5 46
5 47
5 53
5 56
6 18
6 22
6 24
6 27
6 37
6 38
6 48
6 54
7 12
7 27
7 29
7 30
7 32
7 35
7 41
7 42
7 45
8 14
8 29
8 30
8 33
8 43
8 46
8 47
8 52
8 57
9 15
9 16
9 20
9 28
9 50
9 55
10 13
10 19
10 22
10 24
10 37
10 49
10 54
10 56
10 58
11 15
11 18
11 23
11 26
11 33
11 34
11 39
11 57
12 27
12 29
12 30
12 35
12 38
12 41
12 42
12 52
13 19
13 22
13 24
13 49
13 53
13 54
13 56
14 33
14 36
14 43
14 46
14 47
14 52
15 20
15 26
15 28
15 46
15 55
15 57
16 20
16 28
16 40
16 50
16 53
16 55
17 31
17 47
17 51
17 54
18 23
18 34
18 38
18 39
18 41
18 48
19 44
19 49
19 50
19 53
19 54
19 56
20 26
20 28
20 47
20 55
20 57
21 25
21 27
21 35
21 40
21 45
21 50
21 54
21 58
22 24
22 37
22 45
22 48
22 54
23 26
23 34
23 38
23 39
23 52
23 57
24 25
24 37
24 48
24 49
24 51
24 54
25 27
25 32
25 35
25 40
25 42
25 45
25 58
26 28
26 32
26 39
26 43
26 51
26 57
27 35
27 41
27 42
27 45
28 36
28 55
29 30
29 33
29 34
29 41
29 42
29 52
30 33
30 39
30 41
30 43
30 52
31 43
31 46
31 59
32 39
32 54
32 56
33 41
33 43
33 46
33 52
34 38
34 39
34 48
34 57
35 37
35 42
35 45
35 58
36 43
36 44
36 46
36 47
36 53
36 56
37 38
37 48
37 51
37 54
38 39
38 48
39 57
40 49
40 50
40 55
40 58
41 42
41 51
41 52
42 45
42 48
43 46
43 47
43 52
44 46
44 47
44 49
44 53
44 55
44 56
45 58
46 47
47 53
48 59
49 53
49 54
49 56
50 55
50 58
50 59
53 56
56 59
