70 462
8 13 11 14 5 15 12 5 13 5 7 1 5 10 9 9 5 15 10 9 1 2 8 7 8 13 4 12 12 1 1 0 2 14 10 8 7 10 4 4 7 14 1 6 12 5 0 0 0 3 8 15 10 5 14 6 5 6 7 1 11 15 3 13 12 5 3 10 0 2 
0 3
0 5
0 9
0 12
0 16
0 18
0 22
0 28
0 33
0 40
0 43
0 44
0 50
0 66
0 67
1 6
1 8
1 10
1 15
1 21
1 26
1 28
1 29
1 30
1 31
1 35
1 36
1 42
1 43
1 47
1 52
1 58
2 9
2 11
2 14
2 19
2 25
2 27
2 34
2 37
2 46
2 52
2 60
2 61
2 64
3 7
3 12
3 15
3 17
3 31
3 34
3 42
3 68
4 6
4 28
4 30
4 32
4 34
4 39
4 41
4 48
4 55
4 61
4 64
5 6
5 8
5 13
5 26
5 31
5 52
5 55
5 57
5 58
5 62
6 9
6 14
6 19
6 24
6 27
6 28
6 29
6 30
6 33
6 47
6 49
6 59
6 63
6 67
7 10
7 16
7 22
7 26
7 43
7 45
7 48
7 54
7 63
7 64
7 65
7 68
8 9
8 17
8 23
8 24
8 33
8 35
8 36
8 39
8 42
8 45
8 57
8 59
9 13
9 18
9 28
9 29
9 34
9 35
9 41
9 58
9 60
9 61
9 63
9 65
9 69
10 17
10 18
10 19
10 21
10 25
10 27
10 32
10 34
10 35
10 39
10 41
10 45
10 49
10 60
10 68
11 12
11 13
11 17
11 46
11 52
11 53
11 55
11 57
11 60
12 19
12 28
12 43
12 64
12 66
12 67
13 17
13 19
13 25
13 36
13 40
13 44
13 52
13 53
13 57
13 65
13 66
13 68
13 69
14 16
14 17
14 19
14 22
14 23
14 25
14 31
14 34
14 54
14 64
15 28
15 29
15 31
15 32
15 34
15 40
15 41
15 52
16 18
16 20
16 30
16 34
16 38
16 44
16 67
16 68
16 69
17 42
17 46
17 49
17 52
17 53
17 65
17 68
18 20
18 22
18 25
18 37
18 38
18 44
18 48
18 51
18 52
18 69
19 23
19 36
19 38
19 42
19 48
19 51
19 53
19 55
19 56
19 58
19 61
20 23
20 30
20 36
20 40
20 44
20 45
20 49
20 50
20 61
20 64
20 67
21 30
21 31
21 40
21 41
21 47
21 48
21 49
21 50
21 52
21 53
21 56
21 57
21 61
22 28
22 47
22 51
22 57
22 61
22 69
23 33
23 39
23 41
23 47
23 49
23 56
23 57
23 59
23 63
24 26
24 37
24 40
24 41
24 47
24 49
24 53
24 64
25 29
25 39
25 41
25 43
25 44
25 45
25 47
25 54
25 56
25 64
25 69
26 35
26 37
26 44
26 48
26 54
26 55
26 56
26 62
26 66
27 30
27 38
27 45
27 50
27 54
27 55
27 58
27 59
27 62
27 63
27 65
28 33
28 35
28 36
28 38
28 39
28 49
28 53
28 55
28 57
28 67
29 32
29 34
29 36
29 40
29 46
29 52
29 53
29 56
29 60
29 62
29 63
29 64
29 68
30 36
30 50
30 51
30 54
30 57
31 32
31 35
31 49
31 51
31 56
31 57
31 58
31 62
31 63
32 34
32 45
32 51
32 57
33 34
33 38
33 39
33 44
33 49
33 51
33 52
33 53
33 55
33 64
33 66
34 44
34 46
34 47
34 49
34 57
34 60
34 66
35 37
35 45
35 57
35 59
35 63
36 43
36 46
36 47
36 48
36 60
37 38
37 47
37 57
37 58
37 63
37 67
37 68
37 69
38 43
38 44
38 53
38 57
38 65
38 66
38 67
38 69
39 42
39 43
39 48
39 57
40 44
40 45
40 47
40 57
40 58
40 66
40 67
41 42
41 45
41 46
41 47
41 50
41 51
41 52
41 62
41 66
42 51
42 58
42 65
43 44
43 45
43 57
43 60
43 62
43 69
44 46
44 47
44 58
44 62
44 67
45 47
45 48
45 57
45 60
45 63
45 64
46 62
46 66
46 69
47 48
47 50
47 69
48 50
48 54
48 60
48 63
49 54
49 65
49 67
50 51
51 54
51 60
52 58
52 60
52 62
52 68
52 69
53 61
53 63
54 63
55 57
55 60
55 68
55 69
56 67
57 58
57 68
59 61
61 67
62 64
63 68
67 68
