60 140
12 13 14 11 10 0 6 8 8 5 14 2 1 6 3 9 0 11 3 8 4 3 1 3 2 2 2 12 12 12 13 11 1 0 2 13 7 4 5 2 6 5 7 10 11 1 5 3 9 3 1 0 3 1 7 5 14 7 13 10 
0 1
0 16
0 29
0 30
0 40
1 12
1 17
1 24
1 31
1 37
1 39
1 54
2 14
2 34
2 40
2 44
2 49
2 58
3 7
3 8
4 19
4 34
4 39
4 40
5 13
5 40
5 48
5 55
5 56
6 35
6 50
7 21
7 34
7 45
7 58
8 47
8 55
9 20
9 33
9 36
9 39
9 43
10 12
10 16
10 31
10 32
10 38
10 40
10 54
11 12
11 14
11 24
11 37
11 44
11 49
11 54
12 22
12 29
12 33
12 54
13 22
13 32
13 46
13 57
14 22
14 26
14 35
14 54
15 38
15 41
15 56
16 17
16 20
16 28
16 30
16 37
16 42
16 46
16 47
16 49
16 53
17 18
17 21
17 48
18 25
18 45
20 23
20 25
21 31
21 36
21 45
21 46
21 47
22 23
22 32
22 57
24 33
25 52
25 58
27 31
27 40
27 42
27 46
27 49
29 33
29 37
29 38
29 53
30 42
30 54
30 58
31 41
33 48
34 35
34 51
34 59
35 38
35 57
35 59
36 42
36 44
36 58
36 59
37 43
37 52
39 41
41 52
42 46
42 53
45 58
46 55
47 54
48 50
49 53
49 59
50 58
51 53
52 53
52 56
56 59
