30 130
0 7 7 0 0 5 4 0 3 4 0 5 2 5 7 6 2 1 7 7 0 3 1 6 4 4 1 2 7 5 
0 4
0 12
0 16
0 19
0 25
1 6
1 13
1 16
1 21
1 28
1 29
2 3
2 4
2 6
2 8
2 10
2 11
2 12
2 13
2 14
2 19
2 22
2 27
2 29
3 4
3 8
3 11
3 12
3 13
3 15
3 16
3 18
3 20
3 23
3 24
3 28
3 29
4 5
4 6
4 7
4 8
4 11
4 13
4 24
4 25
4 28
4 29
5 11
5 16
5 19
5 22
5 26
6 7
6 8
6 9
6 13
6 14
6 18
6 22
6 23
6 29
7 8
7 13
7 14
7 18
7 20
7 22
7 24
7 25
8 14
8 18
8 24
8 25
8 26
8 29
9 16
9 21
9 24
10 11
10 14
10 19
10 25
11 13
11 14
11 15
11 20
11 22
11 24
11 25
11 29
12 15
12 20
12 21
12 25
12 26
12 27
13 15
13 20
13 22
13 23
13 24
14 18
14 20
14 21
14 22
14 23
14 29
15 16
15 17
15 26
16 23
17 19
17 21
17 22
17 25
18 20
18 22
18 24
18 29
19 23
19 24
20 22
20 24
20 29
22 23
22 24
22 27
25 27
26 28
27 28
