100 450
6 20 29 24 31 8 11 14 4 5 28 2 25 10 3 20 2 23 21 4 23 5 10 16 13 28 3 3 4 17 3 21 12 21 24 24 2 10 30 5 23 9 29 17 1 18 6 23 20 12 11 26 23 19 13 19 1 4 26 10 22 2 25 31 30 18 25 31 25 17 5 0 13 31 16 10 21 12 11 11 25 10 27 22 16 23 9 2 20 6 23 16 18 27 0 18 9 2 14 26 
0 6
0 16
0 20
0 26
0 27
0 29
0 33
0 50
0 62
0 72
0 96
1 2
1 4
1 9
1 21
1 25
1 32
1 40
1 52
1 63
1 66
2 10
2 17
2 32
2 40
2 42
2 52
2 57
2 66
3 6
3 24
3 30
3 48
3 59
3 60
3 92
3 96
3 99
4 21
4 25
4 32
4 40
4 45
4 52
4 67
4 89
4 90
5 14
5 46
5 49
5 51
5 53
5 61
5 68
5 83
5 95
6 20
6 26
6 27
6 30
6 60
6 94
6 96
7 11
7 16
7 20
7 46
7 49
7 53
7 77
7 78
7 94
7 95
8 12
8 31
8 35
8 51
8 56
8 61
8 73
8 85
8 97
9 22
9 24
9 36
9 44
9 61
9 75
9 79
10 17
10 38
10 47
10 57
10 66
10 81
10 86
10 93
11 16
11 19
11 27
11 34
11 53
11 78
11 94
11 98
12 15
12 29
12 31
12 35
12 51
12 68
12 73
12 97
13 19
13 26
13 28
13 67
13 75
13 80
14 35
14 46
14 61
14 67
14 68
14 74
14 83
14 89
15 20
15 29
15 33
15 35
15 46
15 50
15 51
15 62
15 97
16 34
16 49
16 53
16 78
16 94
16 95
17 32
17 40
17 47
17 57
17 65
17 66
17 69
17 81
18 37
18 38
18 39
18 69
18 70
18 76
18 81
18 88
18 91
19 30
19 34
19 62
19 71
19 78
19 84
19 92
19 94
19 98
20 26
20 27
20 29
20 33
20 50
21 25
21 52
21 56
21 61
21 67
21 74
21 75
21 89
22 36
22 37
22 55
22 70
22 79
22 82
22 84
22 88
22 91
23 25
23 31
23 43
23 45
23 56
23 63
23 65
23 73
23 80
23 85
24 30
24 48
24 59
24 60
24 71
24 87
24 96
24 99
25 40
25 52
25 67
25 74
25 89
26 27
26 30
26 33
26 50
26 78
26 96
27 30
27 50
27 60
27 65
27 96
28 38
28 39
28 42
28 63
28 64
28 66
28 69
28 76
28 80
29 33
29 50
29 51
29 95
29 97
30 48
30 60
30 96
31 35
31 45
31 56
31 67
31 73
31 85
32 40
32 52
32 57
32 64
32 66
33 49
33 50
33 51
33 97
34 71
34 78
34 92
34 94
34 96
34 98
35 51
35 73
35 85
35 97
36 54
36 70
36 71
36 77
36 79
36 82
36 84
36 92
36 98
36 99
37 39
37 41
37 70
37 79
37 82
37 88
37 91
38 39
38 42
38 62
38 69
38 76
38 88
38 91
39 47
39 69
39 76
39 88
39 91
40 52
40 66
40 80
41 47
41 55
41 58
41 59
41 81
41 86
41 87
41 93
42 43
42 44
42 63
42 64
42 69
42 76
42 80
43 45
43 52
43 56
43 63
43 64
43 80
43 85
44 62
44 65
44 94
45 56
45 63
45 64
45 80
45 85
46 49
46 53
46 68
46 83
46 95
47 57
47 66
47 81
47 86
47 93
48 55
48 59
48 60
48 84
48 87
48 99
49 53
49 78
49 83
49 95
50 51
50 53
51 97
52 54
52 89
53 75
53 78
53 95
54 56
54 71
54 87
55 58
55 59
55 86
55 87
55 93
55 99
56 63
56 73
56 85
57 66
57 76
57 81
57 86
58 59
58 70
58 81
58 86
58 87
58 93
58 99
59 82
59 87
59 99
60 96
60 98
60 99
61 67
61 68
61 74
61 75
61 83
61 89
62 74
62 79
63 64
63 80
64 69
64 76
64 80
65 74
65 99
67 68
67 74
67 89
68 74
68 83
68 95
69 76
69 80
70 79
70 82
70 88
70 91
71 79
71 82
71 84
71 92
71 98
72 79
72 93
72 94
73 74
73 85
73 97
74 83
74 89
75 93
76 88
78 94
79 82
79 84
79 87
79 91
81 86
81 93
82 84
82 92
83 95
83 97
84 92
84 98
85 89
86 88
86 93
87 93
87 99
88 91
91 93
92 94
92 98
94 98
