100 179
27 4 30 19 2 20 11 7 21 0 11 31 23 21 26 23 9 0 13 20 3 18 5 15 6 13 16 2 22 30 10 8 26 12 5 14 26 22 12 6 27 24 15 19 6 10 26 26 13 12 3 5 10 14 29 11 13 17 25 29 28 14 25 7 17 5 10 20 13 18 15 8 15 27 12 17 13 17 5 14 0 23 6 6 12 6 18 25 12 28 23 15 28 19 3 30 19 5 0 17 
0 33
0 34
0 50
0 69
0 88
0 90
1 3
1 24
1 44
1 48
1 70
2 46
2 49
2 50
3 9
3 15
3 33
3 53
3 86
3 89
4 36
4 47
4 61
4 99
5 21
5 49
5 74
6 29
6 91
7 23
7 31
7 35
7 83
8 9
8 37
9 13
9 19
9 39
9 58
9 66
9 70
10 44
10 46
10 51
10 56
10 86
11 56
12 82
12 91
12 95
13 17
13 44
13 46
14 43
14 47
14 80
14 88
15 42
16 68
16 85
17 58
17 59
17 74
17 95
18 27
18 40
18 58
18 59
19 30
19 31
19 44
19 55
19 61
20 36
20 48
20 54
20 90
21 55
21 63
22 37
22 48
23 73
23 78
24 75
25 29
25 31
25 44
26 71
26 80
27 77
28 32
28 46
28 56
28 85
28 99
29 86
30 50
30 66
31 35
31 50
31 64
31 71
31 96
32 46
32 63
33 57
34 40
34 45
34 75
35 46
36 59
36 78
36 95
37 45
37 65
37 78
38 59
38 76
39 49
40 81
40 90
40 91
41 77
41 84
41 86
41 88
42 46
42 53
42 69
43 61
43 69
43 72
44 60
44 73
44 84
44 96
46 95
48 65
48 93
49 59
49 65
51 72
52 58
52 67
52 83
54 67
54 84
54 94
55 67
55 68
55 81
56 83
57 77
58 91
59 62
59 85
62 72
64 67
64 72
64 78
66 75
66 91
68 72
72 95
73 80
75 83
76 91
77 92
77 94
79 92
81 87
82 86
83 86
83 92
86 96
89 93
92 97
95 98
95 99
