60 178
14 2 10 8 12 11 14 14 3 13 15 2 15 7 7 3 4 11 0 8 5 14 12 5 0 8 13 2 3 0 0 1 15 8 5 1 4 10 6 12 5 11 0 15 5 12 2 11 10 8 7 13 4 11 4 5 2 3 4 14 
0 2
0 3
0 14
0 18
0 29
0 41
0 42
0 46
1 5
1 20
1 22
1 24
2 3
2 5
2 11
2 12
2 24
2 26
2 27
2 49
2 59
3 7
3 15
3 16
3 17
3 19
3 32
3 50
4 7
4 8
4 25
4 32
4 39
4 40
4 47
4 50
4 53
5 12
5 26
5 35
5 39
5 42
5 49
6 9
6 30
7 16
7 33
7 37
7 40
7 57
8 16
8 21
8 29
8 44
9 26
9 36
9 41
9 42
9 50
9 57
10 16
10 35
10 59
11 23
11 34
12 14
12 35
12 38
12 50
12 55
12 59
13 25
13 43
13 52
13 58
13 59
14 29
14 50
14 58
15 46
15 50
15 57
16 27
16 30
16 38
16 40
16 50
17 54
17 56
18 26
18 31
18 55
18 58
19 31
19 35
20 33
20 44
20 58
21 25
21 30
21 46
22 28
22 32
22 52
22 59
23 31
23 36
23 42
23 48
24 43
24 44
24 48
24 55
24 57
25 29
25 35
25 45
26 54
28 29
28 37
28 40
28 46
28 48
28 56
29 36
29 39
29 44
29 51
29 57
30 32
30 48
30 50
31 36
31 45
31 57
32 42
32 43
32 44
32 52
32 56
34 53
34 56
35 36
35 41
35 51
35 52
35 57
36 44
36 45
36 50
37 38
37 44
37 47
37 48
37 59
39 46
40 44
41 48
41 49
41 53
42 47
43 44
44 57
46 48
46 52
46 59
48 57
49 53
49 56
49 59
50 52
50 53
52 53
52 57
52 59
53 55
54 56
54 57
