50 96
2 1 7 1 4 6 7 2 5 7 3 4 4 6 4 4 7 5 4 6 3 7 0 2 2 3 4 0 7 5 6 1 5 0 3 7 3 6 4 4 4 4 0 2 7 2 3 0 2 6 
0 7
0 13
0 26
0 34
0 47
1 10
2 18
2 19
2 21
2 33
2 39
3 30
3 38
4 21
4 22
4 24
4 46
5 8
5 18
5 24
5 32
5 42
5 48
6 14
6 18
6 30
6 32
6 35
6 42
6 47
7 19
7 26
7 31
7 33
7 44
8 10
8 12
8 18
8 25
9 20
9 39
10 32
10 47
11 24
11 27
11 33
11 43
13 18
13 19
13 29
13 39
13 41
14 38
15 22
15 23
15 24
15 33
16 18
16 31
17 26
17 33
17 49
18 19
18 28
18 32
18 33
18 39
18 42
18 47
20 21
22 30
22 35
22 37
22 39
23 41
24 26
26 34
26 43
27 44
30 36
32 46
33 34
34 37
34 39
34 40
36 37
36 45
36 46
37 39
38 49
40 44
41 46
41 47
42 49
44 48
45 49
