60 90
1 0 8 5 1 9 0 14 3 1 11 7 5 10 14 4 7 5 9 9 14 6 1 6 15 2 3 12 9 14 5 5 9 4 12 15 4 15 3 11 14 14 1 5 5 5 14 12 8 4 7 11 14 7 10 11 0 8 4 4 
0 10
0 26
0 30
1 4
1 39
1 45
1 46
2 15
2 36
2 43
3 8
3 24
3 28
3 50
3 54
4 6
4 26
4 32
5 11
5 34
5 37
5 55
6 19
6 44
7 27
7 28
8 15
8 33
8 47
8 59
9 29
9 47
10 27
10 33
11 13
11 57
12 22
12 27
12 58
12 59
13 17
13 34
13 41
14 32
15 44
15 49
16 34
16 41
16 45
17 35
17 59
18 20
19 53
20 31
20 47
21 36
21 39
21 43
22 25
22 31
22 52
22 54
23 38
23 39
24 27
24 35
24 47
25 55
25 58
26 39
26 43
27 54
27 56
30 35
30 55
32 41
32 45
32 50
34 42
35 51
36 49
38 40
43 48
45 52
46 52
47 49
51 59
53 58
55 57
57 58
