60 177
12 12 7 15 13 11 8 0 3 12 13 3 6 1 2 7 15 5 10 5 13 8 14 4 14 13 9 7 11 3 9 12 15 4 1 6 2 4 14 8 14 9 9 2 14 8 11 11 3 14 4 14 2 7 3 9 2 4 12 2 
0 18
0 31
0 46
0 59
1 2
1 22
1 25
1 30
1 32
1 39
1 40
1 47
1 50
1 59
2 27
2 53
3 8
3 10
3 15
3 18
3 21
3 25
3 27
3 37
3 49
3 52
4 18
4 20
4 41
5 18
5 23
5 28
5 31
5 42
5 43
5 58
5 59
6 9
6 16
6 23
6 24
6 53
6 57
7 18
7 25
7 41
7 44
7 48
7 49
8 18
8 20
8 21
8 25
8 52
8 56
9 10
9 24
9 29
9 31
10 17
10 57
11 15
11 16
11 24
11 29
11 39
11 40
11 41
11 53
12 17
12 20
12 31
12 36
12 46
12 51
13 39
13 58
13 59
14 16
14 17
14 22
14 28
14 32
14 54
15 20
15 31
17 27
17 46
18 21
18 25
18 27
18 31
18 49
19 44
19 54
20 22
20 29
20 34
20 37
20 44
20 47
21 52
21 56
21 58
22 30
22 45
22 51
22 59
23 26
23 29
23 50
24 31
24 59
25 41
25 49
26 27
26 54
27 40
27 48
27 52
28 56
29 39
29 52
30 31
30 44
31 50
32 43
32 55
32 59
33 38
33 50
34 38
35 39
35 51
36 37
36 38
36 53
38 51
38 59
39 53
40 55
40 59
41 44
41 48
41 49
41 57
42 47
42 52
42 53
42 55
42 56
42 58
43 44
43 53
44 48
44 49
44 53
44 57
44 59
45 52
47 53
47 55
47 56
47 57
47 58
48 53
48 55
48 57
51 57
52 56
52 58
53 55
53 57
54 59
55 57
55 58
56 58
