30 86
5 3 5 4 2 5 5 0 3 7 5 3 0 6 2 3 2 6 1 5 2 2 1 2 6 4 5 2 2 4 
0 1
0 9
0 17
0 20
0 21
0 25
0 26
1 3
1 4
1 7
1 15
1 16
2 8
2 9
2 11
2 13
2 17
2 25
2 26
2 27
2 29
3 5
3 8
3 13
3 14
3 19
3 22
3 26
4 11
4 29
5 6
5 7
5 8
5 11
5 12
5 18
5 20
5 28
6 14
6 21
7 23
8 10
8 19
8 24
8 26
8 27
9 16
9 21
9 29
10 13
10 15
10 25
10 27
11 12
11 22
11 24
11 29
12 17
12 18
12 22
12 26
12 29
13 15
13 28
14 18
14 26
15 16
15 20
15 21
15 26
16 19
16 26
16 27
17 21
18 23
19 25
20 22
20 23
20 29
21 24
21 29
22 25
23 25
23 28
25 26
28 29
