70 122
11 11 2 6 14 7 11 15 5 0 2 14 3 3 10 6 15 11 2 11 13 12 4 10 5 12 1 8 4 9 7 15 10 3 1 7 7 5 8 10 2 6 7 0 7 8 9 5 10 1 13 6 1 5 6 11 13 10 10 1 10 3 8 15 4 4 4 2 12 7 
0 32
0 62
0 66
1 7
1 18
1 30
1 41
1 47
1 62
2 8
2 21
2 41
2 43
2 48
2 52
2 55
2 68
3 37
3 41
3 55
3 59
3 61
4 14
5 34
5 39
5 59
6 51
6 59
7 44
7 47
7 57
8 20
8 65
9 25
9 36
9 56
9 60
9 66
10 29
11 30
11 40
12 46
13 23
13 36
13 37
13 44
13 53
13 63
13 64
13 69
14 28
14 31
15 67
16 24
17 42
17 62
17 66
18 31
18 33
18 60
18 66
18 69
19 43
19 60
20 24
20 42
20 43
20 59
21 29
21 58
21 64
21 67
22 52
23 54
24 35
24 44
24 46
24 55
24 57
25 26
25 41
26 37
27 29
27 57
28 32
28 57
29 40
30 67
31 45
31 49
31 56
31 63
32 39
32 47
33 35
34 43
35 43
37 66
38 43
39 55
39 60
40 64
42 62
46 67
47 66
49 66
49 67
50 54
50 66
50 67
52 59
52 65
53 65
53 67
54 60
54 66
55 66
55 67
56 58
60 65
61 62
68 69
