70 104
6 4 10 11 1 9 12 0 4 3 15 7 7 14 11 3 6 9 8 11 5 0 8 7 8 0 10 14 8 15 8 7 7 15 8 13 5 13 3 11 11 12 15 0 12 0 7 11 1 0 1 8 5 6 8 3 9 0 1 11 8 13 11 5 6 1 3 12 14 14 
0 11
0 27
0 65
1 13
1 27
1 35
1 59
2 7
2 32
2 44
2 56
3 4
3 11
3 19
4 54
4 57
4 64
4 69
5 9
5 11
5 21
5 48
6 23
7 11
7 49
7 58
8 15
8 59
9 16
9 60
10 56
11 17
11 32
11 37
11 41
11 47
11 66
11 69
12 13
12 19
12 24
13 42
13 63
14 18
14 51
14 63
14 67
15 16
15 27
17 34
17 35
17 53
18 37
18 39
18 40
19 25
19 41
19 63
20 22
22 46
22 49
22 66
23 26
23 34
23 35
24 33
24 41
24 52
25 26
26 57
26 58
27 46
28 35
29 43
29 51
29 59
30 50
31 59
34 46
36 48
38 44
38 56
38 59
40 43
40 51
42 65
43 50
44 55
45 52
45 69
46 54
47 49
47 55
48 50
49 53
52 62
52 68
56 67
57 59
59 60
59 69
60 65
61 66
61 67
