30 87
7 0 6 5 1 1 7 6 4 4 3 4 6 5 5 1 1 0 4 4 2 2 5 0 6 6 5 2 3 0 
0 1
0 6
0 10
0 11
0 12
0 27
0 28
1 9
1 12
1 15
1 23
2 6
2 9
2 11
2 19
2 23
2 29
3 4
3 6
3 17
3 18
3 19
3 23
3 27
3 28
4 5
4 12
4 15
4 20
4 27
4 28
5 15
5 17
5 20
6 8
6 11
6 13
6 16
6 19
6 24
6 27
7 8
7 19
7 21
7 25
7 29
8 10
8 23
8 25
9 12
9 15
9 19
9 23
9 28
10 11
10 12
10 14
10 24
10 27
11 17
11 19
11 22
11 23
12 15
12 26
12 28
13 20
14 19
14 20
15 23
15 26
16 21
17 20
17 23
18 27
18 28
19 22
19 23
19 24
20 25
21 22
21 25
22 23
22 25
25 28
27 28
28 29
