70 116
11 0 0 9 5 0 9 3 15 8 8 1 12 7 9 14 12 6 2 2 15 5 14 0 2 15 5 14 6 10 12 9 0 11 15 2 1 10 4 4 8 6 15 13 5 5 0 14 14 0 10 1 8 11 10 2 4 3 14 7 7 0 13 4 4 12 14 10 10 1 
0 25
1 10
1 18
2 7
2 47
2 55
3 8
3 25
3 36
3 54
3 56
4 41
5 14
5 56
5 57
6 61
7 11
7 17
7 21
7 56
8 14
8 28
8 37
8 56
8 64
9 59
10 35
11 20
11 31
11 34
11 53
12 25
12 28
12 36
12 65
13 26
13 66
15 21
15 22
15 56
15 61
16 24
16 32
17 18
17 38
17 56
18 56
18 57
18 61
19 28
19 34
19 45
19 51
19 59
20 34
20 37
20 62
21 38
21 50
21 56
22 23
22 29
22 49
22 68
23 27
23 55
24 27
24 63
25 26
25 41
25 53
25 56
25 59
25 64
28 64
29 33
29 34
29 36
29 42
30 39
30 46
31 46
31 67
32 46
32 55
32 60
32 65
33 45
34 64
34 68
35 42
35 51
36 37
36 52
36 58
37 43
37 49
37 51
37 65
37 69
38 42
38 43
38 56
38 61
40 55
43 44
44 55
48 68
53 61
54 57
55 58
56 64
59 65
59 68
64 65
66 69
