70 185
13 12 13 13 10 3 5 13 7 6 9 8 8 1 9 5 5 7 3 6 0 0 10 11 9 2 10 5 0 1 12 13 13 11 0 6 7 11 3 15 9 9 7 15 15 8 14 0 3 7 7 5 13 10 8 12 15 5 6 9 1 7 6 6 13 11 9 11 1 3 
0 6
0 14
0 21
0 38
0 46
0 56
0 60
1 25
1 33
1 42
1 49
1 56
2 7
2 24
2 32
2 50
2 62
2 63
2 64
2 66
3 4
3 6
3 23
3 38
3 64
3 69
4 27
4 50
4 60
4 65
4 68
5 7
5 13
5 15
5 49
6 27
6 31
6 35
6 39
6 59
7 37
8 11
8 17
8 18
8 26
8 39
8 53
8 64
9 10
9 13
9 59
9 61
9 66
10 19
10 20
10 43
10 46
10 66
11 14
11 15
11 29
11 33
11 42
11 54
12 21
12 42
12 52
12 59
13 17
13 34
13 45
13 53
14 40
14 50
15 35
16 22
16 27
16 28
16 34
16 38
16 45
16 52
16 56
17 19
17 29
17 32
17 41
17 66
18 20
18 23
18 28
18 41
18 44
18 50
19 20
19 26
19 30
19 32
19 43
19 44
19 45
19 46
20 35
20 60
21 69
22 28
22 32
22 37
22 50
23 30
23 57
24 36
24 45
25 45
25 64
26 32
27 42
27 44
27 65
28 51
29 63
30 34
30 50
30 56
30 62
31 50
31 52
31 53
33 41
33 49
33 56
34 43
34 57
34 66
34 68
35 41
35 44
35 61
35 69
36 45
36 52
36 65
36 67
37 45
37 64
37 67
37 68
38 42
38 60
39 65
40 45
40 46
40 47
40 56
40 63
41 51
41 66
42 49
42 52
42 55
42 63
43 57
43 62
45 47
45 58
45 60
46 50
46 55
46 56
46 57
46 60
47 50
48 58
48 68
49 59
49 63
50 51
51 59
52 56
53 57
55 67
58 69
59 69
63 65
66 69
