90 257
13 11 8 1 1 7 14 14 14 3 13 2 15 12 0 14 11 5 9 15 14 12 14 1 2 7 3 7 1 9 14 2 6 1 12 10 9 5 13 11 10 13 7 14 13 8 12 13 13 12 11 10 1 7 14 8 9 2 0 3 0 3 4 0 1 8 0 1 14 5 0 4 2 5 10 0 11 4 8 0 0 2147483661 11 11 5 2 5 7 15 11 
0 27
0 42
0 60
0 88
1 21
1 48
1 51
1 61
1 68
1 72
1 81
2 12
2 30
2 46
2 81
2 89
3 22
3 25
3 27
3 31
3 87
3 88
4 18
4 26
4 48
4 50
4 81
4 85
5 40
5 43
5 56
5 62
6 7
6 30
6 86
6 88
6 89
7 22
8 21
8 32
8 64
8 68
8 81
8 89
9 39
9 60
10 45
10 61
10 64
10 68
10 81
11 18
11 20
11 46
11 47
11 50
11 54
11 81
12 16
12 29
12 59
12 65
12 75
12 78
12 81
13 36
13 37
13 74
13 81
14 27
14 42
14 81
14 87
15 33
15 70
16 24
16 25
16 28
16 40
16 55
16 81
17 22
17 47
17 55
17 66
17 81
18 23
18 27
18 52
18 81
19 21
19 37
19 69
19 72
19 81
20 22
20 86
21 63
21 80
21 81
21 88
21 89
22 48
22 72
22 81
23 24
23 58
24 45
24 51
24 61
24 79
24 81
25 31
25 34
25 59
25 81
26 29
26 31
26 44
26 81
26 87
27 53
27 68
27 71
28 32
28 44
28 59
28 81
29 40
29 43
29 50
29 56
29 81
30 54
30 75
30 82
31 46
31 80
31 85
31 86
32 58
32 63
32 81
32 88
33 38
33 39
33 81
34 74
34 81
35 43
36 44
36 53
36 59
36 81
37 80
37 81
37 83
38 41
39 41
39 70
39 76
40 45
40 57
40 71
40 75
41 57
42 50
42 54
42 81
42 84
43 71
43 78
43 79
43 81
44 81
45 69
45 81
46 65
46 81
46 82
47 52
47 60
47 73
47 88
48 55
48 58
48 63
48 81
49 55
49 58
49 69
49 79
49 81
50 81
50 87
50 88
51 55
51 57
51 59
51 66
51 69
51 81
52 68
52 85
54 60
54 81
55 81
56 65
56 81
57 65
57 76
58 68
58 81
59 74
59 81
61 80
61 81
61 83
62 65
62 75
62 82
63 81
64 80
64 81
64 88
65 77
65 81
66 72
66 79
66 81
67 81
68 69
68 81
69 81
70 73
71 86
72 81
72 83
73 76
73 79
73 84
74 81
74 87
75 86
76 86
78 81
78 86
78 89
79 81
79 83
80 81
81 83
81 87
81 89
84 86
84 89
85 88
