50 104
6 4 6 7 4 2 5 2 3 6 0 5 0 1 6 1 1 0 7 6 7 6 2 1 7 2 6 0 7 5 1 0 0 4 5 7 6 7 6 7 1 1 6 3 1 5 7 3 3 2 
0 11
1 6
1 9
1 23
1 30
1 35
2 8
2 17
2 31
2 37
2 44
3 27
3 36
3 37
4 6
4 24
4 46
5 12
5 14
5 48
6 7
6 11
6 12
6 18
6 22
6 35
6 38
7 24
7 29
7 36
7 43
7 46
8 13
8 30
8 34
8 41
9 31
10 14
10 21
10 39
10 41
11 21
11 25
11 42
12 23
12 26
12 34
12 35
12 37
13 28
13 33
13 42
14 26
14 36
14 41
15 16
15 20
15 21
15 31
15 49
16 25
16 42
17 26
17 27
17 42
17 43
18 19
18 22
18 30
18 49
19 26
19 27
19 40
20 28
23 35
23 42
24 26
24 49
25 30
25 31
25 39
26 41
26 45
27 29
27 48
28 44
28 47
29 35
29 46
30 32
30 39
31 40
31 44
33 45
34 36
34 46
36 38
36 45
36 47
37 43
39 40
42 46
43 46
43 49
