80 188
5 9 1 3 1 15 10 12 14 6 5 11 13 12 0 12 4 0 10 13 11 11 4 10 4 2 7 15 7 6 7 3 7 14 3 9 0 2 11 6 10 6 2 8 3 1 6 1 11 12 14 12 2 3 6 11 12 8 5 8 8 11 4 10 1 3 7 12 11 4 2 4 11 6 7 8 11 1 10 0 
0 3
0 7
0 17
0 18
0 29
0 54
0 56
1 43
1 50
1 51
1 53
1 71
1 76
2 19
2 34
2 44
2 60
2 68
2 69
2 73
3 21
3 27
3 37
3 49
3 70
3 72
3 75
4 28
4 49
4 56
4 68
4 76
5 35
5 66
6 33
6 36
6 66
6 67
7 14
7 29
8 35
8 55
9 60
9 77
10 12
10 45
10 52
11 28
11 37
11 40
11 77
12 19
12 39
12 61
13 34
13 61
13 62
13 73
14 17
14 18
14 22
14 38
14 55
14 57
14 79
15 44
15 46
15 63
16 31
16 35
16 37
17 34
17 69
18 21
19 28
19 45
19 54
19 56
20 23
20 61
20 67
21 22
21 46
21 50
22 24
22 27
22 61
22 74
22 75
22 77
23 39
23 44
23 60
23 63
23 71
24 39
24 49
24 72
25 28
25 71
25 72
26 32
26 36
26 51
26 64
26 70
26 71
27 40
27 52
27 77
28 54
28 69
29 38
29 45
29 46
29 65
29 68
29 69
30 75
31 51
31 53
31 56
31 71
31 76
32 36
32 47
32 55
33 71
34 54
34 59
34 63
35 70
35 76
35 77
36 37
36 60
37 70
37 76
38 55
38 62
38 69
39 43
39 52
40 70
40 75
40 78
41 51
41 53
41 70
41 75
42 44
44 66
44 68
44 73
45 61
46 61
46 66
47 50
47 52
48 68
48 73
49 52
49 77
50 57
50 63
50 64
51 62
52 63
53 68
53 73
54 73
56 58
56 73
56 79
57 61
58 63
60 70
60 71
61 68
61 69
62 66
64 67
64 73
65 67
66 74
66 78
68 75
73 74
