90 162
0 11 7 9 8 10 9 4 15 2 3 2 7 0 15 8 3 12 10 15 15 1 8 2 8 11 11 1 15 12 12 12 10 1 0 6 7 8 4 7 6 6 12 3 2 9 14 5 7 2 7 4 10 9 11 5 3 3 9 6 5 3 8 6 9 8 7 3 5 13 2 1 4 3 11 15 15 14 4 12 4 7 11 14 8 6 12 6 5 1 
0 21
0 76
1 38
1 84
2 60
2 71
2 76
2 88
3 42
3 80
4 32
4 48
4 73
4 79
5 6
5 21
5 85
6 20
6 34
6 46
7 13
7 41
8 13
8 53
9 12
9 41
9 52
10 17
10 68
10 86
11 46
12 19
12 22
12 50
12 84
13 52
14 41
14 57
15 33
15 53
15 59
16 18
16 54
16 81
17 37
18 76
19 31
19 64
20 39
20 42
20 46
20 47
20 79
21 31
21 66
22 52
23 86
24 26
25 30
25 38
26 39
26 49
27 35
27 56
27 86
28 40
28 52
28 56
28 58
29 47
29 60
29 79
29 80
29 85
30 40
30 47
30 70
30 79
31 53
31 70
32 79
33 41
33 64
33 67
33 80
34 53
35 54
35 84
36 56
36 82
37 46
37 47
37 49
38 83
39 51
40 64
40 67
40 69
40 76
40 78
40 80
41 56
41 58
41 77
42 64
42 81
43 71
44 51
44 82
45 46
45 65
45 73
45 81
46 48
47 58
47 61
47 80
48 66
49 60
49 75
50 60
50 78
50 82
50 88
51 81
51 83
51 85
51 86
52 74
52 86
54 86
55 75
55 85
56 64
56 66
56 86
57 65
58 67
58 71
58 73
58 89
59 76
59 83
61 70
61 80
61 85
62 79
63 78
64 80
66 72
66 82
67 80
67 85
68 84
69 71
70 80
70 87
73 83
79 80
80 85
83 88
84 86
