80 184
6 12 1 8 12 2 11 3 1 14 8 4 11 8 7 1 10 13 6 1 4 3 10 6 12 2 3 10 9 2 13 4 4 1 3 7 14 13 0 7 14 3 12 4 12 9 8 3 0 7 0 2 15 9 10 8 5 10 13 8 15 14 2 5 0 5 12 14 8 9 5 13 12 2 13 8 10 7 0 15 
0 2
0 9
0 29
0 30
0 35
0 47
0 50
0 68
1 15
1 35
1 63
1 76
2 46
3 24
3 66
3 79
4 6
4 11
4 34
4 62
5 15
5 25
5 27
5 29
5 38
5 61
5 72
5 76
6 15
6 25
6 36
6 40
6 66
7 41
7 73
8 11
8 15
8 18
8 32
8 53
8 76
8 78
9 18
9 26
9 35
9 36
10 14
10 24
10 30
10 40
10 60
10 63
10 65
10 79
11 12
11 23
11 64
11 68
12 19
12 50
12 64
12 71
13 57
13 60
13 67
14 21
14 31
14 50
14 57
15 26
15 37
15 54
15 55
15 73
15 74
16 18
16 45
16 53
16 67
17 21
17 46
17 65
18 73
19 25
19 31
19 63
19 64
20 24
20 63
20 76
20 78
21 30
21 35
22 64
22 66
22 69
23 47
24 42
24 54
24 67
25 44
25 55
26 33
26 39
26 52
26 60
27 44
27 65
27 74
28 32
28 61
29 49
29 64
30 74
31 38
31 62
31 70
31 75
32 42
32 56
33 58
33 59
33 68
34 70
35 39
35 45
35 61
36 55
37 72
37 75
38 49
38 51
38 61
38 62
38 69
39 44
39 51
40 60
40 72
41 71
42 50
42 58
42 73
43 59
43 65
43 77
46 55
46 65
46 73
47 55
47 58
47 67
48 51
48 65
48 69
48 78
49 51
49 69
50 66
52 59
52 77
53 65
54 56
54 72
54 74
55 73
55 79
56 57
56 77
59 76
60 72
62 63
62 79
63 74
64 78
65 67
66 68
66 78
69 73
70 75
70 76
71 74
74 78
75 77
