70 123
8 5 13 5 14 1 1 1 1 3 10 4 6 13 3 4 12 4 1 9 5 10 1 13 8 15 2 0 14 15 8 6 1 2 5 14 8 2 11 4 13 1 14 5 9 12 10 8 7 9 13 15 14 7 14 5 11 10 9 5 3 2 7 8 11 1 15 9 1 9 
0 7
0 24
0 35
1 13
1 34
1 52
2 14
2 18
2 31
2 62
3 67
4 12
4 18
4 26
4 53
4 56
5 46
6 22
6 39
6 45
6 68
7 44
7 64
7 66
8 10
8 11
8 44
8 59
8 62
9 50
10 41
10 42
10 47
10 50
10 57
11 16
11 41
11 54
12 22
12 34
12 68
13 20
13 28
13 46
13 67
14 24
14 35
15 36
16 31
16 51
16 62
17 25
17 33
17 38
17 55
18 23
19 23
19 31
19 32
19 51
19 59
20 32
21 36
21 40
22 53
22 63
23 50
23 57
23 62
23 65
24 42
25 26
26 29
26 30
26 55
26 57
27 44
27 50
28 32
28 37
28 51
28 52
29 59
29 61
30 56
30 58
33 60
33 61
33 64
34 36
34 56
35 44
35 62
35 69
36 65
36 68
37 39
37 46
37 54
38 58
39 43
39 61
39 63
40 45
40 68
41 53
41 63
43 45
43 46
44 50
45 48
49 59
50 60
50 64
50 67
51 54
51 65
53 57
54 63
55 58
55 60
57 60
59 68
