70 123
3 5 2 4 1 14 9 13 5 10 8 10 10 1 9 9 14 10 11 9 11 11 11 9 14 2 13 4 12 3 14 8 7 1 2 7 5 13 9 8 1 5 3 8 10 6 1 13 15 12 2 5 1 14 13 12 4 3 9 4 8 1 7 1 15 8 9 6 14 6 
0 41
0 64
1 22
1 39
1 69
2 21
2 29
2 38
2 49
2 56
3 34
3 36
3 48
3 60
3 61
4 14
4 16
4 21
4 65
5 27
5 34
5 60
5 62
5 64
6 24
6 33
6 34
6 38
6 59
7 35
7 45
7 48
7 55
8 18
8 37
8 63
9 44
9 46
9 52
9 54
10 23
10 42
11 53
12 34
12 36
12 37
13 26
13 39
13 61
13 69
14 52
14 54
14 68
15 18
15 68
15 69
16 17
16 43
17 26
17 38
17 39
18 31
19 24
19 63
19 64
19 67
20 50
20 56
20 58
20 59
21 54
22 30
22 31
23 54
24 58
25 30
25 31
25 33
25 44
25 51
26 28
27 45
27 46
27 52
27 55
28 36
28 61
29 44
29 51
29 54
30 32
30 69
31 58
32 40
32 44
32 46
32 66
33 43
34 53
35 47
35 52
35 55
35 68
37 53
40 60
40 61
40 69
42 56
43 48
43 57
43 65
44 59
46 60
47 57
47 67
51 56
51 58
53 63
53 64
55 64
55 67
57 68
65 68
