40 179
6 4 5 7 6 5 4 5 5 1 6 1 0 0 5 7 6 0 1 5 2 4 6 7 1 7 4 4 6 3 6 6 3 5 4 2 2 2 2 4 
0 21
0 24
0 35
1 7
1 11
1 12
1 15
1 22
1 27
1 31
1 34
1 37
1 39
2 4
2 6
2 15
2 16
2 18
2 23
2 28
2 35
2 37
3 9
3 13
3 14
3 17
3 18
3 27
3 28
3 29
3 35
3 36
3 37
4 6
4 11
4 16
4 19
4 20
4 23
4 26
4 28
4 32
4 35
4 37
5 10
5 11
5 13
5 14
5 15
5 16
5 17
5 29
5 33
5 34
6 8
6 16
6 20
6 21
6 23
6 28
6 33
6 38
7 18
7 19
7 21
7 29
7 33
8 18
8 19
8 25
8 26
9 10
9 11
9 16
9 20
9 25
9 37
10 12
10 32
10 34
11 12
11 15
11 17
11 24
11 33
11 34
11 39
12 15
12 22
12 27
12 30
12 31
12 35
12 38
12 39
13 14
13 17
13 18
13 21
13 29
13 33
13 34
13 36
14 17
14 18
14 29
14 33
14 35
14 36
14 38
15 19
15 24
15 25
15 31
15 33
15 34
15 39
16 20
16 21
16 22
16 23
16 38
17 19
17 20
17 29
17 33
17 34
18 28
18 29
18 31
18 35
18 37
19 20
19 22
19 33
19 36
20 21
20 22
20 23
20 27
20 38
21 22
21 23
21 27
21 31
21 38
22 27
22 29
22 31
22 38
23 28
23 34
23 37
24 26
24 27
24 36
26 33
26 36
26 37
27 30
27 31
27 36
27 38
27 39
28 35
28 37
28 39
29 35
29 37
30 35
30 37
30 39
31 38
31 39
32 35
33 34
33 39
34 39
35 37
