60 143
13 11 1 11 3 0 5 13 7 2 11 15 15 5 6 9 3 10 8 6 7 7 5 5 5 13 0 2 14 0 9 7 9 5 10 7 5 14 7 1 4 3 10 10 3 15 14 14 3 3 2 9 12 10 10 7 11 13 3 5 
0 8
0 11
0 44
0 57
1 2
1 9
1 18
1 30
1 56
2 3
2 22
2 27
3 10
3 14
3 35
3 44
3 56
4 5
4 11
4 15
4 20
4 30
4 33
4 35
4 44
4 56
5 14
5 35
5 36
6 8
6 12
6 29
6 32
6 41
6 45
6 58
7 25
7 34
7 37
7 39
7 48
7 53
8 38
8 43
8 54
8 59
9 42
9 44
9 53
10 48
10 58
11 38
11 48
11 58
12 15
12 17
12 44
12 50
12 55
13 26
13 30
13 45
13 55
15 24
15 32
16 54
17 26
18 34
18 35
18 41
18 44
18 52
18 54
18 57
19 25
19 29
19 30
19 35
19 36
19 41
19 49
19 56
20 23
20 36
21 24
21 42
21 43
21 46
21 56
22 59
23 55
24 47
25 32
25 41
25 55
26 49
27 29
27 30
27 35
27 46
27 52
28 42
28 43
28 55
29 31
29 37
29 59
30 42
30 55
31 52
32 40
32 51
32 52
33 38
33 42
33 43
33 53
34 58
35 48
35 53
36 52
37 43
37 49
37 50
38 49
39 53
43 44
43 50
44 47
44 55
45 50
45 51
46 59
48 57
49 51
49 53
49 58
50 55
51 55
51 58
52 55
53 56
56 58
