80 594
12 8 6 10 9 14 7 5 3 14 3 13 5 0 1 7 7 8 13 2 14 12 12 11 6 9 5 11 11 7 3 8 5 8 0 8 12 2 13 3 4 4 4 8 1 8 11 10 7 6 15 11 8 15 8 4 1 0 14 13 4 1 9 14 13 1 3 2 3 2 11 9 10 12 14 13 6 11 4 15 
0 4
0 8
0 13
0 22
0 34
0 35
0 37
0 41
0 43
0 46
0 54
0 66
0 67
0 69
0 70
0 74
1 3
1 6
1 8
1 13
1 14
1 24
1 29
1 42
1 51
1 56
1 57
1 66
1 68
1 76
2 10
2 25
2 29
2 32
2 46
2 48
2 50
2 56
2 64
2 72
2 77
3 6
3 27
3 28
3 29
3 31
3 53
3 54
3 67
3 68
3 72
3 74
3 76
4 21
4 30
4 34
4 38
4 44
4 60
4 61
4 76
4 77
5 10
5 11
5 13
5 25
5 30
5 40
5 41
5 42
5 46
5 51
5 65
5 69
5 73
5 78
5 79
6 7
6 8
6 11
6 19
6 22
6 23
6 25
6 43
6 51
6 54
6 65
6 73
6 74
7 10
7 14
7 18
7 22
7 26
7 27
7 31
7 46
7 47
7 48
7 51
7 54
7 56
7 59
8 13
8 14
8 16
8 20
8 32
8 37
8 38
8 40
8 46
8 54
8 63
8 70
8 72
8 73
8 75
8 78
9 12
9 34
9 40
9 50
9 51
9 52
9 53
9 54
9 55
9 56
9 58
9 71
9 79
10 15
10 16
10 26
10 31
10 40
10 41
10 45
10 48
10 49
10 58
10 61
10 64
10 65
10 66
10 73
10 76
11 15
11 28
11 32
11 35
11 37
11 41
11 49
11 50
11 51
11 59
12 14
12 38
12 52
12 54
12 56
12 76
12 77
12 79
13 14
13 22
13 34
13 35
13 41
13 42
13 43
13 44
13 45
13 47
13 49
13 53
13 56
13 59
13 68
14 16
14 17
14 18
14 19
14 64
14 67
14 72
14 73
14 78
15 19
15 25
15 30
15 31
15 32
15 35
15 45
15 46
15 47
15 61
15 62
15 68
15 79
16 27
16 49
16 50
16 55
16 60
16 62
16 67
16 68
16 72
16 78
17 18
17 19
17 22
17 29
17 38
17 39
17 47
17 48
17 52
17 56
17 57
17 59
17 63
17 67
17 77
18 19
18 24
18 27
18 28
18 34
18 49
18 55
18 57
18 58
18 59
18 70
18 71
18 74
19 20
19 22
19 25
19 34
19 38
19 39
19 41
19 43
19 44
19 46
19 50
19 59
19 60
19 62
19 63
19 70
19 71
19 73
20 21
20 26
20 32
20 40
20 47
20 48
20 56
20 58
20 60
20 70
20 72
20 78
20 79
21 27
21 30
21 31
21 32
21 34
21 41
21 42
21 43
21 45
21 56
21 59
21 63
21 64
21 65
21 66
21 68
21 79
22 25
22 31
22 39
22 40
22 43
22 48
22 49
22 55
22 58
22 60
22 77
23 26
23 39
23 47
23 54
23 62
23 65
23 70
23 74
23 78
24 25
24 36
24 37
24 42
24 50
24 59
25 26
25 27
25 32
25 43
25 57
25 62
25 64
25 70
25 73
25 77
25 78
26 28
26 29
26 44
26 59
26 66
26 68
26 69
26 76
27 29
27 34
27 35
27 42
27 48
27 49
27 58
27 64
28 30
28 35
28 60
28 72
29 37
29 43
29 51
29 55
29 56
29 62
29 68
29 73
29 74
30 33
30 37
30 51
30 53
30 55
30 75
31 35
31 49
31 57
31 58
31 62
31 70
32 40
32 49
32 63
32 64
32 71
33 34
33 37
33 39
33 43
33 46
33 52
33 53
33 58
33 66
33 70
33 75
33 76
33 79
34 38
34 41
34 43
34 47
34 48
34 52
34 54
34 64
34 77
35 39
35 42
35 53
35 58
35 64
35 67
35 73
35 74
35 76
35 79
36 37
36 41
36 44
36 45
36 54
36 57
36 66
36 76
37 44
37 48
37 52
37 55
37 61
37 70
37 74
37 78
38 41
38 53
38 63
38 64
38 67
38 68
38 72
38 76
39 57
39 60
39 61
39 67
40 42
40 44
40 51
40 53
40 60
40 66
40 67
40 72
40 76
41 42
41 61
41 65
41 67
41 69
41 71
41 73
41 74
41 75
42 43
42 45
42 46
42 55
42 60
42 62
42 63
42 76
43 47
43 48
43 57
43 61
43 62
43 67
43 73
44 47
44 53
44 56
44 57
44 59
44 62
44 71
44 73
44 75
44 79
45 57
45 62
45 66
45 68
45 74
46 47
46 53
46 60
46 67
46 68
46 70
47 49
47 61
48 55
48 57
48 58
48 59
48 60
48 63
48 65
48 66
48 70
48 71
48 79
49 50
49 55
49 64
49 65
49 69
50 57
50 74
51 52
51 54
51 59
51 61
51 73
52 53
52 61
52 62
53 71
54 57
54 61
54 64
54 65
54 71
54 72
54 73
54 74
54 76
55 57
55 58
55 59
55 60
55 62
55 65
55 66
55 67
55 68
55 70
55 77
56 58
56 60
56 64
56 65
56 67
56 68
56 75
57 62
57 71
57 73
58 62
58 67
58 73
58 74
58 78
59 65
59 67
59 68
59 76
59 78
60 64
60 70
61 62
61 67
61 72
61 75
62 63
62 65
62 68
62 71
62 74
62 79
63 65
63 69
65 68
65 69
65 71
65 74
65 75
65 76
65 77
66 69
66 70
66 74
67 78
68 69
68 74
68 75
69 71
69 73
69 78
71 73
71 74
71 75
71 79
72 74
73 78
74 76
