60 115
10 4 7 10 3 0 9 0 9 13 0 9 3 7 4 11 10 7 15 6 2 9 7 9 5 14 11 10 4 0 6 1 4 11 15 3 10 15 8 2 4 14 0 1 8 2 0 15 10 4 5 10 5 0 14 8 13 3 1 2 
0 5
0 17
0 57
1 9
1 10
1 32
1 38
1 42
1 53
2 3
2 25
3 12
3 56
4 11
4 48
5 17
5 25
5 26
5 30
5 44
5 58
6 12
6 34
6 45
6 55
6 56
7 14
8 22
8 40
8 41
8 47
8 51
9 10
9 17
9 26
9 28
9 31
9 42
9 45
10 11
10 14
10 20
10 22
10 59
11 25
11 48
12 25
12 50
13 39
14 39
14 49
14 53
15 27
16 32
16 58
17 35
17 44
17 50
18 45
19 28
19 30
19 44
19 46
19 52
20 36
20 49
20 59
21 24
22 26
23 57
24 27
24 29
24 34
24 40
24 47
25 40
25 44
25 57
26 29
26 51
26 58
27 51
27 55
27 56
28 32
28 42
29 31
29 34
30 37
31 32
32 43
33 40
33 47
36 49
36 53
36 54
37 53
39 41
39 47
39 59
41 49
41 59
42 44
42 52
43 53
43 54
45 46
45 50
45 59
46 54
47 55
48 59
49 52
50 57
55 59
