60 116
8 6 8 7 2 5 10 10 14 9 9 0 5 4 15 4 12 8 10 4 4 4 10 13 12 0 0 4 15 5 4 4 11 3 7 14 2 1 12 14 3 12 6 15 0 9 14 15 3 10 10 13 2 13 9 15 4 14 2 6 
0 3
0 8
0 11
0 25
0 28
0 59
1 11
1 27
1 59
2 18
2 45
2 52
2 55
3 6
3 7
3 11
3 12
3 47
3 53
4 12
4 45
4 52
4 53
5 43
5 49
5 56
6 11
6 33
7 28
7 40
7 41
7 42
8 11
8 33
8 34
8 40
8 56
9 10
9 11
9 20
9 32
9 55
10 16
10 34
12 17
12 33
12 40
13 41
14 35
14 42
15 17
15 21
15 35
15 50
16 55
17 25
17 28
18 29
18 51
19 20
19 25
19 53
19 59
20 31
20 37
21 26
21 44
21 58
22 34
22 40
22 43
22 51
23 37
23 47
23 52
23 56
24 32
24 49
24 50
25 28
25 31
25 53
26 31
26 52
26 53
27 32
28 36
29 55
29 56
30 44
30 55
31 41
31 44
31 53
32 52
35 38
35 52
35 54
35 58
36 44
37 44
37 57
38 42
39 55
40 42
40 45
44 50
45 51
46 57
48 52
48 57
50 57
52 58
54 55
54 56
55 58
