30 156
5 2 4 7 0 7 7 0 1 1 2 7 2 0 3 1 6 3 1 2 1 3 0 6 2 3 3 0 4 7 
0 1
0 2
0 10
0 14
0 16
0 17
0 20
0 21
0 22
0 26
1 4
1 8
1 9
1 10
1 11
1 15
1 17
1 19
1 27
2 7
2 11
2 12
2 16
2 17
2 18
2 20
2 24
2 27
3 4
3 7
3 9
3 10
3 24
3 25
3 26
3 29
4 9
4 11
4 13
4 14
4 16
4 21
4 23
5 12
5 14
5 17
5 18
5 19
5 20
5 22
5 23
5 24
5 25
5 28
5 29
6 7
6 8
6 10
6 11
6 14
6 16
6 17
6 18
6 19
6 23
6 24
6 26
6 28
6 29
7 8
7 15
7 18
7 19
7 24
7 25
8 13
8 15
8 17
8 21
8 22
8 25
8 29
9 15
9 16
9 22
9 23
9 26
9 29
10 12
10 13
10 18
10 19
10 22
10 23
10 27
10 29
11 15
11 23
11 24
12 16
12 18
12 22
12 23
12 24
12 26
12 27
13 14
13 16
13 17
13 25
14 17
14 18
14 19
14 21
14 22
14 24
14 26
14 28
15 18
15 19
15 21
15 23
15 24
15 25
16 18
16 26
16 28
16 29
17 19
17 20
17 24
17 25
17 26
17 28
18 20
18 24
18 25
18 29
19 21
19 22
19 24
20 24
20 25
20 28
21 23
21 24
21 25
21 28
22 25
23 26
24 25
24 27
24 28
24 29
25 29
27 28
