60 141
9 11 12 11 1 1 13 4 4 0 4 11 9 14 7 4 15 2 1 3 10 5 14 4 6 5 3 15 0 1 0 8 10 7 6 6 1 15 5 2 0 3 13 15 15 1 15 6 11 2 11 4 2 7 5 9 13 3 0 7 
0 23
0 30
0 44
0 54
1 2
1 10
1 30
1 49
2 38
2 47
2 50
2 56
3 21
3 32
4 5
4 19
4 33
4 38
4 42
4 48
4 52
4 54
5 7
5 17
5 18
5 19
5 24
5 33
5 40
5 42
5 58
6 20
6 32
6 33
6 49
7 20
7 21
7 26
7 30
7 49
8 20
8 43
8 46
9 25
9 43
10 13
10 22
10 34
10 36
10 52
11 26
11 34
11 58
12 13
12 26
12 36
12 39
12 52
12 57
13 47
13 59
14 25
14 33
15 20
15 32
15 35
15 59
16 55
17 23
17 33
18 30
18 31
18 37
19 25
19 39
19 45
20 24
20 43
20 55
21 26
21 34
21 41
21 52
21 55
21 56
21 58
22 51
23 27
24 29
25 26
25 44
25 58
26 27
26 33
26 35
26 51
26 59
27 28
27 57
27 58
28 29
28 35
28 43
29 50
29 51
29 55
29 58
30 52
31 32
31 41
31 45
31 51
32 34
32 55
33 43
33 47
34 38
34 49
34 59
35 53
35 55
35 56
37 52
37 54
37 56
37 57
37 58
38 39
38 43
38 51
38 56
39 46
40 58
41 42
42 48
43 47
44 53
45 55
45 58
46 54
48 55
