50 74
5 4 1 0 0 7 0 0 5 0 3 7 2 5 5 4 7 7 3 1 4 2 4 3 2 3 0 2 4 0 2 3 5 1 4 0 3 0 3 0 0 3 1 7 2 3 2 6 3 6 
0 5
0 18
0 19
0 25
0 43
0 46
0 49
1 7
1 31
1 34
1 43
1 47
2 44
3 9
4 8
4 14
4 33
4 47
5 28
6 22
6 24
6 30
7 24
7 26
7 27
7 35
8 36
9 10
9 17
9 37
10 12
10 33
11 48
12 17
12 35
13 20
14 16
14 23
14 45
15 32
15 44
16 18
16 41
17 44
18 21
18 23
19 39
20 37
20 38
21 29
21 43
22 23
22 45
23 46
24 42
26 38
26 39
28 37
29 32
29 42
29 47
30 42
31 32
31 43
33 37
33 43
33 48
36 39
37 47
39 40
40 46
41 45
44 46
46 47
