30 85
7 6 7 2 1 0 7 4 7 2 4 6 1 7 3 6 1 1 2 3 6 1 1 3 2 1 5 1 7 5 
0 5
0 12
0 17
0 18
0 19
0 22
0 25
1 3
1 4
1 16
1 18
2 8
2 9
2 10
3 8
3 12
3 14
3 27
4 6
4 8
4 11
4 15
4 19
5 6
5 12
5 18
5 19
5 28
6 7
6 10
6 12
6 27
6 28
7 10
7 11
7 14
7 20
7 21
7 24
7 26
7 28
8 12
8 23
8 25
9 10
9 12
10 11
10 12
10 13
10 14
10 22
11 12
11 14
11 20
11 27
12 14
12 16
12 18
12 26
12 28
13 19
13 22
14 20
14 22
14 27
15 16
15 18
16 18
16 24
16 25
17 18
17 19
17 20
17 22
17 24
17 29
18 19
18 28
19 22
20 27
21 25
22 29
23 26
24 28
25 29
