90 159
13 4 9 4 9 3 12 7 3 14 12 6 5 14 8 12 4 0 13 14 3 6 13 3 12 4 6 15 13 2 13 1 5 6 15 10 7 6 6 12 2 0 10 7 14 14 8 2 7 2 7 10 2 13 11 4 12 8 7 10 7 1 11 14 11 6 10 4 0 6 0 12 6 4 0 8 7 2 13 6 11 3 4 14 5 1 14 9 15 7 
0 47
0 63
0 80
1 48
2 10
2 63
3 85
4 54
4 55
4 61
4 62
4 76
4 78
4 81
5 8
5 19
5 29
5 41
5 44
5 84
6 7
6 18
6 40
6 60
6 79
7 69
7 88
8 15
8 31
8 35
8 42
8 50
8 76
9 30
9 32
10 13
10 22
10 64
10 76
11 14
11 25
11 60
11 73
11 84
12 34
12 39
12 47
13 21
13 22
14 67
15 85
16 26
17 18
17 29
17 49
18 70
18 72
19 36
19 68
19 82
19 86
20 27
20 28
20 38
20 65
20 72
20 87
21 34
21 46
21 63
22 32
22 86
23 26
23 49
23 62
23 85
24 84
25 52
25 82
25 83
26 35
26 75
26 89
27 40
27 87
28 33
28 56
29 53
29 60
29 87
30 53
30 62
31 39
31 49
31 75
32 41
32 46
33 50
33 57
33 65
33 67
33 75
33 81
33 84
34 54
34 72
34 82
35 62
35 88
37 39
37 64
37 84
39 46
39 89
40 60
40 74
41 84
43 56
43 68
43 70
44 58
44 68
44 82
45 76
46 70
47 87
48 77
49 63
49 74
50 59
51 53
51 80
52 68
53 62
53 77
53 80
55 80
58 70
58 71
58 76
59 68
60 72
65 68
65 70
65 72
65 76
65 84
66 81
67 76
68 85
69 84
70 77
70 83
70 87
73 81
75 85
76 86
79 83
83 89
