100 291
18 18 11 4 12 30 27 12 16 27 20 7 14 11 31 10 8 25 21 4 0 2 0 22 2 7 7 24 7 11 1 21 11 11 20 16 19 28 3 16 19 25 27 23 14 20 28 5 27 10 27 19 0 29 11 28 7 13 15 12 26 29 15 15 5 28 31 6 7 5 20 25 28 4 6 3 10 13 1 27 31 30 3 8 16 2 11 1 10 19 26 12 22 25 6 1 10 22 6 15 
0 14
0 32
0 66
1 42
1 65
1 68
1 74
1 85
1 87
1 88
1 98
2 39
2 43
2 61
2 62
2 83
2 88
3 6
3 33
3 47
3 67
3 78
4 26
4 41
4 43
4 44
4 47
4 65
4 86
5 26
5 28
5 49
5 51
5 60
5 75
5 97
5 98
6 10
6 13
6 14
6 32
6 67
7 12
7 25
7 29
7 77
7 82
8 31
8 50
8 55
8 72
8 74
8 95
9 13
9 31
9 32
9 57
9 69
10 43
10 81
11 33
11 44
11 45
11 48
11 53
11 98
12 50
12 52
12 74
12 80
12 84
12 95
13 15
13 33
13 54
13 68
13 76
14 45
14 47
14 54
14 61
14 75
14 92
14 94
15 19
15 28
15 29
15 48
15 67
15 82
15 92
16 25
16 61
16 63
16 90
17 29
17 31
17 49
17 50
17 60
17 69
17 84
17 85
17 87
18 38
18 49
18 58
18 78
18 89
19 33
19 36
19 72
19 78
19 81
19 89
20 41
21 23
21 26
21 69
21 80
21 85
22 51
22 60
22 75
23 49
23 52
23 74
23 77
23 88
23 93
24 41
24 57
24 69
24 80
25 53
25 72
25 80
26 34
26 59
26 76
26 91
26 93
27 28
27 51
27 75
27 82
27 83
27 98
28 76
28 77
28 81
28 93
29 38
29 46
29 54
29 77
29 91
29 94
29 98
30 37
30 46
30 51
30 85
30 87
30 88
30 90
30 92
30 94
31 45
31 53
31 54
32 37
32 45
32 47
33 35
33 41
33 46
33 50
33 57
34 49
34 52
34 84
34 85
35 43
35 65
35 82
36 55
36 70
36 89
37 39
37 42
37 56
38 42
38 56
38 82
38 98
38 99
39 49
39 51
39 85
39 88
39 98
40 54
40 89
41 76
41 81
41 91
42 46
43 62
43 64
43 70
43 72
43 81
44 61
44 90
45 66
45 68
45 72
46 74
46 90
46 95
47 57
47 71
48 50
48 89
48 97
49 75
49 77
49 81
50 96
51 59
51 97
52 92
52 96
53 67
53 96
53 97
54 59
54 84
54 95
55 57
55 84
56 58
56 80
56 94
57 66
57 75
58 67
58 82
59 61
59 66
59 81
60 81
60 91
61 74
61 95
61 99
62 67
62 86
63 65
64 67
64 83
65 76
65 95
67 78
67 89
67 94
68 88
68 90
69 76
70 71
70 76
70 85
72 92
73 79
73 97
74 77
74 87
75 81
75 89
76 84
77 84
77 98
79 89
80 91
80 92
82 89
82 91
85 87
85 96
92 95
