100 481
23 24 9 3 24 2 16 24 20 9 15 4 17 6 23 29 7 3 2 15 2 20 28 28 0 22 18 27 5 21 17 1 22 26 5 17 25 18 29 23 8 10 8 30 4 27 2 9 7 12 31 28 1 31 7 24 12 28 22 4 7 2 25 15 15 30 27 0 26 1 20 18 13 13 17 9 14 0 17 22 25 31 2 23 8 23 22 3 17 22 8 5 17 6 18 7 1 21 2 16 
0 1
0 9
0 27
0 31
0 44
0 45
0 48
0 54
0 62
0 63
0 66
0 83
0 85
0 99
1 10
1 21
1 40
1 56
1 77
1 78
2 3
2 5
2 9
2 17
2 26
2 47
2 48
2 50
2 57
2 63
2 68
2 82
3 26
3 32
3 34
3 37
3 40
3 55
3 66
3 70
3 79
3 82
3 87
3 91
3 94
4 5
4 7
4 10
4 31
4 38
4 41
4 58
4 74
4 85
4 88
4 91
4 93
4 95
5 6
5 33
5 36
5 59
5 60
5 61
5 62
5 89
6 10
6 11
6 20
6 24
6 44
6 46
6 57
6 69
6 83
6 95
6 96
7 20
7 30
7 36
7 44
7 50
7 61
7 76
8 17
8 30
8 36
8 38
8 39
8 41
8 42
8 43
8 47
8 66
8 67
8 86
9 10
9 11
9 35
9 53
9 57
9 61
9 64
9 81
9 90
9 95
10 48
10 54
10 78
10 96
11 17
11 25
11 29
11 37
11 41
11 46
11 64
11 74
11 80
11 84
12 39
12 43
12 77
13 27
13 28
13 46
13 58
13 65
13 80
14 18
14 23
14 27
14 32
14 39
14 52
14 79
14 99
15 34
15 46
15 48
15 54
15 72
15 75
15 90
16 26
16 30
16 50
16 56
16 78
16 95
16 98
17 35
17 56
17 61
17 62
17 67
17 91
18 39
18 55
18 66
18 67
18 69
18 83
18 84
18 89
19 39
19 40
19 45
19 47
19 58
19 59
19 71
19 75
19 88
19 90
19 91
20 22
20 29
20 37
20 50
20 55
20 60
20 63
20 68
20 73
20 74
20 94
21 26
21 39
21 47
21 48
21 49
21 52
21 83
22 67
22 69
22 72
22 76
22 78
22 97
23 58
23 60
23 72
23 87
23 96
24 26
24 27
24 41
24 45
24 66
24 72
24 89
25 42
25 45
25 47
25 52
25 54
25 82
25 85
25 89
25 94
26 42
26 72
27 32
27 35
27 56
27 61
27 82
27 92
28 51
28 55
28 57
28 63
28 65
28 72
28 80
28 89
28 91
29 37
29 73
29 79
29 91
29 94
29 95
30 41
30 64
30 69
30 98
31 35
31 36
31 51
31 58
31 67
31 77
31 91
32 51
32 59
32 66
32 75
33 52
33 66
33 77
33 81
33 83
33 90
34 36
34 43
34 60
34 64
34 88
34 92
35 43
35 46
35 47
35 50
35 57
35 67
35 69
35 79
35 81
35 90
35 91
36 51
36 52
36 56
36 89
37 42
37 44
37 46
37 54
37 56
37 58
37 59
37 66
37 72
37 86
38 46
38 51
38 72
38 73
38 75
38 79
38 86
38 87
38 96
38 98
39 42
39 48
39 74
39 77
39 79
39 91
40 61
40 64
40 67
40 79
40 82
40 85
40 87
40 95
40 99
41 43
41 52
41 54
41 56
41 68
41 79
41 89
41 91
42 49
42 51
42 64
42 73
42 75
42 81
42 85
42 91
43 50
43 56
43 69
43 72
43 82
43 83
43 87
44 51
44 61
44 69
44 77
45 49
45 64
45 69
45 74
45 82
46 48
46 82
46 86
46 88
46 95
46 96
47 67
47 87
47 92
47 96
47 98
48 87
48 89
48 99
49 57
49 64
49 88
49 89
50 70
50 72
50 84
50 97
50 98
51 56
51 58
51 63
51 67
51 72
51 74
51 78
51 90
52 53
52 57
52 75
52 77
52 87
53 59
53 97
54 64
54 66
54 72
54 98
55 88
56 62
56 70
56 77
56 88
56 96
57 71
57 74
57 96
58 59
58 87
58 90
59 62
59 71
59 80
60 73
60 93
60 98
61 64
61 81
61 85
62 76
62 87
62 92
63 65
63 94
64 88
64 93
65 78
65 82
65 85
65 92
65 96
66 99
67 72
67 76
67 79
67 81
67 85
67 87
67 93
67 94
68 69
68 76
68 83
68 96
69 76
69 80
70 79
70 89
70 95
71 95
72 84
72 89
74 79
74 83
75 98
76 91
77 93
77 96
78 80
78 89
78 94
79 83
79 90
79 99
80 83
80 95
80 97
81 84
81 89
82 96
83 89
83 97
86 88
86 93
86 94
86 95
88 90
88 96
88 99
89 91
93 95
94 95
94 96
95 97
