60 331
2 1 8 10 7 11 0 13 4 1 5 13 15 0 9 6 3 13 1 6 11 10 9 15 15 11 2 7 13 12 11 10 15 8 4 9 14 9 3 4 2 0 12 7 12 14 6 6 0 3 15 2 5 6 14 1 10 11 0 3 
0 4
0 6
0 13
0 21
0 26
0 35
0 42
0 52
0 59
1 5
1 11
1 12
1 16
1 28
1 46
1 49
1 52
1 53
1 55
1 56
2 4
2 5
2 7
2 11
2 12
2 15
2 18
2 21
2 35
2 36
2 43
2 50
3 4
3 5
3 6
3 7
3 8
3 10
3 39
3 42
3 48
3 50
3 54
4 12
4 19
4 20
4 22
4 24
4 26
4 31
4 36
4 37
4 39
4 42
4 46
4 47
4 48
4 54
4 59
5 7
5 8
5 24
5 41
5 57
6 10
6 15
6 18
6 31
6 32
6 47
6 50
6 52
7 27
7 28
7 32
7 45
7 50
8 9
8 13
8 15
8 22
8 38
8 40
8 43
8 44
8 48
8 49
8 50
9 26
9 29
9 33
9 36
9 48
9 49
9 51
9 52
10 19
10 25
10 26
10 31
10 38
10 40
10 44
10 48
10 50
10 52
10 55
10 56
11 15
11 18
11 19
11 20
11 21
11 26
11 43
12 13
12 14
12 37
12 48
12 51
12 57
13 14
13 23
13 29
13 33
13 37
13 45
13 48
13 51
13 56
14 22
14 26
14 35
14 37
14 45
14 46
14 52
14 54
14 57
15 16
15 22
15 24
15 35
15 38
15 39
15 40
15 45
15 46
15 49
15 52
15 55
15 57
16 18
16 20
16 22
16 29
16 30
16 44
16 48
16 50
16 52
16 59
17 23
17 33
17 34
17 40
17 42
17 49
17 50
18 20
18 22
18 24
18 27
18 32
18 42
18 49
18 50
18 55
19 22
19 30
19 33
19 35
19 36
19 41
19 43
19 44
19 47
19 50
19 53
19 56
20 21
20 22
20 23
20 40
20 42
20 50
21 22
21 24
21 32
21 43
21 44
21 49
21 55
22 36
22 44
22 49
22 52
22 54
22 58
22 59
23 27
23 30
23 36
23 37
23 39
23 41
23 46
23 47
23 48
24 29
24 50
25 26
25 30
25 37
25 44
25 47
25 50
26 41
26 43
26 45
26 51
26 52
26 53
26 58
27 28
27 46
27 56
27 57
27 58
27 59
28 40
28 42
28 45
28 46
28 50
28 59
29 31
29 35
29 46
29 47
29 48
29 51
30 50
30 58
31 32
31 48
31 53
31 56
32 34
32 39
32 46
32 50
32 52
33 35
33 41
33 48
33 49
34 55
35 36
35 38
35 44
35 50
35 52
35 58
35 59
36 38
36 48
36 59
37 39
37 42
37 45
37 49
37 52
38 48
38 51
38 57
39 45
39 47
39 48
39 55
40 45
40 50
40 51
40 52
40 53
40 54
40 58
41 45
41 47
41 49
41 55
42 44
42 45
42 59
43 44
43 45
43 46
43 48
43 53
43 55
43 57
43 59
44 56
44 59
45 48
46 50
46 57
47 48
47 49
47 56
47 57
47 59
48 49
48 51
49 51
49 56
52 53
52 56
53 54
54 58
55 57
