90 179
7 4 2 8 6 11 7 13 3 8 6 9 10 13 4 10 5 2 8 0 12 14 4 5 12 14 15 10 2 2 8 11 5 0 10 8 5 10 4 13 6 5 0 15 14 10 6 5 5 6 7 6 13 7 9 2 15 1 7 8 2 5 9 9 15 5 14 9 4 14 13 0 11 14 1 7 13 0 9 7 14 2 11 6 8 10 10 15 4 3 
0 26
0 29
0 61
1 16
1 30
1 33
2 15
2 35
2 36
2 51
2 81
3 9
3 31
3 73
4 32
4 46
4 53
5 27
5 30
5 33
5 72
6 7
6 33
6 72
6 80
6 81
6 83
7 12
7 28
7 54
7 89
8 13
8 64
8 65
8 68
9 35
9 36
9 56
10 48
10 54
10 74
10 84
11 15
11 26
11 36
11 62
12 47
12 66
12 69
13 24
13 80
13 83
14 21
14 67
14 74
15 38
15 60
16 43
16 50
16 79
16 81
17 37
18 37
18 40
18 44
19 41
19 54
20 45
20 60
20 72
20 83
20 88
21 59
21 64
21 65
22 24
22 28
22 38
22 69
22 89
23 27
23 30
23 78
23 83
24 55
24 65
25 26
25 29
25 42
25 61
25 62
26 37
26 59
27 49
27 87
28 34
28 45
28 59
28 65
29 46
31 56
31 77
32 42
32 49
32 87
33 50
34 35
34 44
34 47
34 51
35 73
36 37
36 41
37 56
37 61
38 41
38 51
38 55
39 43
39 50
39 68
39 70
40 43
40 70
40 76
40 81
42 46
42 50
42 88
44 71
44 73
46 81
46 86
47 71
47 89
48 52
48 69
49 72
49 77
49 88
50 80
51 89
52 75
53 57
53 72
53 87
54 59
54 69
55 57
55 60
55 83
56 63
56 64
57 78
58 67
58 79
58 84
58 85
59 74
60 61
60 62
61 63
62 88
63 77
63 86
64 67
64 84
65 80
66 71
66 75
68 80
68 84
69 75
70 84
70 85
75 81
75 82
76 85
78 87
