100 198
15 9 30 6 14 10 10 9 16 29 16 18 11 24 28 24 5 4 26 6 27 19 25 15 10 23 12 26 3 10 12 10 18 5 4 24 8 0 27 31 7 15 14 8 28 26 22 31 24 2 11 1 22 6 23 29 24 28 28 16 19 17 29 18 10 14 19 7 14 5 10 26 17 13 8 13 4 7 28 7 28 21 5 28 5 27 7 1 0 15 5 30 16 10 26 2 9 0 8 1 
0 10
0 13
0 21
1 74
1 83
2 32
2 57
2 66
2 82
2 88
3 4
3 5
3 8
3 76
4 96
5 31
6 25
6 43
6 52
6 63
6 69
7 19
7 35
7 48
7 87
7 96
8 34
8 43
8 51
8 64
9 16
9 62
9 88
10 17
10 18
11 15
11 16
11 21
11 30
11 84
12 17
12 51
12 65
12 66
12 93
13 68
14 53
15 55
15 97
16 25
16 29
16 44
16 50
16 87
17 58
17 60
18 54
19 21
19 61
19 73
19 84
19 90
20 23
20 25
20 32
20 92
20 93
21 42
21 53
21 56
21 78
22 92
23 62
23 70
23 90
24 26
24 41
25 62
26 31
26 44
26 48
26 57
26 60
26 62
26 63
27 66
27 97
28 44
28 49
28 98
29 58
29 84
30 59
30 93
30 94
30 96
31 56
31 65
31 84
31 92
31 97
32 42
32 48
32 68
32 76
33 39
33 41
33 59
33 60
34 62
34 95
35 60
36 44
36 55
36 99
37 61
37 76
37 81
38 63
38 94
38 98
39 64
39 67
40 52
40 86
41 88
41 93
42 79
43 44
43 45
43 52
43 79
43 98
44 63
44 92
44 97
45 57
45 80
46 65
47 72
47 86
48 68
48 84
48 94
49 58
50 67
51 66
51 80
53 54
54 62
54 69
55 98
56 64
57 83
57 96
59 72
59 73
59 79
59 87
60 70
60 76
60 83
60 92
61 77
61 97
62 64
64 76
64 86
65 67
65 86
66 81
66 85
66 86
66 95
68 92
68 97
69 70
69 79
69 94
70 72
70 98
71 91
71 98
72 84
72 92
72 98
75 94
76 78
77 83
77 91
78 95
80 93
81 99
84 86
84 89
84 96
85 86
85 99
