70 118
0 1 1 9 6 6 12 14 11 9 2 2 10 2 9 2 14 5 4 0 6 2 10 5 6 7 7 12 11 14 3 7 5 13 7 10 0 9 0 11 15 4 8 4 14 4 3 2 13 12 4 15 12 8 6 0 3 11 2 7 13 11 9 0 10 1 14 10 11 7 
0 14
0 26
0 57
1 22
1 37
1 57
2 13
2 31
2 68
3 26
3 43
3 55
3 67
4 38
4 56
4 62
5 21
5 64
6 13
6 39
6 53
6 67
6 68
7 12
7 25
8 31
9 48
10 31
10 35
10 62
11 42
11 51
11 57
11 61
11 63
12 26
12 30
12 38
12 39
12 40
12 47
13 32
13 48
13 64
13 69
14 22
15 25
15 41
16 19
16 50
17 29
17 46
17 64
18 24
18 29
18 52
18 60
19 39
19 57
19 59
19 67
20 31
20 55
21 50
22 36
23 41
23 68
24 29
25 37
25 58
25 62
25 64
25 65
26 33
26 39
26 45
26 50
26 57
26 59
26 65
27 65
27 68
28 62
28 66
30 39
30 49
30 59
31 61
31 64
34 45
37 52
38 52
38 56
39 44
39 47
39 53
39 57
39 61
39 68
40 51
41 69
42 44
42 63
44 51
46 68
46 69
47 57
48 55
52 61
52 63
53 61
53 64
54 64
55 62
61 66
61 68
62 67
67 69
