50 124
3 1 6 0 3 6 3 2 5 2 5 6 5 1 3 1 4 1 5 0 0 1 6 1 7 5 4 4 5 1 2 5 1 1 5 5 7 2 0 3 6 1 4 2 5 5 6 1 0 6 
0 2
0 10
0 43
0 45
0 49
1 5
1 12
1 32
1 40
1 41
1 43
1 44
1 46
1 47
2 29
2 30
2 43
2 48
3 8
3 21
3 30
4 29
4 32
4 33
4 34
4 40
5 13
5 24
5 26
6 7
6 21
7 26
7 30
7 40
8 34
8 37
8 46
9 18
9 30
9 46
10 15
10 34
10 39
11 17
11 24
11 27
11 33
11 36
12 37
12 40
12 44
12 47
13 14
13 18
14 19
14 37
14 45
15 19
15 23
15 26
15 36
15 49
16 21
16 31
16 34
16 38
17 23
17 24
17 35
17 36
17 38
17 45
18 20
18 30
18 41
18 46
19 39
19 40
19 41
19 42
19 44
19 48
20 37
20 47
21 37
21 40
21 44
22 28
22 37
22 46
22 49
23 29
23 43
23 49
24 25
24 43
25 36
25 42
26 27
26 33
26 43
26 48
27 30
27 34
27 35
27 48
28 31
28 36
29 35
29 36
30 49
31 49
32 48
35 36
35 42
35 46
35 48
38 42
38 44
40 45
41 43
43 45
43 46
46 47
