25 108
3 1 1 1 0 1 2 0 0 3 2 3 0 3 2 1 0 1 0 0 0 2 3 3 0 
0 4
0 18
0 19
0 21
0 23
0 24
1 2
1 3
1 4
1 7
1 9
1 11
1 18
1 20
1 21
1 22
1 23
2 4
2 6
2 9
2 11
2 14
2 18
2 24
3 8
3 11
3 12
3 20
3 24
4 6
4 8
4 15
4 18
4 19
4 23
5 9
5 12
5 16
5 17
5 19
5 21
5 22
5 24
6 8
6 12
6 13
6 18
6 21
6 22
7 8
7 11
7 16
8 21
8 24
9 10
9 12
9 14
9 16
9 19
10 12
10 16
10 17
10 18
10 19
10 22
10 23
11 13
11 15
11 16
11 19
11 22
11 23
12 13
12 17
12 19
12 22
13 14
13 15
13 17
13 19
13 20
13 22
13 24
14 16
14 17
14 18
14 19
14 21
15 17
15 18
15 23
16 17
16 18
16 19
16 20
16 23
17 19
18 23
18 24
19 20
19 21
19 22
19 23
20 21
20 22
20 23
21 22
22 24
