40 120
7 5 7 0 3 3 1 0 0 4 7 4 6 6 1 1 3 0 5 3 5 0 2 3 5 7 5 1 1 7 3 1 2 6 1 7 2 7 4 7 
0 6
0 8
0 17
0 19
0 24
0 25
0 26
0 27
0 38
1 22
2 7
2 9
2 11
2 20
2 37
2 39
3 13
3 22
3 30
3 35
3 38
4 5
4 6
4 10
4 12
4 24
4 25
4 28
4 30
4 33
5 6
5 12
5 25
5 28
5 30
5 38
6 12
6 19
6 25
6 38
7 9
7 11
7 20
7 21
7 37
8 17
8 25
8 27
8 29
8 38
9 11
9 15
9 36
9 39
10 12
10 14
10 15
10 28
10 36
10 39
11 22
11 36
11 37
11 39
12 15
12 28
12 31
13 16
13 18
13 23
13 24
13 27
13 29
13 34
14 24
14 26
14 29
15 28
15 36
15 39
16 17
16 18
16 27
16 29
16 32
16 34
17 27
17 29
17 38
18 20
18 21
18 23
18 26
18 30
18 34
19 31
19 36
19 37
20 21
20 23
20 32
20 37
21 23
21 34
21 37
22 31
23 31
23 34
23 37
25 38
27 29
28 31
28 36
29 30
29 34
31 38
32 33
32 35
35 39
36 39
