35 148
3 4 3 1 7 4 3 3 4 4 0 4 7 1 5 4 7 1 5 4 2 7 0 2 5 2 2 3 6 6 4 2 7 0 2 
0 4
0 7
0 9
0 10
0 11
0 13
0 22
0 27
0 28
0 32
1 2
1 5
1 7
1 11
1 17
1 22
1 34
2 15
2 16
2 22
2 23
2 26
2 29
3 10
3 12
3 13
3 17
3 23
3 33
3 34
4 12
4 16
4 20
4 26
5 6
5 10
5 14
5 16
5 19
5 20
5 21
5 24
5 25
5 27
5 30
5 31
6 11
6 17
6 19
7 8
7 10
7 11
7 14
7 17
7 18
7 31
8 12
8 15
8 18
8 27
8 28
8 31
9 15
9 19
9 21
9 29
10 11
10 13
10 18
10 19
10 20
10 25
10 34
11 12
11 13
11 21
11 25
11 32
12 14
12 23
12 33
12 34
13 17
13 19
13 21
13 25
13 26
13 30
13 33
14 16
14 18
14 20
14 21
14 23
14 24
14 25
14 30
14 31
14 32
15 22
15 24
15 25
15 34
16 19
16 20
16 22
16 24
16 27
16 30
16 31
16 32
16 33
17 18
17 19
17 29
18 33
18 34
19 20
19 22
19 27
19 30
19 31
19 32
19 33
19 34
20 27
20 31
20 32
21 28
21 30
22 24
22 28
23 26
23 31
23 32
24 27
24 30
24 31
24 32
25 31
27 30
27 31
27 32
28 29
28 32
30 31
30 32
32 34
