60 341
14 10 1 3 11 11 12 3 1 5 14 5 1 1 11 11 4 6 13 15 8 8 8 1 5 14 10 2 3 7 9 11 1 10 2 4 15 2 8 15 0 4 7 3 11 10 12 5 10 13 0 7 4 0 3 0 10 15 10 12 
0 10
0 15
0 22
0 41
0 47
1 8
1 17
1 24
1 27
1 29
1 30
1 33
1 40
1 43
1 51
1 53
1 54
1 59
2 15
2 16
2 20
2 22
2 27
2 31
2 32
2 36
2 42
2 44
2 46
2 49
2 57
2 59
3 5
3 11
3 15
3 17
3 22
3 23
3 25
3 26
3 40
3 41
3 48
3 57
3 58
3 59
4 8
4 9
4 14
4 20
4 34
4 36
4 37
4 49
4 50
4 51
4 54
4 58
5 6
5 7
5 17
5 18
5 24
5 26
5 27
5 37
5 40
5 41
5 43
6 9
6 10
6 12
6 31
6 46
6 53
6 54
6 56
7 13
7 16
7 19
7 24
7 35
7 38
7 41
7 45
7 47
7 53
8 9
8 22
8 24
8 51
8 55
9 14
9 19
9 20
9 26
9 30
9 34
9 38
9 39
9 42
9 45
9 54
9 57
9 59
10 11
10 15
10 19
10 20
10 22
10 25
10 26
10 27
10 32
10 39
10 41
11 14
11 21
11 22
11 41
11 50
11 53
12 13
12 15
12 21
12 27
12 28
12 39
12 49
12 51
13 29
13 45
13 46
13 49
13 52
14 16
14 24
14 28
14 32
14 35
14 37
14 43
14 44
14 45
14 50
14 55
15 19
15 24
15 28
15 31
15 33
15 34
15 37
15 45
15 47
15 48
15 50
15 53
16 24
16 26
16 31
16 33
16 35
16 37
16 45
16 49
16 58
16 59
17 18
17 28
17 30
17 35
17 51
18 23
18 27
18 29
18 30
18 32
18 45
18 55
18 59
19 27
19 35
19 37
19 38
19 42
19 45
19 53
20 23
20 29
20 33
20 35
20 37
20 39
20 41
20 45
20 51
20 53
21 28
21 33
21 35
21 44
21 54
22 34
22 39
22 50
23 29
23 30
23 33
23 46
23 53
23 57
23 59
24 26
24 27
24 33
24 36
24 41
24 42
24 47
24 48
24 49
24 58
25 30
25 35
25 37
25 39
25 41
25 52
26 30
26 32
26 33
26 41
26 48
26 49
26 51
26 52
26 59
27 32
27 39
27 45
27 50
28 30
28 32
28 34
28 35
28 39
28 41
28 52
28 54
28 56
28 58
29 33
29 35
29 40
29 53
29 57
29 59
30 31
30 39
30 43
30 45
30 47
30 49
30 52
30 53
30 56
30 59
31 32
31 33
31 35
31 37
31 44
31 47
31 48
32 35
32 50
32 52
32 56
32 57
33 36
33 37
33 40
33 42
33 45
33 51
33 58
33 59
35 39
35 52
35 54
35 59
36 39
36 48
36 50
36 53
36 56
37 39
37 40
37 46
37 50
37 51
37 56
37 58
38 47
38 48
38 51
38 52
39 42
39 43
39 45
39 55
39 59
40 41
40 46
40 47
41 44
41 53
42 44
42 48
42 56
43 44
44 45
44 46
44 50
45 48
46 52
46 54
46 59
47 50
47 57
48 49
48 58
49 52
49 58
50 51
52 53
54 57
54 59
55 56
58 59
