70 308
8 15 7 1 2 1 6 1 15 9 13 12 14 2 9 5 12 8 10 8 6 4 14 1 14 6 13 6 15 5 10 13 10 4 2 2 6 14 9 4 7 13 0 13 6 12 2 8 5 3 12 1 13 15 6 6 3 2 15 7 10 13 11 10 14 9 14 15 14 6 
0 11
0 15
0 21
0 22
0 35
0 36
0 42
0 49
0 52
0 63
0 66
1 15
1 22
1 30
1 42
1 58
1 69
2 5
2 10
2 14
2 23
2 35
2 37
2 47
2 49
2 60
3 9
3 19
3 20
3 22
3 30
3 52
3 56
3 58
4 7
4 9
4 12
4 13
4 18
4 30
4 41
4 55
4 67
5 6
5 11
5 16
5 19
5 26
5 33
5 36
5 37
5 55
5 63
5 65
6 25
6 26
6 35
6 37
6 42
6 43
6 53
6 55
6 59
6 64
6 65
7 12
7 13
7 33
7 34
7 36
7 44
7 49
7 53
7 55
7 59
8 23
8 24
8 25
8 26
8 40
8 47
8 48
8 49
8 55
8 61
8 63
9 12
9 16
9 41
9 50
9 58
9 59
10 12
10 14
10 62
11 16
11 20
11 42
11 46
11 58
11 59
12 17
12 28
12 30
12 41
12 42
12 58
12 59
13 24
13 41
13 54
13 59
13 61
13 65
14 17
14 25
14 28
14 29
14 31
14 33
14 43
14 48
14 59
14 61
15 22
15 24
15 26
15 27
15 30
15 39
15 51
15 52
15 56
15 62
16 20
16 36
16 37
16 46
16 49
16 65
17 29
17 32
17 33
17 48
17 50
17 68
18 26
18 66
19 20
19 21
19 24
19 31
19 37
19 42
19 46
19 51
19 58
19 67
19 68
19 69
20 24
20 32
20 36
20 37
20 42
20 46
20 56
21 22
21 36
21 49
21 52
21 53
21 57
21 62
21 63
22 46
22 49
22 51
22 52
22 53
22 56
23 47
23 60
24 26
24 32
24 42
24 43
24 46
24 55
24 60
24 67
24 68
25 33
25 38
25 40
25 51
25 57
25 61
25 62
25 63
26 36
26 37
26 40
26 43
26 46
26 47
26 50
26 55
26 65
27 44
27 50
27 55
28 31
28 32
28 59
29 33
29 41
29 48
29 50
29 54
29 61
29 66
29 67
29 68
30 36
30 41
30 53
31 38
31 48
31 56
32 48
32 67
32 68
33 37
33 48
33 51
33 54
33 61
33 67
34 37
34 39
34 63
35 68
36 42
36 46
36 62
36 65
36 69
37 39
37 62
37 65
37 67
37 69
38 40
38 59
39 49
39 53
39 55
39 60
40 43
40 49
40 57
40 61
40 63
41 58
41 59
42 46
42 52
42 69
44 58
44 62
44 69
45 51
45 58
45 60
45 68
46 69
47 55
47 69
48 50
48 53
48 61
48 67
49 51
49 56
49 57
49 62
49 63
50 68
50 69
51 57
51 60
51 69
52 56
53 56
54 60
55 59
56 63
57 61
57 62
57 63
57 65
58 68
61 66
62 66
63 64
63 69
67 69
