60 172
12 14 3 8 12 4 11 6 11 7 8 2 15 11 11 7 2 1 11 12 7 9 14 9 11 3 10 9 0 6 11 6 8 0 10 10 8 4 14 10 14 13 9 4 12 5 1 14 2 14 6 9 4 10 10 12 9 15 13 1 
0 5
0 12
0 38
0 39
0 51
0 52
1 5
1 11
1 25
1 37
1 38
1 44
1 51
1 56
2 4
2 10
2 23
2 28
2 33
2 38
2 51
2 57
3 16
3 49
3 52
4 9
4 11
4 32
4 38
4 42
5 11
5 22
5 34
5 37
5 38
5 49
5 51
5 54
6 7
6 12
6 15
6 30
6 31
6 32
6 44
6 54
7 42
7 58
8 18
8 24
8 27
8 29
8 57
9 24
9 37
9 55
10 28
10 30
10 42
11 14
11 16
11 22
11 28
11 35
11 37
11 43
11 54
11 56
12 25
12 31
12 34
12 38
12 49
12 50
12 53
12 56
13 35
13 50
13 51
14 15
14 17
14 22
14 37
14 46
14 48
14 56
15 21
15 22
15 32
15 48
15 50
15 54
16 22
16 30
16 32
16 36
16 44
17 44
17 54
18 32
19 23
19 27
19 38
19 49
20 36
20 39
20 42
21 35
21 42
22 32
22 40
23 28
23 46
23 48
23 57
24 44
24 47
25 32
25 52
25 58
26 37
26 44
27 35
27 37
27 50
27 55
28 53
29 53
30 33
30 47
30 51
30 55
31 38
32 34
32 47
32 48
33 39
33 45
34 42
34 46
34 49
36 37
36 40
36 47
37 48
37 51
37 53
37 56
38 40
38 42
38 46
38 49
38 51
40 41
40 47
40 51
41 47
42 46
42 47
42 59
43 49
44 46
44 52
44 55
45 51
45 59
47 53
48 56
48 59
49 50
49 54
53 58
