90 1450
10 0 15 11 13 13 14 5 10 1 8 15 13 15 3 11 12 1 14 12 7 2 8 0 14 8 6 2 1 13 1 7 0 14 3 12 7 9 4 8 3 1 1 5 5 12 14 9 3 8 13 5 5 11 1 13 14 2 4 6 4 12 4 11 6 1 9 15 4 8 11 7 4 10 4 5 3 12 0 8 0 6 2 13 9 14 13 2 9 15 
0 3
0 9
0 14
0 17
0 21
0 24
0 25
0 28
0 34
0 35
0 42
0 43
0 48
0 49
0 51
0 52
0 55
0 62
0 67
0 72
0 74
0 79
0 81
0 85
1 3
1 6
1 7
1 9
1 11
1 12
1 16
1 18
1 23
1 27
1 33
1 36
1 39
1 44
1 46
1 47
1 49
1 51
1 55
1 56
1 59
1 63
1 64
1 68
1 69
1 73
1 83
1 87
1 88
2 3
2 6
2 10
2 12
2 17
2 20
2 21
2 24
2 25
2 27
2 29
2 33
2 34
2 35
2 37
2 43
2 49
2 52
2 54
2 57
2 58
2 61
2 64
2 69
2 72
2 74
2 75
2 77
2 78
2 79
2 83
2 85
2 86
3 5
3 7
3 12
3 14
3 16
3 17
3 21
3 29
3 30
3 31
3 35
3 36
3 47
3 49
3 54
3 55
3 58
3 59
3 69
3 76
3 78
3 80
3 81
3 83
3 87
3 89
4 5
4 14
4 16
4 19
4 20
4 28
4 31
4 33
4 35
4 40
4 42
4 43
4 44
4 45
4 48
4 49
4 54
4 57
4 59
4 61
4 63
4 65
4 70
4 73
4 75
4 83
5 7
5 8
5 9
5 11
5 12
5 14
5 17
5 18
5 21
5 22
5 26
5 28
5 29
5 33
5 38
5 39
5 40
5 41
5 42
5 47
5 48
5 54
5 55
5 56
5 59
5 60
5 61
5 62
5 66
5 69
5 70
5 72
5 74
5 78
5 79
5 82
5 83
5 87
6 9
6 11
6 12
6 13
6 15
6 16
6 18
6 25
6 30
6 32
6 34
6 38
6 41
6 42
6 44
6 46
6 50
6 55
6 57
6 61
6 62
6 63
6 68
6 69
6 71
6 73
6 76
6 77
6 80
6 83
6 85
6 88
7 8
7 9
7 10
7 11
7 12
7 14
7 15
7 17
7 18
7 20
7 21
7 29
7 33
7 35
7 36
7 40
7 43
7 45
7 47
7 48
7 56
7 57
7 63
7 65
7 67
7 70
7 72
7 73
7 74
7 76
7 83
7 84
7 85
7 86
8 9
8 10
8 12
8 14
8 16
8 19
8 24
8 26
8 30
8 34
8 35
8 39
8 41
8 42
8 43
8 44
8 50
8 55
8 56
8 58
8 59
8 62
8 63
8 66
8 67
8 70
8 74
8 75
8 77
8 80
8 81
8 83
8 85
8 87
9 12
9 17
9 19
9 22
9 26
9 34
9 44
9 49
9 51
9 52
9 55
9 57
9 61
9 64
9 66
9 75
9 78
9 80
9 84
9 85
9 88
10 11
10 16
10 18
10 22
10 24
10 27
10 31
10 33
10 38
10 42
10 45
10 46
10 52
10 54
10 55
10 59
10 60
10 65
10 66
10 68
10 69
10 71
10 74
10 76
10 77
10 78
10 82
10 84
10 87
10 89
11 13
11 17
11 20
11 21
11 23
11 24
11 28
11 29
11 35
11 36
11 39
11 41
11 44
11 45
11 46
11 48
11 50
11 52
11 54
11 55
11 57
11 61
11 70
11 75
11 78
11 79
11 82
11 83
11 86
11 89
12 13
12 14
12 19
12 22
12 27
12 34
12 35
12 36
12 38
12 40
12 42
12 44
12 45
12 46
12 48
12 49
12 50
12 51
12 52
12 56
12 58
12 61
12 65
12 67
12 69
12 70
12 71
12 76
12 78
12 80
12 82
12 85
12 88
13 14
13 17
13 19
13 20
13 21
13 25
13 27
13 32
13 33
13 35
13 37
13 38
13 39
13 40
13 42
13 46
13 50
13 51
13 52
13 53
13 54
13 55
13 58
13 64
13 68
13 72
13 74
13 76
13 79
13 80
13 81
13 86
13 88
14 16
14 17
14 21
14 27
14 31
14 39
14 43
14 46
14 47
14 48
14 49
14 50
14 52
14 53
14 54
14 59
14 60
14 68
14 69
14 72
14 74
14 76
14 77
14 78
14 81
14 83
14 84
14 85
14 87
14 88
15 19
15 32
15 34
15 37
15 41
15 45
15 47
15 49
15 52
15 59
15 62
15 64
15 65
15 70
15 71
15 77
15 80
15 84
15 88
16 26
16 28
16 29
16 30
16 32
16 35
16 39
16 40
16 48
16 52
16 57
16 58
16 59
16 63
16 64
16 68
16 69
16 70
16 73
16 76
16 80
16 83
16 85
16 87
17 18
17 20
17 22
17 24
17 27
17 29
17 31
17 33
17 34
17 36
17 37
17 40
17 43
17 44
17 45
17 49
17 51
17 55
17 56
17 62
17 63
17 64
17 65
17 66
17 67
17 74
17 76
17 80
17 84
17 86
17 87
17 89
18 19
18 21
18 24
18 26
18 32
18 36
18 40
18 49
18 51
18 52
18 59
18 62
18 64
18 65
18 67
18 75
18 77
18 78
18 80
18 83
18 87
19 20
19 21
19 24
19 29
19 30
19 31
19 34
19 35
19 36
19 38
19 40
19 43
19 47
19 52
19 55
19 56
19 57
19 60
19 64
19 68
19 69
19 70
19 71
19 76
19 77
19 81
19 87
19 88
19 89
20 21
20 24
20 29
20 38
20 39
20 46
20 47
20 51
20 52
20 53
20 54
20 55
20 57
20 61
20 62
20 64
20 70
20 71
20 75
20 77
20 78
20 82
20 86
21 23
21 26
21 27
21 30
21 32
21 35
21 36
21 38
21 39
21 43
21 45
21 50
21 51
21 53
21 62
21 64
21 73
21 74
21 76
21 78
21 82
21 87
21 88
22 23
22 25
22 26
22 29
22 30
22 31
22 35
22 38
22 45
22 46
22 47
22 50
22 53
22 58
22 59
22 62
22 63
22 66
22 68
22 71
22 74
22 76
22 82
22 83
22 89
23 28
23 32
23 33
23 38
23 39
23 41
23 54
23 57
23 58
23 60
23 61
23 62
23 64
23 67
23 72
23 73
23 74
23 75
23 77
23 78
23 79
23 80
23 81
23 87
24 26
24 27
24 28
24 36
24 38
24 40
24 42
24 47
24 48
24 50
24 54
24 55
24 56
24 57
24 58
24 62
24 63
24 65
24 68
24 69
24 71
24 74
24 75
24 77
24 79
24 80
24 82
24 89
25 26
25 27
25 35
25 37
25 42
25 43
25 47
25 48
25 52
25 55
25 56
25 57
25 59
25 61
25 62
25 63
25 66
25 68
25 69
25 73
25 75
25 76
25 78
25 79
25 80
25 82
26 27
26 29
26 33
26 34
26 38
26 39
26 41
26 42
26 46
26 47
26 49
26 50
26 53
26 54
26 58
26 62
26 65
26 68
26 71
26 73
26 77
26 79
26 80
26 86
27 28
27 33
27 35
27 38
27 41
27 46
27 49
27 50
27 52
27 53
27 54
27 61
27 67
27 68
27 70
27 73
27 74
27 75
27 80
27 81
27 83
28 29
28 40
28 47
28 48
28 49
28 50
28 51
28 52
28 54
28 55
28 58
28 59
28 62
28 65
28 70
28 74
28 75
28 76
28 77
28 81
28 83
28 84
28 86
28 89
29 33
29 34
29 35
29 37
29 39
29 45
29 47
29 48
29 50
29 54
29 58
29 64
29 67
29 68
29 70
29 72
29 75
29 76
29 77
29 80
29 81
29 89
30 33
30 34
30 40
30 43
30 44
30 45
30 48
30 49
30 53
30 55
30 60
30 66
30 70
30 71
30 72
30 73
30 74
30 77
30 81
30 83
30 87
30 88
31 33
31 34
31 37
31 38
31 39
31 48
31 57
31 58
31 59
31 61
31 70
31 73
31 75
31 78
31 80
31 84
31 86
31 87
32 34
32 35
32 36
32 41
32 42
32 46
32 48
32 49
32 53
32 54
32 55
32 56
32 69
32 73
32 77
32 80
32 81
32 83
33 39
33 40
33 44
33 45
33 49
33 50
33 55
33 59
33 60
33 65
33 68
33 70
33 75
33 76
33 77
33 85
33 87
33 88
33 89
34 36
34 40
34 42
34 44
34 46
34 47
34 52
34 56
34 60
34 63
34 72
34 73
34 78
34 79
34 80
34 81
34 83
34 84
35 37
35 41
35 43
35 47
35 50
35 52
35 56
35 58
35 61
35 63
35 64
35 65
35 70
35 73
35 76
35 78
35 83
35 84
35 86
35 89
36 40
36 41
36 46
36 48
36 49
36 51
36 53
36 57
36 58
36 60
36 61
36 65
36 75
36 87
36 88
36 89
37 44
37 46
37 50
37 51
37 52
37 53
37 54
37 55
37 64
37 68
37 71
37 77
37 80
37 82
37 83
37 84
37 86
38 41
38 42
38 48
38 49
38 52
38 58
38 65
38 68
38 71
38 74
38 75
38 83
38 84
38 89
39 45
39 48
39 52
39 55
39 57
39 59
39 63
39 64
39 65
39 67
39 69
39 71
39 74
39 76
39 80
39 82
39 87
40 42
40 43
40 46
40 48
40 49
40 50
40 51
40 52
40 53
40 54
40 60
40 64
40 66
40 69
40 74
40 75
40 78
40 79
40 86
41 45
41 46
41 49
41 50
41 53
41 56
41 60
41 61
41 76
41 78
41 81
41 83
41 84
41 85
41 88
42 47
42 49
42 50
42 53
42 56
42 57
42 61
42 68
42 69
42 73
42 75
42 76
42 78
42 82
42 86
42 87
42 88
43 44
43 45
43 58
43 61
43 64
43 66
43 68
43 70
43 71
43 72
43 74
43 75
43 76
43 77
43 78
43 79
43 80
43 82
43 83
43 84
43 85
43 87
44 45
44 47
44 48
44 50
44 52
44 53
44 54
44 59
44 60
44 61
44 64
44 71
44 72
44 76
44 79
44 80
44 81
44 83
44 85
44 86
44 87
44 88
45 46
45 48
45 49
45 50
45 56
45 63
45 66
45 67
45 69
45 71
45 73
45 74
45 75
45 80
45 81
45 83
45 85
45 89
46 47
46 48
46 50
46 51
46 52
46 55
46 67
46 69
46 75
46 77
46 82
46 86
47 49
47 50
47 51
47 55
47 59
47 62
47 63
47 66
47 67
47 69
47 72
47 78
47 82
47 84
47 85
47 89
48 49
48 57
48 58
48 63
48 64
48 65
48 67
48 71
48 72
48 73
48 75
48 76
48 77
48 80
48 82
49 51
49 54
49 55
49 58
49 59
49 60
49 63
49 65
49 66
49 68
49 70
49 71
49 76
49 77
49 83
49 87
49 88
50 59
50 61
50 62
50 63
50 64
50 66
50 69
50 73
50 74
50 75
50 76
50 78
50 80
50 81
50 83
50 89
51 59
51 64
51 67
51 69
51 72
51 73
51 79
51 84
51 85
51 86
52 53
52 54
52 60
52 61
52 63
52 64
52 70
52 73
52 75
52 77
52 80
52 82
52 84
52 86
52 87
53 67
53 70
53 79
53 80
53 82
53 83
53 87
54 58
54 59
54 62
54 66
54 69
54 70
54 71
54 75
54 76
54 77
54 82
54 86
54 88
54 89
55 56
55 57
55 65
55 67
55 69
55 70
55 73
55 76
55 79
55 84
55 88
56 58
56 59
56 60
56 62
56 67
56 69
56 71
56 72
56 76
56 78
56 79
56 80
56 82
56 84
56 87
56 88
57 58
57 61
57 63
57 65
57 67
57 70
57 80
57 84
57 85
57 86
58 59
58 63
58 65
58 66
58 67
58 69
58 70
58 71
58 75
58 76
58 78
58 81
58 85
58 87
58 89
59 60
59 62
59 66
59 67
59 70
59 73
59 77
59 79
59 86
59 87
59 88
60 63
60 64
60 65
60 67
60 69
60 71
60 72
60 77
60 79
60 81
60 88
60 89
61 62
61 65
61 66
61 67
61 68
61 75
61 77
61 78
61 79
61 80
61 89
62 65
62 66
62 68
62 69
62 77
62 83
62 84
62 89
63 66
63 68
63 70
63 81
63 83
63 84
64 65
64 67
64 68
64 69
64 70
64 72
64 74
64 80
64 81
64 86
64 88
65 69
65 72
65 74
65 76
65 79
65 83
65 84
65 86
66 67
66 68
66 70
66 73
66 78
66 79
66 81
66 85
66 87
66 88
66 89
67 68
67 71
67 81
67 84
67 86
67 87
67 88
68 71
68 73
68 77
68 84
68 89
69 71
69 72
69 75
69 82
69 84
69 89
70 71
70 72
70 73
70 74
70 79
70 81
70 82
70 83
70 86
71 74
71 75
71 76
71 77
71 78
71 83
71 84
71 85
71 87
71 89
72 76
72 81
72 85
72 88
73 74
73 79
73 80
73 81
73 82
73 85
73 86
73 87
73 88
74 77
74 82
74 84
74 85
74 86
74 87
74 89
75 76
75 77
75 82
75 86
76 79
76 83
76 86
76 88
77 78
77 79
77 83
77 87
77 88
78 79
78 82
78 88
79 81
79 84
80 85
80 86
81 82
81 83
81 84
81 86
81 87
81 88
82 85
82 88
82 89
83 89
84 86
