25 106
1 2 3 1 0 2 2 1 3 0 1 3 2 2 0 1 1 1 3 1 1 2 1 1 1 
0 5
0 6
0 13
0 15
0 16
0 18
0 21
1 3
1 4
1 7
1 9
1 12
1 13
1 14
1 15
1 22
1 23
1 24
2 11
2 15
2 16
2 17
2 22
3 6
3 11
3 17
3 22
4 6
4 7
4 8
4 9
4 11
4 13
4 14
4 16
4 19
4 20
4 24
5 6
5 9
5 14
5 15
5 17
5 20
5 21
5 22
6 7
6 8
6 14
6 16
6 19
7 8
7 11
7 13
7 14
7 18
7 20
7 21
7 23
8 9
8 12
8 20
9 11
9 15
9 16
9 17
9 18
9 19
9 20
9 22
10 13
10 14
10 20
10 24
11 13
11 14
11 18
11 22
11 23
12 19
12 24
13 14
13 20
13 21
13 22
13 23
14 16
14 19
15 16
15 17
15 22
15 24
17 18
17 20
17 21
17 22
18 19
18 21
18 24
19 20
19 22
19 24
20 22
21 23
22 23
22 24
