100 447
30 26 6 30 0 9 3 3 9 0 18 9 14 14 18 30 17 11 20 29 6 6 4 1 22 12 20 9 24 31 21 14 0 7 13 22 31 1 13 4 7 16 18 31 20 14 6 14 10 19 5 8 1 10 31 2 11 11 17 17 27 20 16 1 26 31 1 5 2 15 10 29 15 18 9 28 21 11 10 3 3 15 30 0 27 15 20 6 20 22 3 21 24 13 13 27 7 23 1 4 
0 3
0 10
0 21
0 31
0 36
0 55
0 59
0 60
0 68
0 69
0 70
0 72
0 78
1 8
1 9
1 23
1 32
1 38
1 43
1 50
1 60
1 68
1 80
1 93
2 4
2 6
2 13
2 15
2 19
2 20
2 24
2 31
2 48
2 62
2 81
2 95
3 5
3 14
3 15
3 18
3 37
3 52
3 59
3 64
3 67
3 70
3 81
3 83
3 95
3 96
4 13
4 17
4 19
4 24
4 26
4 31
4 44
4 49
4 57
4 81
4 83
4 88
5 28
5 93
6 46
6 58
6 63
6 72
6 75
6 76
6 84
6 85
6 88
6 98
7 63
7 86
7 89
8 35
8 38
8 43
8 50
8 68
8 73
8 80
8 89
9 23
9 25
9 36
9 38
9 50
9 57
9 59
9 64
9 68
9 71
9 91
9 97
10 12
10 25
10 30
10 85
11 16
11 28
11 49
11 55
11 63
11 76
11 87
11 88
11 99
12 18
12 20
12 25
12 26
12 30
12 38
12 39
12 49
12 60
13 19
13 24
13 31
13 44
13 49
13 73
13 76
14 17
14 36
14 47
14 51
14 59
14 72
15 18
15 24
15 70
15 75
15 81
15 90
15 95
15 96
16 28
16 33
16 35
16 55
16 63
16 65
16 83
16 87
16 89
16 99
17 26
17 30
17 67
17 83
18 23
18 64
18 67
18 70
18 91
18 93
18 94
18 96
19 24
19 31
19 44
19 81
19 95
19 98
20 43
20 52
20 54
20 59
20 60
21 23
21 25
21 28
21 49
21 57
21 77
21 81
21 83
21 84
21 97
22 36
22 43
22 49
22 52
22 53
22 79
22 85
23 50
23 59
23 68
23 71
23 75
23 97
24 26
24 39
24 70
24 77
24 81
24 84
24 95
25 51
25 60
25 63
25 66
25 83
26 42
26 79
27 41
27 46
27 54
27 62
27 90
27 96
28 33
28 35
28 55
28 80
28 85
28 87
28 93
28 94
29 65
29 78
29 89
30 59
30 65
30 70
30 76
30 77
30 86
31 42
31 44
31 49
31 63
31 73
31 89
32 59
32 66
32 68
32 76
33 35
33 38
33 53
33 64
33 67
33 82
33 87
33 93
33 94
34 42
34 72
34 85
34 91
34 99
35 39
35 55
35 67
35 87
35 90
35 93
35 94
36 72
37 41
37 62
37 89
37 90
37 98
38 43
38 50
38 68
38 80
38 89
39 92
40 45
40 47
40 55
40 69
40 74
40 90
41 63
41 69
41 77
41 78
42 51
42 55
42 67
42 69
42 92
42 96
43 44
43 45
43 49
43 66
43 73
43 80
43 87
43 89
44 49
44 51
44 73
44 83
44 89
44 99
45 91
46 57
46 59
46 62
46 71
46 72
46 75
46 84
46 95
46 97
46 98
47 53
47 65
47 67
47 81
47 87
47 90
47 98
48 51
48 74
48 87
48 88
49 53
49 73
49 80
49 89
50 61
50 68
50 74
50 80
50 94
50 97
51 62
51 69
51 75
51 78
51 82
52 75
52 85
52 87
52 88
53 63
53 73
53 74
53 79
54 81
55 63
55 73
55 74
55 76
55 82
55 87
55 99
56 99
57 63
57 65
57 78
57 79
57 98
58 86
58 90
59 68
59 71
59 72
59 75
59 92
59 97
60 62
60 65
60 93
61 65
61 75
61 77
61 87
62 68
63 76
63 88
63 98
63 99
64 67
64 70
64 93
64 94
64 96
65 90
65 94
66 70
67 68
67 93
67 94
67 96
68 97
69 89
70 71
70 78
70 79
70 81
70 95
70 96
71 72
71 75
71 84
71 97
72 75
72 81
72 84
72 88
72 98
73 79
73 80
73 89
74 91
75 84
75 90
75 97
76 84
76 85
76 88
76 98
76 99
77 79
79 99
80 89
81 95
82 92
84 86
84 88
84 98
85 95
87 93
87 99
88 98
88 99
90 92
90 93
91 92
93 94
94 96
95 96
96 97
98 99
