70 199
7 7 10 7 6 12 12 6 1 10 13 2 1 8 7 1 10 1 0 1 7 8 3 3 3 4 15 2 7 9 1 7 4 5 6 7 4 8 0 9 9 7 13 14 1 5 15 6 13 3 7 12 8 4 9 9 10 9 9 12 8 1 3 1 6 4 9 1 9 13 
0 10
0 12
0 39
0 49
0 66
1 4
1 15
1 18
1 33
1 42
2 9
2 46
2 63
2 67
3 4
3 8
3 11
3 14
3 26
3 34
3 41
3 48
3 55
3 64
4 7
4 13
4 14
4 22
4 25
4 50
4 59
5 9
5 23
5 65
5 67
5 68
6 24
6 38
6 40
6 43
6 46
6 63
6 69
7 30
7 33
7 51
8 13
8 24
8 31
8 37
8 45
9 39
9 62
10 20
10 29
10 59
11 14
11 25
11 26
11 48
11 49
11 69
12 15
12 38
12 42
12 63
13 14
13 16
13 36
13 56
13 58
13 69
14 18
14 35
15 21
15 22
15 25
15 49
15 52
16 28
16 35
16 58
17 30
17 41
17 51
17 60
18 24
18 38
18 49
18 56
18 62
18 66
19 32
19 36
19 48
19 53
19 57
19 64
19 69
20 39
20 53
20 62
20 67
21 46
21 60
22 32
22 43
22 63
22 67
22 68
23 53
23 57
23 62
24 27
24 29
24 43
24 46
24 55
24 67
24 69
25 28
25 29
25 32
25 41
25 51
26 28
26 35
26 41
27 39
27 44
27 45
27 51
27 65
28 64
28 69
29 49
29 53
29 56
29 59
29 69
30 50
30 58
31 32
31 36
31 37
31 65
31 67
32 37
32 48
32 55
32 59
33 46
33 52
33 54
34 36
34 47
34 65
35 50
35 51
36 45
36 55
36 59
37 43
37 51
37 54
37 60
38 40
38 52
38 54
39 63
39 68
41 50
41 55
42 54
42 66
43 52
44 63
45 60
45 61
46 68
47 57
47 64
48 65
48 68
49 68
50 65
51 52
52 69
53 68
55 60
56 59
57 61
57 65
57 69
59 66
59 67
61 66
61 69
62 69
