50 75
4 0 0 3 6 3 1 5 6 6 3 0 5 3 6 1 6 0 6 1 1 7 6 0 0 6 1 6 2 3 7 1 2 3 7 6 0 1 1 5 2 6 4 6 6 1 3 6 3 1 
0 15
0 33
0 37
1 19
1 20
1 49
2 9
2 19
2 20
3 6
4 12
4 31
4 44
5 37
6 38
6 45
7 42
7 43
8 16
8 32
8 46
9 13
9 26
9 29
9 31
10 14
11 21
11 33
11 37
11 41
12 16
12 24
12 30
12 34
13 42
13 43
14 15
14 37
15 22
16 40
17 25
17 29
17 31
17 34
17 48
18 19
18 20
18 46
19 30
22 38
22 49
23 36
23 45
23 47
24 47
25 27
25 49
27 28
27 44
28 34
28 39
28 45
28 46
28 49
29 43
32 40
34 36
34 44
35 42
35 45
35 47
36 48
38 39
39 49
40 49
