40 286
6 1 4 7 2 1 0 4 5 2 1 0 2 0 2 0 6 6 7 0 0 3 0 7 4 7 4 6 4 1 3 6 5 0 0 3 1 5 0 4 
0 1
0 2
0 4
0 8
0 10
0 11
0 16
0 18
0 20
0 22
0 24
0 29
0 30
0 32
0 36
1 4
1 5
1 9
1 10
1 12
1 13
1 16
1 18
1 21
1 23
1 30
1 32
1 33
1 35
1 38
1 39
2 6
2 12
2 14
2 18
2 21
2 22
2 23
2 27
2 33
2 34
2 37
2 38
3 4
3 6
3 7
3 14
3 24
3 25
3 27
3 32
3 34
3 39
4 5
4 9
4 14
4 17
4 18
4 19
4 24
4 26
4 28
4 29
4 32
4 34
4 35
4 36
5 11
5 14
5 19
5 21
5 22
5 26
5 28
5 30
5 32
5 34
6 9
6 10
6 13
6 16
6 17
6 22
6 25
6 28
6 30
6 31
6 34
6 37
6 38
7 14
7 15
7 17
7 19
7 24
7 27
7 28
7 32
7 34
7 35
8 14
8 15
8 16
8 18
8 19
8 22
8 24
8 25
8 28
8 33
8 35
9 12
9 13
9 15
9 16
9 19
9 21
9 23
9 25
9 29
9 30
9 31
9 36
9 39
10 11
10 12
10 20
10 23
10 25
10 27
10 29
10 30
10 31
10 32
10 35
10 37
11 13
11 14
11 19
11 22
11 23
11 24
11 26
11 28
11 32
11 39
12 14
12 18
12 20
12 21
12 22
12 23
12 26
12 28
12 30
12 31
12 32
12 33
12 37
12 38
13 18
13 21
13 22
13 24
13 29
13 32
13 34
13 38
14 15
14 16
14 18
14 22
14 25
14 26
14 27
14 29
14 30
14 31
14 35
15 16
15 18
15 20
15 24
15 30
15 31
15 35
16 18
16 19
16 20
16 21
16 28
16 30
16 31
16 32
16 35
16 39
17 19
17 22
17 25
17 31
17 37
17 39
18 21
18 23
18 24
18 26
18 29
18 30
18 32
19 23
19 24
19 29
19 31
19 32
19 35
20 23
20 24
20 26
20 29
20 31
20 38
21 22
21 27
21 29
21 30
21 34
21 36
21 37
22 27
22 29
22 30
22 33
22 36
22 39
23 24
23 27
23 29
23 33
23 34
23 36
23 37
23 38
24 26
24 31
24 32
24 34
24 35
24 38
25 26
25 30
25 34
25 36
25 38
25 39
26 27
26 32
26 33
27 28
27 31
27 32
27 35
27 36
28 32
28 33
28 36
28 37
29 31
29 34
29 35
30 33
31 33
31 34
31 35
31 39
32 37
33 36
33 37
33 38
34 35
34 36
34 37
34 39
36 37
36 38
36 39
37 38
