60 126
8 8 2 13 7 15 10 9 13 5 12 15 14 11 15 13 13 15 12 5 5 14 0 5 12 4 0 11 8 5 9 14 12 1 2 13 4 4 6 13 13 15 6 7 7 4 5 0 12 3 9 14 6 6 7 10 13 0 10 13 
0 3
0 28
0 32
0 44
1 7
1 10
1 12
1 15
1 16
1 44
1 57
2 27
2 45
3 8
3 13
3 29
3 42
3 50
3 56
3 58
3 59
4 12
4 49
5 49
6 29
6 38
6 53
6 57
7 18
7 50
7 52
7 55
8 36
8 44
8 45
8 49
9 19
9 28
9 30
9 39
9 48
10 12
10 13
10 23
10 49
10 50
11 15
11 18
12 18
12 47
12 55
12 57
13 17
13 25
13 28
13 29
13 34
13 38
14 54
15 23
15 28
15 46
15 47
16 21
16 31
17 19
17 23
17 30
17 32
17 35
17 53
17 57
18 40
19 28
20 28
20 44
20 48
20 49
21 48
21 49
21 54
22 39
22 42
22 50
23 51
24 39
24 44
24 48
25 50
26 54
27 29
27 39
27 57
28 41
28 45
29 39
29 50
29 52
30 44
30 51
31 39
31 48
32 41
32 43
33 36
33 38
36 57
37 39
37 49
38 41
38 46
38 47
40 55
40 57
43 51
44 48
44 52
45 50
45 55
46 51
46 58
48 49
48 56
49 58
53 54
54 56
