70 105
3 7 11 4 3 8 13 14 4 9 6 15 11 2 7 12 9 4 6 6 1 4 6 8 2 8 1 9 7 15 2 10 7 9 14 14 8 6 14 4 9 11 9 15 11 5 14 9 15 13 15 10 7 0 11 3 6 12 1 5 0 11 15 14 7 11 15 2 4 10 
0 9
0 45
0 67
1 14
1 27
2 4
2 23
2 26
3 4
3 26
3 69
4 14
4 44
4 57
4 58
5 21
5 28
5 65
6 25
7 47
7 55
8 9
8 48
8 50
9 53
10 32
10 43
10 51
11 16
11 22
11 25
12 51
12 55
12 59
12 69
13 16
13 22
13 52
13 67
14 23
14 33
14 36
14 47
14 53
14 69
15 48
16 53
17 40
18 26
18 31
19 60
19 69
20 33
20 62
20 66
21 52
22 46
22 56
22 59
23 25
24 39
24 42
25 53
28 52
29 54
30 32
30 37
31 59
31 62
32 37
32 48
33 65
34 40
34 49
34 50
34 69
35 46
35 53
36 38
37 43
37 65
38 51
39 49
41 51
42 63
43 46
43 53
43 64
44 45
44 55
45 58
47 58
47 61
47 63
48 51
48 67
49 57
54 61
54 63
56 59
57 61
58 68
59 69
60 68
63 66
