100 120
16 24 26 18 19 1 12 18 0 27 18 0 15 22 31 28 23 15 18 29 4 3 2 20 17 17 5 9 18 21 21 5 25 4 12 16 11 21 14 10 3 17 23 23 8 15 21 24 26 27 28 12 0 18 25 30 26 0 4 27 10 11 14 25 11 14 30 30 16 0 20 22 18 29 3 24 28 31 15 7 25 28 21 18 5 8 27 23 16 13 19 22 17 5 12 29 14 11 2 29 
0 29
0 61
0 73
0 95
1 57
1 68
2 17
2 35
2 55
2 62
3 87
4 20
5 24
5 36
6 46
6 69
6 87
7 87
8 47
8 51
8 53
8 78
9 47
9 72
9 74
10 39
11 46
12 20
12 36
13 98
14 22
14 35
14 67
14 88
15 80
16 76
17 36
18 39
18 40
19 26
20 72
21 76
23 49
24 32
24 50
24 96
25 46
25 55
25 64
25 74
26 42
27 42
27 70
28 57
28 82
28 83
29 60
29 88
30 49
31 56
32 88
33 74
34 43
35 82
36 51
37 75
37 86
38 99
39 61
41 63
41 94
42 46
42 49
42 58
42 99
43 92
44 49
44 75
45 55
46 48
47 49
49 85
50 65
51 60
51 76
51 92
52 65
52 74
52 77
53 84
54 67
55 96
56 98
57 96
59 76
60 64
60 81
61 67
65 67
66 67
67 74
67 88
67 98
69 94
69 97
69 98
71 80
74 87
74 96
76 79
76 86
78 91
80 91
82 91
83 84
83 86
86 87
89 98
90 91
93 97
