40 77
4 2 5 2 5 3 1 3 4 7 1 6 5 2 5 3 2 6 2 1 1 4 6 3 7 5 6 3 2 4 7 3 3 7 1 6 6 6 3 2 
0 16
0 23
0 38
1 26
1 27
1 29
1 34
1 39
2 6
2 8
2 17
2 28
2 31
3 7
3 18
3 23
4 12
4 21
4 26
4 37
5 14
5 28
6 15
6 37
7 21
7 36
7 37
8 13
8 39
9 15
9 18
10 35
10 37
11 21
11 26
12 24
12 26
12 32
13 28
13 31
13 37
14 15
14 35
15 33
15 35
15 36
15 37
16 32
17 24
17 26
17 36
18 35
19 21
20 23
20 29
21 35
21 36
22 25
22 28
22 29
22 39
23 28
23 33
23 37
24 30
24 36
24 37
25 39
26 31
26 32
26 38
27 38
28 35
29 34
30 35
33 35
33 36
