40 148
0 5 0 6 1 3 2 6 2 2 7 5 6 5 5 0 4 3 2 3 7 5 0 4 0 7 6 3 0 3 7 6 5 5 4 5 0 3 0 6 
0 3
0 7
0 9
0 13
0 19
0 26
1 9
1 10
1 13
1 14
1 20
1 21
1 22
1 23
1 31
2 3
2 10
2 14
2 15
2 16
2 19
2 22
2 32
2 38
3 12
3 18
3 19
3 24
3 32
4 9
4 10
4 29
4 32
5 6
5 8
5 11
5 19
5 20
5 24
5 29
5 38
5 39
6 7
6 17
6 19
6 26
6 36
7 8
7 10
7 11
7 16
7 27
7 32
7 39
8 19
8 23
8 34
8 36
9 13
9 14
9 29
9 35
9 37
10 11
10 15
10 33
11 14
11 19
11 20
11 25
11 28
11 33
11 38
12 22
12 26
12 27
12 29
12 33
13 22
13 35
13 39
14 18
14 19
14 22
14 23
14 24
14 28
14 29
14 30
14 33
14 38
15 39
16 24
16 26
16 27
16 33
16 37
17 26
17 27
17 33
17 39
18 22
18 30
18 36
19 27
19 29
20 21
20 22
20 23
20 26
21 23
21 24
21 32
21 34
21 36
22 25
22 29
22 32
22 36
22 39
23 32
24 26
24 29
24 34
24 36
24 37
25 26
25 30
25 39
26 29
26 32
26 35
26 36
26 37
26 39
27 29
27 36
28 29
28 31
28 39
29 31
30 34
30 35
30 37
31 33
32 35
34 39
35 37
