90 264
9 8 6 4 10 8 11 5 14 5 7 0 10 4 11 4 14 13 12 14 8 7 14 6 10 2 9 3 15 4 0 14 2 7 6 9 4 9 10 11 15 7 12 5 12 13 15 13 15 14 13 7 3 13 10 15 2 14 12 11 10 12 14 6 8 15 13 7 11 4 3 14 5 14 13 14 2 14 14 9 9 5 3 8 2 7 1 7 7 4 
0 20
0 43
0 52
0 77
1 6
1 13
1 83
2 15
2 30
2 62
2 72
3 30
3 58
3 67
4 16
4 19
4 24
4 27
4 49
4 89
5 14
5 37
5 62
5 79
5 84
6 41
6 68
6 87
7 8
7 47
7 54
7 71
7 73
7 77
8 15
8 47
8 53
8 54
8 71
8 73
8 80
9 18
9 26
9 34
9 45
9 76
9 78
9 88
10 27
10 37
10 48
10 57
10 67
10 70
10 79
10 83
11 27
11 67
12 29
12 44
12 50
12 54
12 75
12 81
12 88
13 29
13 43
13 44
13 72
14 29
14 62
14 63
14 84
15 65
15 71
15 72
15 74
15 76
16 18
16 26
16 32
16 35
16 40
16 50
16 73
16 77
17 32
17 47
17 48
17 54
17 67
17 81
18 25
19 42
19 43
19 67
20 22
20 24
20 38
20 81
21 24
21 48
22 23
22 26
22 29
22 51
22 58
22 60
22 65
22 75
23 34
23 44
23 58
23 60
23 75
24 34
24 38
24 44
24 62
24 67
24 79
24 83
24 84
25 77
26 29
26 57
26 58
26 71
26 88
27 29
27 41
27 47
27 48
27 68
27 72
27 75
28 31
28 61
29 41
29 44
29 59
29 61
29 63
29 78
30 32
30 37
30 57
31 53
31 69
31 89
32 35
32 39
32 51
32 58
32 65
32 77
33 47
33 49
33 58
33 59
33 81
34 43
34 58
35 39
35 43
35 46
35 51
35 75
35 81
36 38
36 57
36 58
37 62
37 79
37 83
38 40
38 50
38 69
39 40
39 43
39 81
39 84
40 65
41 43
41 44
41 45
41 52
41 66
41 74
41 75
42 74
42 82
43 44
43 51
43 56
43 65
43 81
44 60
44 66
44 68
44 75
45 51
46 56
46 88
47 61
47 71
47 73
48 68
48 70
48 79
48 83
49 67
49 85
50 74
51 64
51 77
53 60
54 56
54 61
54 73
54 77
55 68
55 72
55 73
55 87
56 69
57 63
57 65
57 67
58 60
58 88
59 64
59 84
59 86
59 87
59 88
60 75
60 89
61 64
62 80
62 81
62 84
63 74
66 68
66 70
67 85
67 89
68 70
69 78
70 83
71 76
72 82
73 77
74 76
74 78
74 87
76 78
76 87
76 88
77 89
78 88
79 83
79 85
81 84
