60 104
1 14 4 0 14 13 15 12 0 15 2 3 8 6 13 5 12 11 11 14 3 8 3 6 4 1 8 2 13 1 12 2 15 10 4 15 7 14 6 10 0 6 2 0 10 2 8 6 6 10 11 13 0 6 12 9 13 13 12 4 
0 12
0 19
0 24
0 47
1 3
1 12
1 22
2 6
3 30
4 7
4 28
4 42
4 52
5 17
5 45
5 53
6 17
6 46
6 53
8 19
8 25
8 30
9 22
10 11
10 16
10 20
10 22
10 40
11 21
11 23
11 32
11 48
12 27
13 19
13 22
13 25
13 30
13 56
14 20
14 52
15 20
15 29
16 27
16 42
16 51
17 23
17 26
17 43
17 46
18 29
18 44
18 45
20 46
21 25
21 26
21 33
21 59
22 24
22 37
22 39
22 58
24 50
24 55
25 35
25 41
25 50
25 54
26 30
26 53
27 34
28 47
29 36
30 36
31 39
31 40
31 46
32 40
32 53
32 59
33 35
33 41
33 44
34 59
35 41
35 43
35 49
37 50
37 59
38 48
38 57
38 59
39 43
39 59
43 52
45 54
46 53
48 58
49 53
50 53
51 57
51 59
53 56
54 57
55 56
