40 150
4 6 4 6 5 3 0 6 2 1 6 0 5 1 1 7 3 7 6 5 0 0 1 4 7 7 5 6 2 1 3 3 2 5 6 5 2 7 6 0 
0 3
0 7
0 15
0 20
0 28
0 38
1 11
1 16
1 22
1 25
1 27
1 28
2 19
2 20
2 29
2 32
3 9
3 10
3 17
3 19
3 25
4 19
4 22
4 24
4 25
4 27
4 31
5 6
5 7
5 8
5 10
5 15
5 22
5 23
5 27
6 11
6 15
6 17
6 19
6 21
6 25
6 28
6 36
7 10
7 13
7 17
7 18
7 19
7 23
7 24
7 31
7 32
7 35
8 16
8 18
8 32
8 36
8 37
8 38
8 39
9 10
9 15
9 25
9 33
9 37
9 38
10 19
10 25
10 29
11 14
11 16
11 26
11 33
11 38
11 39
12 13
12 16
12 18
12 21
12 28
12 30
12 32
13 16
13 18
13 19
13 25
13 30
13 36
14 18
14 28
14 34
15 16
15 23
16 18
16 23
16 24
16 26
17 25
17 27
17 28
17 29
17 30
17 31
17 39
18 20
18 23
18 28
18 34
19 22
19 25
19 27
19 29
19 39
21 25
21 26
21 28
21 32
21 34
21 36
21 38
22 36
23 24
23 26
23 36
23 37
24 25
24 28
24 33
24 35
25 39
26 28
26 34
26 37
27 28
28 36
29 30
29 34
30 34
31 37
31 39
32 33
32 34
32 36
32 39
33 38
34 35
34 36
34 38
36 39
37 39
