80 602
14 3 0 9 6 12 10 12 13 2 9 2 2 14 2 1 2 5 8 5 12 5 6 0 2 2 5 10 10 7 13 0 2 9 2 15 5 9 9 8 4 1 4 11 8 7 5 10 7 5 9 2 0 1 0 15 10 5 10 7 7 0 7 10 11 5 15 12 13 12 14 3 3 14 6 4 0 8 4 10 
0 11
0 13
0 14
0 15
0 22
0 25
0 29
0 31
0 35
0 40
0 49
0 50
0 55
0 59
0 64
0 66
0 68
0 70
1 2
1 3
1 5
1 7
1 9
1 28
1 46
1 53
1 59
1 60
1 63
1 64
1 67
1 75
2 5
2 6
2 16
2 18
2 23
2 29
2 34
2 41
2 50
2 51
2 54
2 61
2 68
2 73
2 75
3 5
3 7
3 8
3 13
3 20
3 22
3 25
3 37
3 39
3 41
3 44
3 49
3 56
3 61
3 63
3 66
3 72
3 73
3 77
3 78
4 10
4 15
4 17
4 18
4 20
4 42
4 46
4 47
4 49
4 58
4 61
4 64
4 65
4 66
4 67
4 69
4 73
4 74
5 19
5 21
5 26
5 32
5 38
5 41
5 49
5 53
5 62
5 77
5 78
6 7
6 16
6 17
6 19
6 22
6 23
6 37
6 49
6 51
6 62
6 65
6 72
6 76
6 78
7 22
7 23
7 24
7 25
7 32
7 33
7 37
7 38
7 40
7 53
7 55
7 56
7 59
7 63
7 66
7 69
7 72
8 11
8 14
8 15
8 21
8 28
8 38
8 40
8 48
8 67
8 75
9 14
9 21
9 28
9 35
9 41
9 46
9 48
9 49
9 52
9 65
9 70
9 74
9 77
10 16
10 26
10 42
10 48
10 52
10 61
10 62
10 63
10 64
10 65
10 71
11 14
11 16
11 18
11 21
11 24
11 29
11 31
11 38
11 44
11 46
11 50
11 54
11 57
11 71
12 19
12 20
12 23
12 27
12 30
12 34
12 52
12 55
12 61
12 66
12 69
12 70
12 78
13 16
13 19
13 21
13 23
13 39
13 46
13 51
13 57
13 60
13 65
14 15
14 16
14 19
14 22
14 23
14 30
14 31
14 32
14 39
14 40
14 59
14 64
14 73
14 76
15 19
15 28
15 34
15 39
15 43
15 52
15 61
15 62
15 67
15 71
16 18
16 23
16 31
16 40
16 43
16 44
16 46
16 50
16 56
16 62
17 18
17 27
17 39
17 41
17 42
17 46
17 54
17 56
17 64
17 67
17 69
17 78
18 25
18 32
18 36
18 38
18 41
18 48
18 49
18 50
18 55
18 56
18 62
18 70
18 73
18 77
19 26
19 30
19 32
19 35
19 42
19 46
19 61
19 65
19 66
19 68
19 71
19 72
20 21
20 31
20 35
20 36
20 51
20 52
20 78
21 25
21 26
21 35
21 46
21 51
21 52
21 58
21 59
21 60
21 64
22 26
22 28
22 35
22 36
22 56
22 75
23 32
23 36
23 45
23 46
23 47
23 50
23 53
23 55
23 57
23 60
23 76
23 78
24 25
24 27
24 30
24 34
24 38
24 42
24 62
24 63
24 73
25 29
25 32
25 37
25 41
25 42
25 51
25 52
25 56
25 66
25 77
26 27
26 29
26 41
26 45
26 52
26 67
26 69
26 70
26 71
26 76
26 79
27 28
27 34
27 35
27 36
27 43
27 49
27 64
27 66
27 75
27 78
28 32
28 41
28 45
28 61
28 70
28 73
28 74
29 32
29 34
29 38
29 42
29 49
29 52
29 53
29 58
29 60
29 74
30 41
30 44
30 45
30 46
30 49
30 64
30 75
31 32
31 38
31 40
31 41
31 44
31 51
31 58
31 59
31 60
31 61
31 62
31 65
31 66
31 69
31 71
31 78
32 47
32 49
32 53
32 62
32 65
32 67
32 75
33 44
33 53
33 69
34 43
34 52
34 54
34 56
34 71
34 74
35 43
35 50
35 52
35 60
35 61
35 66
36 47
36 51
36 52
36 53
36 57
36 60
36 63
36 65
36 68
36 79
37 40
37 45
37 47
37 49
37 62
37 73
37 74
37 77
38 49
38 54
38 55
38 61
38 64
38 68
38 74
38 79
39 43
39 52
39 58
39 59
39 65
39 66
40 46
40 47
40 61
40 66
40 70
40 73
40 76
40 77
40 78
41 42
41 43
41 48
41 56
41 64
41 65
41 66
41 71
41 72
42 44
42 45
42 48
42 49
42 55
42 57
42 58
42 65
42 68
43 44
43 53
43 55
43 56
43 67
43 69
43 76
44 47
44 57
44 59
44 60
44 66
44 67
44 75
45 48
45 49
45 56
45 78
46 54
46 55
46 70
46 73
47 51
47 66
47 69
48 66
48 73
48 76
49 52
49 54
49 55
49 56
49 59
49 63
49 64
49 67
49 75
49 76
50 51
50 53
50 55
50 60
50 62
50 68
50 69
50 70
50 71
50 72
50 74
50 75
50 77
50 78
51 55
51 56
51 63
51 70
52 71
52 72
52 76
53 74
54 60
54 63
54 64
54 67
54 76
54 79
55 59
55 61
55 67
55 73
56 59
56 60
56 64
56 70
56 71
56 73
56 76
57 60
57 63
57 69
57 76
58 64
58 67
58 77
58 78
59 60
59 73
59 76
59 77
60 64
60 66
60 67
60 68
60 76
60 77
61 67
61 70
61 79
62 79
63 66
63 71
63 75
63 76
64 66
64 67
64 69
64 71
64 73
64 75
64 78
66 68
66 74
66 78
67 71
67 77
67 78
68 70
68 72
68 73
68 75
69 75
69 76
69 77
69 79
70 73
70 74
70 75
71 77
71 78
71 79
72 78
72 79
73 74
74 79
75 78
76 78
