70 208
10 12 6 4 4 1 1 15 10 2 10 1 3 13 10 11 5 12 12 15 14 6 0 6 10 3 10 7 5 8 15 4 8 7 11 10 10 14 8 11 7 8 8 10 12 5 0 13 14 5 3 15 12 15 2 4 9 7 8 13 12 5 4 9 15 8 11 11 7 0 
0 2
0 11
0 16
0 33
0 40
0 47
0 55
1 3
1 18
1 23
1 25
1 32
1 40
1 62
1 64
2 11
2 16
2 27
2 47
2 59
3 60
4 14
4 24
4 40
4 43
4 49
4 53
4 63
5 9
5 14
5 17
5 20
5 26
5 43
5 58
5 61
5 66
6 23
6 24
6 33
6 39
6 57
6 58
7 13
7 19
7 33
7 46
7 55
7 60
8 22
8 48
8 65
9 14
9 17
9 43
9 58
9 63
10 17
10 26
10 38
10 45
10 50
10 58
11 16
11 27
11 48
11 56
11 59
12 13
12 43
12 44
12 49
13 19
13 42
13 44
13 46
13 55
13 60
14 17
14 43
14 63
14 67
15 21
15 24
15 36
15 42
15 67
16 33
16 47
16 59
17 26
17 48
17 58
18 23
18 25
18 36
18 62
18 64
19 33
19 42
19 47
19 55
19 60
19 61
19 68
20 33
21 36
21 68
22 25
22 27
22 49
22 51
22 66
23 24
23 25
23 36
23 65
24 36
24 49
24 53
24 65
25 36
25 39
25 62
25 65
26 38
26 45
26 58
27 29
27 37
27 56
27 59
28 46
29 35
29 37
29 41
29 56
29 59
29 69
30 35
30 54
31 39
31 48
31 49
32 35
32 37
32 62
32 64
32 69
33 47
33 55
34 38
34 44
34 50
34 52
34 54
34 57
35 37
35 56
35 64
35 69
36 49
36 65
37 56
37 69
38 45
38 50
38 52
38 68
41 52
43 53
43 63
44 46
44 54
44 57
44 60
45 50
45 52
45 58
45 67
45 68
46 54
46 57
46 60
47 55
48 66
49 53
49 63
49 65
50 52
50 54
51 52
51 63
52 54
52 57
53 63
53 65
53 66
54 57
56 59
57 60
61 64
61 68
62 64
62 69
64 67
64 69
66 69
