100 442
2 13 1 27 10 1 15 28 7 26 4 27 20 2 9 18 2 8 10 2 24 14 26 8 23 29 4 2 7 31 25 20 25 7 17 24 3 24 16 30 31 7 26 30 22 15 24 31 15 19 19 6 6 11 30 23 13 18 1 13 8 14 24 3 17 6 18 31 17 9 20 21 5 0 10 22 30 20 7 16 2 4 31 1 26 17 26 19 14 12 27 23 17 19 21 28 15 6 20 26 
0 12
0 18
0 24
0 52
0 80
0 88
0 97
0 98
1 4
1 15
1 23
1 25
1 33
1 81
1 85
1 86
2 32
2 50
2 51
2 79
2 89
3 4
3 19
3 20
3 26
3 42
3 64
3 71
3 82
3 85
3 90
3 91
3 99
4 15
4 23
4 25
4 36
4 57
4 85
4 86
5 10
5 18
5 20
5 31
5 38
5 40
5 47
5 49
5 58
6 10
6 57
6 68
6 71
7 9
7 17
7 19
7 25
7 30
7 67
7 84
8 11
8 31
8 40
8 48
8 56
8 75
8 77
8 83
9 26
9 42
9 66
9 68
9 71
9 76
9 82
9 88
9 92
10 71
10 92
11 22
11 24
11 29
11 40
11 41
11 77
11 95
11 99
12 27
12 28
12 42
12 54
12 88
12 93
12 98
13 20
13 21
13 30
13 57
14 21
14 35
14 36
14 45
14 46
14 63
14 68
14 79
14 84
14 89
15 23
15 33
15 46
15 57
15 61
15 65
15 74
16 22
16 23
16 91
17 19
17 35
17 45
17 60
17 67
17 79
17 82
17 84
18 24
18 48
18 52
18 56
18 61
18 72
18 80
18 83
19 30
19 44
19 49
19 58
19 60
19 67
19 87
20 21
20 42
20 53
20 56
20 61
20 72
20 75
20 79
20 83
20 91
21 33
21 57
21 68
21 85
22 29
22 34
22 41
22 48
22 59
22 90
22 93
22 95
23 25
23 37
23 46
23 60
23 68
23 73
23 81
23 85
23 86
24 31
24 32
24 36
24 43
24 76
24 80
24 88
24 99
25 32
25 46
25 53
25 64
25 78
25 81
25 86
26 33
26 36
26 44
26 60
26 66
26 71
26 76
26 82
26 90
26 94
27 43
27 54
27 65
27 94
27 98
27 99
28 39
28 43
28 54
28 74
28 88
28 97
29 34
29 41
29 43
29 48
29 83
29 95
30 33
30 49
30 52
30 60
30 66
30 67
30 70
30 87
31 35
31 38
31 40
31 47
31 48
31 61
31 77
32 46
32 55
32 69
32 78
32 81
33 57
33 59
33 74
33 85
33 93
34 41
34 57
34 59
34 74
34 95
34 97
35 45
35 67
35 68
35 92
36 39
36 52
36 61
36 62
36 72
36 77
36 79
36 87
36 99
37 50
37 51
37 53
37 54
37 62
37 64
37 94
38 47
38 52
38 58
38 70
38 72
38 77
38 87
39 53
39 58
39 93
40 41
40 48
40 77
40 99
41 44
41 48
41 52
41 77
41 95
42 49
42 66
42 75
42 90
42 91
42 92
43 53
43 54
43 57
43 65
43 97
43 98
44 59
44 78
44 98
45 56
45 67
45 68
45 79
45 84
45 89
46 50
46 69
46 78
46 81
47 49
47 58
47 59
47 61
47 86
47 91
48 77
49 58
49 60
49 87
50 51
50 62
50 70
50 83
50 89
50 91
51 62
51 64
51 68
51 81
51 89
51 94
52 55
52 60
52 66
52 80
52 97
52 99
53 54
53 62
53 64
54 65
54 85
54 94
55 73
55 75
55 76
55 78
55 92
57 59
57 74
57 85
57 93
58 87
58 90
59 72
59 74
59 95
59 98
60 67
60 92
61 70
61 72
61 91
61 93
61 99
62 64
62 65
62 86
62 94
63 67
63 96
63 97
64 89
64 94
65 83
65 91
66 71
66 86
66 90
66 91
67 78
68 69
68 79
68 89
69 73
69 78
69 81
69 92
70 82
71 73
71 75
71 76
71 82
71 92
72 75
72 83
72 90
72 91
72 96
73 75
73 76
73 82
73 92
73 96
74 85
74 93
74 95
74 99
75 83
75 90
75 91
75 94
76 84
76 92
76 96
77 84
78 81
78 89
78 96
79 84
79 89
80 88
80 97
80 98
81 86
82 96
82 98
83 86
83 99
84 90
85 93
87 91
88 95
88 97
88 98
90 91
91 96
92 95
92 96
94 99
97 98
