35 216
3 2 2 7 4 4 7 1 7 3 6 3 6 1 3 4 5 1 6 3 0 5 6 1 4 5 5 4 5 6 0 3 3 4 5 
0 1
0 3
0 4
0 6
0 9
0 10
0 12
0 13
0 14
0 20
0 22
0 25
0 28
0 29
0 30
0 31
0 33
1 4
1 6
1 8
1 9
1 13
1 14
1 16
1 18
1 19
1 24
1 33
2 4
2 7
2 9
2 10
2 11
2 12
2 15
2 16
2 17
2 18
2 19
2 23
2 26
2 27
2 31
3 4
3 7
3 8
3 9
3 12
3 13
3 14
3 15
3 18
3 20
3 25
3 26
3 29
3 32
3 33
4 7
4 11
4 15
4 17
4 19
4 24
4 28
4 29
4 31
5 7
5 8
5 15
5 16
5 18
5 23
5 25
5 31
5 33
5 34
6 16
6 18
6 19
6 21
6 28
6 29
6 30
6 31
6 32
7 12
7 15
7 18
7 19
7 20
7 21
7 23
7 24
7 27
7 28
7 30
8 13
8 16
8 18
8 19
8 20
8 21
8 22
8 25
9 11
9 19
9 22
9 29
9 30
9 31
10 13
10 14
10 17
10 21
10 26
10 27
10 31
10 32
11 16
11 22
11 26
11 27
11 28
11 30
12 13
12 14
12 17
12 20
12 21
12 22
12 25
12 27
13 17
13 18
13 23
13 25
13 26
13 30
13 31
13 33
14 15
14 17
14 18
14 22
14 26
14 27
14 32
15 18
15 19
15 20
15 24
15 28
15 29
15 31
16 20
16 26
16 28
16 31
16 33
16 34
17 18
17 26
17 27
17 29
17 34
18 22
18 23
18 30
18 32
18 33
18 34
19 20
19 21
19 25
19 28
19 29
19 31
19 32
20 21
20 22
20 25
20 28
20 29
20 30
20 32
21 23
21 25
21 29
21 32
21 34
22 27
22 30
22 31
23 24
23 26
23 28
23 32
24 25
24 26
24 27
24 29
24 34
25 29
25 30
25 31
26 30
26 31
27 32
28 32
28 34
29 30
30 31
30 32
30 34
32 34
