100 219
6 31 5 28 0 3 11 25 13 15 23 30 16 21 9 24 2 12 21 31 13 11 27 1 0 29 29 21 16 22 0 28 18 29 15 21 0 15 9 1 31 6 17 6 22 25 23 16 21 26 4 24 24 11 21 3 7 9 21 2 23 14 30 21 4 3 21 25 25 3 12 14 22 4 15 25 27 5 3 21 30 3 12 14 12 11 10 19 6 25 17 26 14 8 27 7 13 24 13 31 
0 4
0 39
1 8
1 71
1 85
2 11
2 25
2 46
2 69
2 81
3 27
3 66
3 83
3 88
4 34
4 80
5 16
5 41
5 89
6 21
6 23
6 40
7 36
7 82
7 95
8 9
8 32
8 36
8 41
8 51
8 54
9 38
9 78
9 96
10 30
10 48
10 67
11 17
11 36
11 53
11 54
11 98
12 15
12 28
13 48
13 50
14 31
14 44
14 63
15 41
15 63
15 94
15 99
16 63
16 96
17 40
17 72
18 24
18 28
18 55
18 79
19 28
19 50
19 56
19 92
19 93
20 27
20 30
20 62
20 81
20 84
21 42
21 84
21 85
22 53
22 81
22 92
23 27
23 32
23 53
23 57
23 58
23 69
23 89
24 42
24 50
24 69
24 84
25 38
25 48
26 72
26 74
26 82
26 97
27 92
28 34
28 45
28 70
28 84
29 53
29 91
30 74
30 80
31 33
31 90
31 94
31 99
32 42
32 70
33 64
33 81
33 95
33 96
33 97
34 35
34 50
34 84
35 60
35 76
35 96
36 40
36 62
36 81
36 86
37 80
37 83
38 40
38 46
38 59
38 84
39 41
39 51
39 52
39 61
39 76
40 54
40 88
40 90
40 94
41 47
41 51
41 53
41 74
41 81
41 95
42 49
42 52
42 61
42 77
43 51
43 63
43 99
44 50
44 69
45 79
46 51
46 54
46 62
46 70
46 76
47 95
48 84
48 88
48 92
49 61
49 65
50 51
50 61
50 69
50 76
52 95
52 97
53 66
53 73
54 58
54 91
55 73
56 66
56 72
56 84
56 85
57 58
57 59
57 69
57 84
58 60
58 85
59 79
59 88
61 80
61 84
62 72
63 77
63 94
64 76
65 75
66 83
67 89
68 72
69 76
69 96
69 99
70 83
71 94
72 79
72 83
74 92
75 98
76 87
78 89
79 89
79 92
80 97
83 90
83 94
84 87
92 93
92 99
93 98
