50 95
1 2 6 5 2 3 5 0 2 6 7 3 1 0 3 5 4 7 5 4 3 4 0 7 1 2 5 5 6 5 7 6 6 3 3 1 6 5 3 1 5 1 5 7 3 2 7 4 7 2 
0 32
1 35
2 8
2 9
2 39
3 10
3 20
3 35
3 36
4 26
5 6
5 29
5 40
5 42
6 7
6 19
6 24
6 25
7 13
7 18
7 22
7 35
8 19
8 25
8 47
9 14
9 20
9 24
9 43
9 47
9 48
10 12
10 15
10 20
10 22
10 35
11 15
11 28
11 31
12 14
12 23
12 26
12 49
13 15
13 16
13 26
13 27
13 31
13 32
13 43
13 47
14 44
15 36
15 47
15 48
15 49
16 19
16 22
16 26
16 47
16 49
17 28
19 28
19 34
20 31
20 33
20 49
21 24
21 30
21 36
22 28
22 35
24 28
24 31
25 36
25 39
25 42
28 32
28 37
28 42
29 44
30 42
30 44
31 40
32 40
33 34
33 38
33 40
34 48
35 39
35 42
36 46
38 45
41 43
43 45
