40 119
4 6 1 6 5 0 5 6 7 7 1 5 2 7 1 5 0 7 0 7 5 5 3 1 6 1 5 0 7 4 6 5 7 6 7 0 3 0 1 6 
0 11
0 14
0 18
0 28
0 33
0 34
1 16
1 19
1 21
1 25
1 29
1 32
2 4
2 5
2 8
2 9
2 15
2 20
2 26
3 9
3 10
3 28
4 5
4 8
4 13
4 15
4 26
5 10
5 13
5 15
5 26
6 9
6 12
6 22
6 27
6 35
6 39
7 18
7 25
7 38
8 9
8 12
8 15
8 39
9 12
9 15
9 39
10 13
10 26
10 30
10 36
10 37
10 38
11 17
11 21
11 24
11 33
11 34
12 22
12 27
12 39
13 26
13 36
13 38
14 18
14 23
14 28
14 33
14 34
15 39
16 19
16 25
16 29
16 31
16 32
17 19
17 20
17 21
17 24
17 32
17 34
18 22
18 23
18 28
18 35
19 21
19 25
19 32
20 24
20 39
21 24
21 32
22 23
22 27
22 35
23 27
23 28
23 35
24 32
24 33
24 34
25 29
25 31
25 37
26 36
27 35
27 39
28 33
28 35
29 31
29 37
29 38
31 36
31 37
31 38
33 34
36 37
36 38
37 38
