100 150
24 4 14 29 5 18 19 6 11 17 4 8 18 24 31 18 28 15 6 14 16 4 6 27 11 1 8 10 28 24 22 17 22 23 28 25 4 21 13 27 0 1 20 9 31 22 25 9 27 8 21 21 1 18 8 7 29 25 6 20 23 14 18 2 28 7 0 29 0 14 18 6 13 12 15 25 27 20 16 14 20 21 30 15 28 9 20 16 13 14 18 29 11 10 26 2 2 2 14 0 
0 11
0 27
0 54
1 17
1 33
1 41
2 27
2 54
2 98
3 6
3 46
3 52
4 13
4 18
4 84
5 40
5 80
5 87
6 65
6 99
7 18
7 35
7 44
7 63
7 90
8 21
8 31
8 75
8 78
9 21
9 70
9 78
10 15
10 61
10 79
11 66
11 92
12 17
12 41
12 91
13 48
13 50
14 38
14 48
14 50
15 25
15 76
16 45
16 72
16 97
17 93
18 83
19 29
19 32
19 62
19 70
20 37
20 43
20 69
21 71
22 51
22 58
22 68
23 41
23 82
23 91
24 30
24 42
24 47
25 49
25 79
26 94
27 66
28 40
28 45
28 80
29 56
29 86
30 60
30 82
30 91
31 67
31 71
32 43
32 86
33 34
33 93
34 74
34 99
35 85
36 43
36 69
36 86
36 88
37 72
37 97
38 73
38 81
39 51
39 81
39 89
40 57
42 63
42 82
42 95
45 57
46 62
46 65
46 77
47 63
47 90
48 73
49 66
49 92
50 84
51 53
52 55
52 77
53 68
53 89
54 67
55 80
55 87
56 70
56 78
57 97
58 61
58 64
59 65
59 74
59 99
60 87
61 76
64 68
64 76
66 96
67 98
69 72
71 98
73 85
73 94
73 96
74 93
77 87
79 92
81 94
83 84
83 90
87 88
89 94
