100 149
22 6 11 27 27 2 16 11 24 19 22 29 22 27 26 3 27 0 3 11 19 15 15 5 3 11 22 23 31 12 17 25 0 10 3 28 1 1 2 16 15 27 30 15 19 14 21 28 15 31 3 7 6 22 22 29 1 3 24 28 11 9 13 31 10 19 14 6 5 31 13 15 2 1 6 12 1 18 25 13 9 21 9 12 22 30 0 29 31 7 23 28 31 6 11 21 17 7 2 25 
0 5
0 43
0 44
0 47
0 69
0 70
0 72
0 95
1 36
1 39
1 76
2 21
2 88
3 35
4 18
4 33
4 90
5 34
5 42
5 62
5 73
5 74
5 84
5 95
6 67
6 73
7 67
7 81
8 51
9 27
9 80
9 93
10 51
11 74
11 92
12 36
12 58
12 77
13 68
13 89
13 93
14 28
14 43
15 73
15 93
16 48
17 22
17 24
17 33
17 94
18 25
18 53
18 79
19 34
20 38
21 89
22 67
23 30
23 33
23 61
24 46
24 85
25 35
25 92
26 51
27 48
27 69
28 32
28 87
28 99
29 30
29 45
29 47
29 61
29 79
29 81
30 36
30 46
30 48
30 71
31 71
31 96
32 50
34 50
34 52
36 38
36 60
36 87
37 85
39 85
40 52
40 68
41 44
41 85
43 49
43 84
43 85
43 86
43 88
44 65
44 84
46 48
46 55
46 81
46 83
48 63
48 78
48 91
48 98
49 52
49 54
49 72
50 81
51 72
51 81
52 97
53 73
54 77
54 80
55 85
56 72
57 80
59 84
60 84
63 67
64 66
64 78
65 82
66 83
66 87
66 89
67 73
69 85
70 74
72 75
73 94
75 80
77 78
77 95
78 82
79 85
79 87
79 91
79 97
81 85
81 93
84 96
89 94
91 93
