90 208
4 11 3 9 5 7 13 10 1 3 15 13 3 5 5 1 1 1 6 2 12 8 10 0 2 15 7 7 4 6 14 2 15 10 5 8 3 7 9 15 6 12 12 15 9 15 3 10 2 13 8 5 9 5 9 3 0 4 5 6 15 9 6 9 1 7 11 6 11 5 8 9 7 15 4 5 5 13 0 12 3 3 14 6 11 7 11 7 1 9 
0 11
0 44
0 46
1 5
1 11
1 53
1 63
1 69
1 70
1 83
2 23
2 26
2 40
2 53
2 55
2 85
2 86
2 89
3 9
3 30
3 57
4 10
4 40
4 51
4 76
4 85
5 15
5 32
5 33
5 45
5 61
6 28
6 29
6 88
7 48
7 57
7 71
7 88
8 21
8 23
8 35
8 44
8 46
8 76
8 85
9 31
9 55
9 67
9 86
10 19
10 48
10 71
10 78
11 32
11 75
12 62
12 72
13 14
13 15
13 25
13 33
13 66
13 77
14 20
14 35
14 54
14 56
14 79
14 87
15 23
15 26
15 56
15 83
16 27
16 43
16 54
16 58
16 68
17 26
17 31
17 43
17 53
17 55
17 68
17 73
18 46
18 67
18 79
18 85
18 86
19 55
19 60
19 67
19 85
20 24
20 25
20 42
20 59
21 29
21 50
21 53
21 70
22 32
22 33
22 38
22 62
22 77
22 79
23 32
23 75
23 77
24 39
24 46
24 78
24 82
25 72
25 80
25 81
26 41
26 49
26 66
26 74
27 70
27 77
28 47
28 50
28 62
29 53
29 67
30 51
30 65
30 76
30 78
30 81
31 41
31 82
32 36
32 44
32 79
33 80
33 87
34 52
34 66
34 78
35 69
36 84
37 45
37 53
37 75
38 44
38 65
38 76
39 41
39 64
39 74
39 82
40 66
40 71
40 77
40 88
41 83
41 86
42 80
42 87
43 74
43 82
44 50
44 78
45 56
45 69
45 70
45 87
46 75
47 54
48 51
50 81
51 88
52 66
53 76
54 59
54 66
54 74
55 71
56 64
56 74
57 58
57 68
57 72
58 59
59 72
60 61
60 63
60 64
62 65
62 80
62 81
63 65
64 70
64 83
66 68
66 72
68 71
72 88
75 83
75 86
76 77
77 81
81 88
