60 269
13 2 9 13 7 4 0 14 13 11 4 14 12 4 3 14 4 11 11 6 3 9 10 10 10 11 9 2 6 13 0 12 10 4 10 1 9 7 14 12 11 8 15 7 14 5 12 13 11 11 11 3 15 11 13 6 10 14 8 13 
0 8
0 26
0 30
0 38
0 49
1 9
1 10
1 14
1 28
1 32
1 36
1 39
1 43
1 52
2 7
2 15
2 19
2 23
2 29
2 35
2 41
2 43
2 51
2 53
3 8
3 16
3 20
3 22
3 27
3 34
3 45
3 49
3 50
3 51
3 55
4 11
4 17
4 21
4 34
4 36
4 47
4 54
4 55
4 59
5 6
5 8
5 13
5 15
5 19
5 25
5 26
5 38
5 40
5 42
5 44
5 45
5 57
6 12
6 15
6 24
6 25
6 29
6 37
6 40
6 47
7 10
7 19
7 26
7 28
7 41
7 43
7 52
7 53
8 15
8 22
8 45
9 14
9 17
9 18
9 21
9 28
9 32
9 36
9 52
10 13
10 19
10 28
10 32
10 43
10 52
10 53
11 14
11 17
11 21
11 36
11 45
11 50
11 54
11 55
11 59
12 22
12 24
12 37
12 40
12 47
12 54
12 55
12 59
13 26
13 30
13 31
13 38
13 39
13 56
13 57
14 17
14 21
14 28
14 32
14 36
14 46
15 24
15 25
15 26
15 38
15 40
15 57
16 20
16 22
16 27
16 34
16 45
16 49
16 50
16 54
16 58
17 21
17 23
17 36
17 44
17 54
17 58
17 59
18 30
18 31
18 33
18 39
18 46
18 48
18 56
18 58
19 29
19 35
19 41
19 43
19 53
20 22
20 27
20 29
20 34
20 44
20 47
20 49
20 51
21 32
21 36
21 48
21 59
22 27
22 29
22 35
22 42
22 49
22 51
23 42
23 44
23 46
24 25
24 37
24 40
24 47
24 51
24 55
25 26
25 37
25 40
25 41
25 57
26 31
26 38
26 56
26 57
27 34
27 48
27 50
27 58
27 59
28 32
28 43
28 52
28 56
29 35
29 41
29 49
29 51
30 31
30 32
30 33
30 39
30 46
30 48
30 56
31 38
31 39
31 52
31 56
31 57
32 36
32 52
33 34
33 36
33 39
33 46
33 48
33 50
33 58
34 48
34 50
34 58
35 40
35 41
35 49
35 51
35 53
37 40
37 47
37 49
37 54
37 55
38 39
38 43
38 56
38 57
39 46
39 56
40 57
41 49
41 51
41 53
42 48
43 52
43 53
44 52
46 48
46 50
46 56
46 58
47 54
47 55
47 59
48 50
48 58
49 51
50 58
52 53
53 57
54 55
54 59
55 59
