80 120
5 10 8 9 12 9 6 10 1 4 11 8 8 4 8 10 4 2 10 3 5 12 14 14 13 14 4 4 7 3 8 1 15 8 6 3 4 9 2 10 14 5 12 3 12 12 14 8 7 2 12 15 14 6 8 7 13 5 2 15 9 9 12 7 5 3 14 5 15 15 12 10 11 8 4 2 8 0 6 2 
0 26
0 32
0 50
1 28
1 51
1 62
2 5
2 12
2 56
3 19
4 5
4 40
4 47
5 14
5 34
5 36
5 48
6 14
6 39
6 53
6 55
6 75
7 13
7 23
7 58
8 16
8 29
8 34
9 67
9 76
10 23
10 56
10 59
11 47
11 53
11 64
12 49
12 78
13 16
13 29
14 66
15 46
15 66
15 72
16 31
17 26
17 74
18 26
18 50
18 74
19 27
19 75
20 63
20 78
21 51
21 74
22 31
22 65
22 66
22 79
23 68
24 30
24 42
24 76
25 49
27 61
27 71
28 40
28 54
29 43
29 58
30 39
30 47
31 60
33 44
33 56
33 59
35 45
35 47
36 56
36 79
37 42
37 53
37 64
37 79
38 65
38 70
38 79
40 51
41 42
41 67
41 76
44 47
44 48
45 63
45 78
46 54
46 60
47 50
47 56
47 71
48 70
49 55
52 56
52 59
52 77
54 62
56 67
56 71
57 76
58 68
60 64
61 64
61 66
61 73
65 69
65 75
66 69
68 77
69 73
