90 392
13 14 4 13 2 4 0 2 12 4 0 2 1 0 13 2 10 1 10 15 1 4 8 1 4 2 4 10 6 14 2 15 13 3 13 15 10 10 8 2 12 10 0 15 1 15 0 0 13 13 10 2 9 3 15 3 14 2 4 3 2 0 8 6 6 9 2 3 0 12 14 11 10 9 6 5 5 4 13 13 8 12 12 3 7 7 9 0 5 0 
0 3
0 29
0 38
0 40
0 46
0 75
0 77
0 81
0 86
1 7
1 13
1 14
1 52
1 57
1 73
1 87
1 89
2 7
2 13
2 17
2 41
2 43
2 47
2 85
3 17
3 21
3 40
3 45
3 47
3 63
3 69
3 86
4 20
4 27
4 34
4 41
4 42
4 64
4 87
5 20
5 22
5 30
5 35
5 38
6 13
6 48
6 49
6 51
6 56
6 59
6 61
6 63
6 68
7 16
7 28
7 33
7 43
7 51
7 52
7 86
8 9
8 12
8 31
8 36
8 45
8 53
8 68
8 69
8 87
9 13
9 23
9 26
9 52
9 54
9 66
10 29
10 32
10 35
10 36
10 38
10 47
10 58
10 79
10 80
11 13
11 55
11 67
11 75
11 82
12 13
12 23
12 54
12 62
12 71
12 75
12 83
13 18
13 26
13 46
13 50
13 65
13 73
13 83
13 84
14 25
14 34
14 40
14 64
14 72
14 80
14 83
15 19
15 29
15 57
15 70
15 85
15 89
16 32
16 38
16 48
16 82
16 83
16 89
17 20
17 30
17 38
17 53
17 55
17 73
17 74
17 86
18 20
18 23
18 26
18 27
18 30
18 37
18 46
18 84
19 24
19 27
19 29
19 42
19 50
19 52
19 55
19 58
19 70
19 71
19 80
19 81
19 87
19 89
20 25
20 32
20 41
20 65
20 81
20 82
20 86
20 87
21 22
21 57
21 58
22 29
22 30
22 41
22 49
22 55
22 70
22 78
22 79
23 36
23 42
23 60
23 61
23 62
23 79
23 89
24 34
24 43
24 63
24 71
24 77
24 83
25 38
25 45
25 77
25 79
25 84
26 28
26 29
26 36
26 40
26 42
26 60
26 83
27 31
27 34
27 61
27 63
27 65
27 79
27 83
28 36
28 57
28 74
28 82
28 83
29 69
29 74
29 84
30 33
30 58
30 59
30 72
30 74
30 75
30 77
31 43
31 45
31 51
31 66
31 67
31 71
31 88
32 41
32 61
32 67
32 68
32 71
32 72
33 70
33 74
34 52
34 72
34 81
35 47
35 72
35 85
36 44
36 67
36 76
36 78
36 84
36 88
36 89
37 41
37 47
37 49
37 55
37 58
37 72
38 58
38 59
38 68
38 70
38 77
39 45
39 62
39 75
40 46
40 48
40 54
40 60
40 83
40 88
41 47
41 54
41 64
41 68
41 89
42 51
42 76
42 77
42 80
43 47
43 61
43 84
43 85
44 65
44 69
44 72
44 74
44 84
45 49
45 51
45 53
45 60
45 74
45 78
45 80
45 81
45 84
46 47
46 79
46 89
47 62
47 66
47 70
48 54
48 59
48 73
48 76
48 85
48 87
49 55
49 56
49 67
49 69
49 70
49 85
49 86
49 88
50 67
50 89
51 65
51 88
52 71
52 73
52 76
52 81
52 82
53 70
54 55
54 61
54 85
54 86
55 58
55 63
55 71
55 76
55 82
56 76
56 80
56 84
56 85
56 86
56 88
57 63
57 78
57 81
57 83
58 62
58 85
59 61
59 65
59 74
59 83
60 65
60 73
60 85
60 88
61 64
61 70
62 81
63 73
63 78
63 80
63 83
64 66
64 83
65 76
65 83
66 68
67 76
67 79
67 83
67 87
67 89
68 71
68 82
69 72
69 86
70 77
70 81
70 83
73 79
74 83
74 86
74 87
74 89
75 76
75 78
75 85
76 77
77 84
78 82
80 81
81 89
82 84
84 87
