80 120
6 5 8 12 9 0 13 10 15 8 13 9 12 3 7 13 9 1 3 0 13 4 13 0 3 0 4 2 5 2 13 5 13 9 4 0 15 9 11 14 4 3 9 0 10 8 0 4 12 4 1 5 5 1 13 11 13 5 11 14 10 2 2 9 4 3 6 11 6 14 6 8 8 3 6 9 10 1 14 8 
0 47
0 67
0 78
0 79
1 55
2 17
2 50
3 40
3 53
3 78
4 38
4 54
4 68
5 12
5 13
5 42
5 45
5 46
5 61
6 40
6 58
7 79
8 10
8 33
8 64
8 73
9 51
9 62
10 14
10 34
10 35
10 41
10 55
10 60
10 74
11 61
13 37
14 50
14 57
15 19
15 30
15 74
16 70
16 72
16 74
17 53
18 28
19 44
19 53
20 30
20 70
21 45
21 55
21 77
22 45
23 44
23 63
24 44
24 51
24 75
25 26
25 40
25 48
26 73
27 36
27 67
27 78
28 39
28 68
29 43
29 55
30 46
31 74
32 58
33 56
33 60
34 56
35 38
35 39
35 45
35 54
35 57
36 44
36 53
37 56
37 67
38 40
38 60
39 66
40 76
41 48
45 55
45 66
45 71
46 52
47 54
47 68
48 74
49 56
51 64
52 61
52 63
53 67
54 69
55 61
55 64
56 67
56 71
57 70
58 61
60 68
61 62
63 74
65 70
67 75
68 79
70 74
70 76
72 73
72 74
