50 84
7 5 2 1 0 2 0 2 6 7 0 5 3 1 7 1 6 1 3 3 1 0 4 4 5 2 3 5 3 0 7 7 4 2 3 0 5 1 4 7 5 4 2 1 6 4 7 1 1 6 
0 2
0 43
1 17
1 30
1 39
2 7
2 24
2 31
2 43
3 7
3 13
3 14
3 16
3 26
3 36
3 40
4 20
4 31
5 11
5 12
5 16
5 49
6 20
6 47
7 15
7 26
8 16
9 13
9 21
10 18
10 31
11 17
11 27
11 44
12 41
13 17
13 18
13 19
13 27
13 33
13 37
14 23
14 29
14 48
16 25
16 27
17 22
17 35
17 36
17 38
17 40
19 31
19 39
19 41
21 34
21 37
22 29
22 43
23 39
23 41
24 25
24 43
24 47
26 48
28 32
28 41
29 35
29 49
30 33
30 38
31 32
34 39
34 45
37 42
37 45
38 40
39 42
39 49
40 47
42 43
45 47
45 49
46 48
47 49
