50 85
3 2 2 0 0 3 1 6 4 6 5 1 2 6 7 2 5 1 3 1 1 2 0 4 1 3 4 7 7 5 0 2 1 5 4 0 0 4 3 7 0 5 2 5 7 0 2 1 0 5 
0 26
0 47
0 49
1 26
2 24
2 40
3 10
3 29
3 41
3 48
4 35
4 37
5 14
5 29
5 35
5 46
6 15
6 34
6 42
6 43
6 46
7 44
8 9
8 13
8 34
9 17
9 49
10 16
10 36
10 45
11 33
12 28
12 32
13 14
13 17
13 27
13 30
13 36
13 41
13 46
14 25
14 34
14 35
14 49
16 18
16 19
16 38
16 46
17 25
17 32
17 39
18 36
19 23
19 41
20 21
20 47
21 32
21 38
21 43
21 48
22 33
23 26
23 37
24 35
24 41
26 29
26 41
27 28
28 35
28 39
29 31
29 42
30 33
30 44
33 37
33 41
36 46
37 40
37 49
38 42
38 44
38 49
42 46
43 48
44 48
