50 82
2 2 7 6 4 0 5 3 2 4 1 5 7 2 4 7 7 0 1 5 1 6 1 2 6 0 1 2 5 2 5 6 0 7 0 2 4 2 5 6 0 0 4 3 3 6 2 6 5 5 
0 17
0 18
0 21
0 27
1 2
1 13
1 17
1 37
1 41
1 42
1 45
2 5
2 33
3 5
3 10
3 11
3 28
3 32
3 40
4 28
4 29
5 12
5 19
5 22
5 26
5 29
5 34
6 38
7 27
7 28
8 24
8 38
9 17
9 21
9 26
9 35
9 45
10 31
12 42
12 47
14 40
15 32
15 43
15 47
16 30
16 36
16 44
17 22
17 45
18 42
18 49
19 28
19 38
20 25
20 41
20 48
21 22
21 42
21 48
22 23
23 25
24 38
24 40
25 33
25 46
25 47
28 35
29 35
30 47
30 49
31 44
32 38
34 36
34 42
34 48
35 36
37 43
38 40
39 45
42 48
42 49
47 48
