90 160
6 11 15 7 4 11 3 6 10 6 4 2 13 6 2 5 6 10 15 10 3 1 10 3 8 12 10 10 8 5 6 1 2 0 3 1 7 5 1 14 9 7 11 0 2 4 13 14 7 9 13 15 2 3 10 15 13 12 1 5 5 10 8 12 15 2 9 5 9 11 8 6 11 6 13 9 2 10 13 14 7 10 8 10 11 7 8 10 11 9 
0 6
0 26
0 35
0 77
0 79
1 6
1 45
1 71
1 79
2 29
2 47
2 67
3 14
3 20
3 22
3 56
3 83
4 17
4 20
4 43
4 49
5 27
5 34
5 47
5 67
6 16
6 61
6 64
7 33
7 41
8 24
8 40
8 57
8 59
8 88
9 17
9 30
9 57
10 17
10 30
10 39
10 49
11 38
12 22
12 42
12 66
12 70
13 23
13 60
13 69
14 25
14 55
14 63
15 18
15 52
16 32
16 58
16 71
18 37
18 53
19 47
20 88
21 33
21 48
21 77
22 40
22 44
22 68
23 37
23 38
23 61
24 39
24 49
24 83
25 36
25 44
25 85
25 87
26 46
26 64
27 42
27 45
27 54
27 72
28 62
28 72
28 85
29 37
29 78
30 89
31 42
31 45
31 66
31 79
32 70
32 87
33 73
33 87
34 38
34 42
34 70
34 72
35 46
35 59
35 88
36 86
37 47
37 84
38 47
38 69
39 57
39 63
39 89
40 66
40 83
41 74
43 46
43 88
45 75
46 53
47 77
48 73
48 74
48 82
49 88
50 60
50 68
50 69
50 76
51 61
51 80
51 86
52 64
54 67
54 75
54 82
55 56
55 73
55 84
55 87
56 68
56 76
56 86
58 64
59 66
59 79
60 74
63 83
63 85
64 77
64 81
65 68
68 70
69 70
71 75
73 76
74 76
78 84
81 86
85 89
