60 632
15 1 10 5 11 14 10 13 3 14 3 12 12 7 2 12 13 8 14 5 7 4 2 1 6 4 1 6 13 7 9 1 15 12 6 1 1 6 14 13 11 7 3 8 12 13 12 2 13 2 8 7 6 15 1 13 4 4 12 15 
0 1
0 4
0 7
0 11
0 13
0 20
0 22
0 25
0 26
0 28
0 36
0 39
0 41
0 42
0 44
0 45
0 46
0 47
0 54
0 55
0 58
1 3
1 5
1 6
1 9
1 11
1 14
1 16
1 21
1 25
1 28
1 33
1 34
1 40
1 44
1 54
1 56
1 57
2 3
2 4
2 6
2 7
2 8
2 9
2 12
2 14
2 19
2 23
2 24
2 28
2 34
2 36
2 38
2 39
2 40
2 45
2 48
3 6
3 7
3 8
3 10
3 12
3 13
3 18
3 19
3 22
3 26
3 28
3 31
3 33
3 36
3 39
3 40
3 41
3 42
3 43
3 49
3 55
3 56
3 58
4 5
4 6
4 8
4 18
4 19
4 23
4 26
4 27
4 28
4 29
4 40
4 47
4 49
4 54
4 55
4 56
4 57
4 59
5 6
5 11
5 13
5 19
5 20
5 21
5 24
5 27
5 28
5 31
5 41
5 47
5 48
5 49
5 50
5 54
6 9
6 10
6 13
6 18
6 22
6 25
6 26
6 27
6 29
6 34
6 36
6 38
6 41
6 43
6 44
6 46
6 49
6 50
6 51
6 55
6 56
7 18
7 20
7 23
7 26
7 28
7 33
7 34
7 37
7 38
7 39
7 42
7 44
7 45
7 46
7 49
7 52
7 54
8 9
8 11
8 16
8 17
8 23
8 26
8 27
8 33
8 38
8 39
8 40
8 41
8 42
8 46
8 49
8 50
8 55
8 58
8 59
9 13
9 14
9 23
9 25
9 27
9 31
9 32
9 35
9 37
9 39
9 41
9 42
9 44
9 48
9 50
9 58
10 20
10 22
10 29
10 30
10 33
10 36
10 37
10 40
10 41
10 42
10 44
10 47
10 49
10 50
10 51
10 59
11 17
11 26
11 28
11 31
11 37
11 38
11 44
11 45
11 46
11 47
11 49
11 50
11 52
11 55
12 15
12 16
12 17
12 21
12 22
12 24
12 30
12 32
12 37
12 42
12 43
12 44
12 46
12 54
12 55
12 56
13 18
13 19
13 20
13 23
13 25
13 28
13 33
13 40
13 42
13 44
13 45
13 49
13 51
13 52
13 54
13 55
13 59
14 17
14 20
14 21
14 22
14 23
14 24
14 25
14 26
14 28
14 30
14 33
14 34
14 35
14 41
14 45
14 46
14 49
14 50
15 21
15 22
15 25
15 28
15 30
15 32
15 33
15 34
15 36
15 38
15 46
15 50
15 57
15 59
16 17
16 18
16 19
16 20
16 25
16 26
16 27
16 28
16 29
16 32
16 33
16 34
16 40
16 50
16 52
16 53
16 55
16 59
17 19
17 21
17 22
17 23
17 25
17 28
17 29
17 32
17 33
17 35
17 38
17 43
17 44
17 45
17 47
17 49
18 19
18 21
18 22
18 23
18 26
18 27
18 30
18 32
18 36
18 37
18 39
18 40
18 42
18 43
18 48
18 51
18 55
18 56
19 20
19 22
19 25
19 27
19 29
19 36
19 41
19 43
19 48
19 49
19 53
19 54
19 56
19 57
20 27
20 28
20 29
20 36
20 37
20 42
20 43
20 46
20 48
20 53
20 55
21 23
21 25
21 32
21 34
21 41
21 42
21 44
21 46
21 47
21 50
21 51
21 54
21 56
21 58
22 24
22 28
22 33
22 34
22 36
22 39
22 40
22 43
22 44
22 45
22 46
22 49
22 52
22 53
22 58
22 59
23 24
23 25
23 28
23 29
23 36
23 37
23 39
23 41
23 43
23 45
23 48
23 53
23 58
24 25
24 26
24 33
24 44
24 48
24 52
24 54
24 55
24 57
25 39
25 40
25 41
25 44
25 45
25 46
25 50
25 53
25 55
25 59
26 27
26 28
26 29
26 30
26 35
26 40
26 43
26 45
26 47
26 49
26 50
26 54
26 57
26 58
27 28
27 29
27 33
27 36
27 37
27 39
27 41
27 42
27 43
27 48
27 54
28 29
28 30
28 31
28 32
28 37
28 41
28 42
28 43
28 46
28 48
28 49
28 54
28 55
28 56
29 33
29 34
29 37
29 39
29 42
29 44
29 45
29 48
29 50
29 52
29 56
30 33
30 34
30 41
30 44
30 49
30 51
30 52
30 54
30 56
30 59
31 34
31 36
31 37
31 38
31 41
31 42
31 44
31 45
31 46
31 52
31 56
31 58
32 35
32 36
32 38
32 40
32 43
32 44
32 45
32 46
32 47
32 49
32 53
32 54
32 55
32 56
33 34
33 35
33 36
33 39
33 46
33 47
33 50
33 53
33 54
33 56
33 59
34 40
34 42
34 44
34 47
34 48
34 49
34 51
34 55
34 56
34 58
34 59
35 38
35 39
35 40
35 42
35 55
35 57
36 43
36 45
36 46
36 47
36 49
36 51
36 52
36 53
36 55
36 57
37 38
37 40
37 42
37 49
37 50
37 52
37 54
37 55
37 56
38 43
38 44
38 48
38 49
38 55
38 58
39 40
39 42
39 47
39 52
39 55
39 56
40 43
40 44
40 46
40 47
40 59
41 44
41 47
41 53
41 58
41 59
42 43
42 44
42 47
42 48
42 49
42 50
42 55
42 57
42 59
43 45
43 54
43 55
43 56
44 46
44 47
44 55
44 56
44 57
44 59
45 47
45 48
45 49
45 54
45 55
45 57
45 59
46 47
46 55
46 56
46 57
46 59
47 48
47 49
48 49
48 50
48 52
48 54
48 59
49 52
49 53
49 54
49 58
49 59
50 51
50 53
50 56
50 58
51 52
51 54
51 57
52 53
52 54
52 56
52 57
53 54
57 58
