40 78
4 3 7 1 6 4 1 6 4 5 6 3 7 3 0 3 0 3 7 3 6 0 3 1 3 6 2 5 5 5 3 1 3 5 1 6 7 4 0 5 
0 19
0 25
0 29
1 4
2 4
2 32
2 33
2 35
3 5
3 8
3 10
3 38
4 19
4 23
5 23
5 36
6 19
7 17
7 19
7 29
7 39
8 18
8 20
8 24
9 12
9 16
9 21
9 23
9 25
9 28
9 29
9 30
10 31
11 27
11 34
12 16
12 19
12 20
12 38
13 24
13 32
14 18
14 26
14 27
14 31
14 35
15 17
15 27
15 37
17 26
17 31
18 31
18 32
19 24
19 31
19 32
19 33
19 34
19 36
19 39
20 21
20 33
21 22
21 29
21 36
21 38
22 26
22 29
22 31
23 28
23 35
23 36
25 26
25 27
25 28
26 37
30 36
32 39
