40 92
0 7 4 5 4 3 4 1 3 1 2 3 1 5 6 2 7 3 6 3 1 4 1 4 7 2 5 0 5 3 1 0 3 0 6 4 5 5 0 2 
0 14
0 23
0 31
0 32
1 11
1 36
2 3
2 8
2 9
2 14
3 20
3 23
3 29
3 32
3 36
4 17
4 27
4 32
5 20
5 26
5 31
5 32
5 34
5 37
6 14
6 16
6 24
6 33
6 35
6 38
7 30
7 38
8 26
8 32
9 12
9 16
9 17
9 30
9 38
10 13
10 20
10 23
10 31
10 39
11 22
11 25
11 29
11 36
12 20
12 22
12 25
12 28
12 29
12 34
13 14
13 16
13 27
14 37
14 39
15 29
15 32
15 34
16 20
16 26
17 26
17 27
17 34
18 19
18 24
18 25
18 30
18 31
19 29
20 24
21 24
21 32
22 26
22 32
22 39
23 37
24 25
24 36
24 39
25 38
26 27
27 31
27 34
28 33
33 34
35 36
36 37
37 39
