100 300
17 10 30 17 28 0 13 4 7 21 25 30 11 17 26 4 24 31 31 20 0 25 27 30 5 27 14 0 27 4 3 13 11 21 22 13 11 11 14 1 30 22 15 14 15 30 22 13 13 26 22 20 24 5 16 0 19 15 17 18 23 16 4 6 8 28 3 23 30 10 13 14 27 8 5 31 8 22 30 19 26 3 4 1 2 15 28 10 16 27 10 17 28 31 28 7 7 29 0 22 
0 6
0 26
0 33
0 50
0 69
0 73
0 84
1 5
1 34
1 43
1 88
2 27
2 30
2 35
2 64
2 65
2 74
3 5
3 7
3 19
3 34
3 82
3 85
3 93
4 9
4 20
4 28
4 42
4 83
4 91
5 7
5 12
5 15
5 38
5 55
5 56
5 93
6 11
6 26
6 33
6 57
6 69
7 16
7 38
7 56
7 82
7 93
8 38
8 53
8 99
9 20
9 71
9 72
9 83
9 91
10 30
10 35
10 40
10 45
10 47
10 51
10 97
11 43
11 49
11 57
11 67
11 69
11 99
12 89
13 33
13 37
13 44
13 48
13 50
13 63
13 73
14 94
15 23
15 33
16 32
16 56
16 57
16 75
17 46
17 54
17 59
17 79
17 92
17 94
18 38
18 82
19 34
19 48
19 63
19 82
19 93
20 28
20 42
20 66
20 75
20 83
20 88
21 41
21 85
21 97
22 30
22 43
23 32
23 38
23 53
23 55
23 68
23 75
23 76
23 89
23 96
24 43
24 49
24 61
24 67
24 81
24 86
25 80
25 98
26 33
26 50
26 57
26 69
27 35
27 60
27 61
27 64
27 65
27 74
28 29
28 42
28 83
28 88
29 41
29 42
29 88
29 89
29 90
30 35
30 40
30 51
30 74
31 47
31 59
31 77
31 92
31 95
31 97
31 98
32 54
32 74
33 50
33 58
33 73
34 44
34 48
34 63
34 82
35 51
35 74
36 63
36 92
37 66
38 55
38 56
38 76
38 84
39 98
40 47
40 51
40 77
40 87
40 97
41 42
41 68
41 88
41 89
41 90
42 88
43 49
43 57
43 67
43 69
43 99
44 48
44 50
44 63
44 73
44 99
45 80
45 93
46 71
46 72
46 79
46 91
46 94
47 51
47 77
47 97
47 99
48 63
48 73
48 80
49 67
49 81
49 86
50 62
50 73
50 80
50 95
51 74
52 54
52 74
52 81
52 92
52 95
53 60
53 75
53 83
54 59
54 79
54 92
54 94
54 95
54 98
55 56
55 58
55 76
55 96
56 76
56 93
57 67
57 69
58 76
59 79
59 92
59 98
60 70
60 71
60 82
60 92
61 64
61 65
61 78
61 80
61 81
61 84
61 86
62 77
62 97
63 66
63 82
64 65
64 70
64 74
64 86
65 70
65 81
65 86
67 81
68 76
68 89
68 90
68 96
70 79
70 82
71 72
71 83
71 91
71 94
72 79
72 91
72 94
75 78
75 90
75 91
76 96
77 92
77 95
77 97
77 98
78 82
78 99
79 94
81 86
82 93
83 91
84 88
85 92
88 90
89 90
89 96
90 96
92 98
97 98
