100 149
12 0 28 10 1 21 10 0 11 12 11 27 16 2 27 14 26 29 30 13 2 0 23 15 7 23 2 4 24 0 28 31 10 14 16 14 3 25 20 19 9 24 6 8 12 5 3 30 28 3 21 12 0 29 22 28 16 27 14 9 3 31 5 14 31 18 27 16 15 26 17 2 14 8 8 16 3 2 25 5 18 11 0 21 2 30 24 18 24 31 11 24 11 31 16 10 4 23 4 25 
0 71
0 90
0 97
1 12
1 95
1 96
2 88
3 6
4 8
4 20
4 99
5 81
6 8
6 17
6 43
7 47
8 16
8 23
8 67
9 12
9 17
9 22
9 61
9 74
9 88
10 28
10 70
11 16
11 23
11 70
12 13
12 25
13 18
13 65
13 95
13 98
14 48
14 53
15 66
15 97
16 66
17 47
18 25
18 36
19 29
19 35
19 72
20 81
20 99
21 26
21 34
21 91
21 94
22 24
23 41
24 43
24 68
25 30
25 37
25 41
25 53
26 30
26 66
27 67
28 41
28 57
28 96
31 32
31 62
33 69
33 90
34 67
35 53
35 69
35 96
36 44
36 53
37 41
37 60
37 80
37 89
38 56
38 65
39 86
39 96
40 81
40 96
41 62
41 72
41 99
42 49
42 75
43 47
43 81
43 92
44 77
44 83
45 70
46 66
46 97
47 77
48 95
49 59
49 60
49 68
49 73
49 77
49 92
50 88
51 93
52 91
53 58
54 70
54 91
55 92
56 73
57 66
57 75
58 80
59 75
62 88
62 99
63 66
63 77
64 78
64 79
65 82
70 76
70 77
70 94
72 93
73 81
75 79
75 96
75 99
76 92
77 99
78 91
78 93
81 87
82 93
84 96
85 89
86 92
88 89
89 99
91 95
94 95
97 99
