50 94
1 6 7 1 6 6 7 3 0 7 5 0 6 4 0 6 5 1 1 2 6 7 4 0 3 6 0 5 5 7 4 4 5 3 6 0 4 0 5 1 4 2 5 6 5 0 4 7 5 0 
0 1
0 14
0 42
0 45
0 47
1 18
1 29
1 35
1 37
2 40
3 26
3 34
3 46
4 9
4 42
5 12
5 21
6 39
7 14
7 33
7 44
8 20
8 22
8 34
8 42
8 46
8 48
9 23
9 27
9 31
9 37
10 14
10 33
10 36
10 47
11 19
11 22
11 45
11 48
11 49
12 28
12 45
12 46
13 18
13 27
13 35
13 36
13 37
14 30
14 36
14 40
15 30
15 44
15 49
16 29
16 31
16 37
17 25
17 38
17 43
18 22
18 45
20 33
20 39
21 25
21 39
22 35
23 27
23 28
23 35
24 40
24 42
25 34
25 48
26 28
27 44
28 29
28 46
29 47
30 32
30 38
30 43
32 45
35 46
36 40
37 42
38 48
38 49
40 42
40 43
40 44
40 45
40 49
41 49
