100 150
30 10 24 7 21 16 19 23 23 26 21 23 22 28 31 5 17 30 5 24 1 15 23 24 26 8 24 18 8 5 24 1 5 7 10 27 19 10 14 1 0 26 28 18 27 23 28 13 3 22 22 23 29 12 5 25 16 20 8 23 29 22 23 30 29 30 30 27 23 8 20 5 3 18 1 19 18 10 8 26 11 15 23 28 23 6 27 10 7 0 1 8 29 22 1 17 28 1 0 7 
0 3
0 7
1 50
1 68
1 81
2 6
3 42
3 86
4 6
4 27
4 30
4 45
4 99
5 20
5 52
6 23
7 42
7 90
8 79
9 28
9 33
9 51
9 79
9 97
9 99
10 18
10 32
10 76
11 45
11 47
11 98
12 17
12 76
13 35
13 86
13 99
14 15
14 23
14 28
14 57
14 60
15 21
15 82
16 30
16 45
16 49
16 77
17 25
17 47
17 83
18 45
19 44
19 87
20 66
20 75
21 39
21 48
21 60
22 32
22 68
22 81
23 25
23 82
24 37
24 65
24 84
25 27
26 53
26 72
26 96
27 47
28 95
29 33
29 72
29 96
30 94
31 39
31 60
31 89
32 51
33 92
34 43
34 45
34 88
35 86
35 98
36 38
36 74
37 61
37 90
38 67
38 84
39 64
40 45
40 49
40 50
40 59
40 69
40 71
40 78
40 87
40 94
41 52
41 79
41 91
42 73
42 87
43 92
43 93
44 67
45 93
45 96
46 55
46 62
48 80
48 81
49 87
50 75
52 54
52 66
53 54
53 66
55 63
55 80
56 61
56 90
58 99
59 70
59 87
61 65
62 63
62 99
63 69
64 89
64 91
65 74
67 70
70 87
71 91
71 95
72 92
74 84
75 81
76 86
76 98
77 78
79 85
80 95
85 99
89 97
