60 177
3 4 2 15 13 11 6 6 7 6 1 9 13 9 7 1 5 7 9 0 7 3 10 14 4 13 6 12 2 1 15 3 8 3 3 3 5 1 11 9 2 1 5 5 5 15 7 12 11 14 2 12 0 13 15 2 3 0 12 8 
0 5
0 36
0 59
1 11
1 16
1 21
1 25
1 30
1 44
1 45
1 51
1 52
1 56
1 59
2 11
2 23
2 26
2 30
2 35
2 48
2 57
3 12
3 19
3 32
3 34
3 36
3 59
4 40
4 41
4 42
4 51
4 59
5 8
5 12
5 15
5 20
5 27
5 41
5 44
5 55
5 59
6 16
6 23
6 26
6 31
7 36
7 50
7 54
7 59
8 15
8 17
8 18
8 27
8 43
8 44
8 51
8 55
9 15
9 32
9 38
9 41
9 52
10 12
10 19
10 36
10 50
11 21
11 30
11 33
11 45
11 57
12 19
12 24
12 38
12 41
13 18
13 34
13 35
13 36
14 42
14 44
14 46
14 47
15 21
15 39
15 44
15 55
15 59
16 25
16 39
17 23
17 26
17 27
17 35
17 48
17 53
17 54
17 55
18 21
18 24
18 33
18 47
19 40
19 43
19 50
19 55
20 36
20 53
21 24
21 38
21 44
21 45
21 59
22 23
22 42
22 43
22 51
22 54
23 26
23 27
23 48
23 55
24 32
25 35
26 30
26 47
26 48
26 49
26 57
27 32
27 48
27 55
28 35
28 52
29 30
30 45
30 57
31 51
31 59
32 41
32 48
32 51
33 34
33 48
34 56
35 36
35 40
35 53
36 41
36 54
36 57
36 58
36 59
37 39
37 41
37 43
37 47
37 56
37 58
37 59
38 39
38 43
38 50
41 43
42 47
44 59
45 57
45 59
46 50
46 51
48 57
50 52
50 56
51 53
51 56
53 54
53 58
