50 221
7 1 4 4 7 5 4 1 0 4 3 0 6 5 0 0 0 0 6 0 0 6 5 1 4 3 2 7 2 7 2 3 5 3 4 0 1 2 4 2 3 2 7 1 2 1 5 5 1 0 
0 3
0 4
0 12
0 18
0 29
0 42
0 47
1 4
1 9
1 11
1 31
1 35
1 49
2 4
2 21
2 35
2 36
3 13
3 22
3 28
3 29
3 30
3 37
4 11
4 19
4 48
5 8
5 12
5 20
5 24
5 29
5 32
5 43
6 15
6 18
6 22
6 23
6 24
6 31
6 37
6 39
6 42
6 44
6 48
7 8
7 14
7 18
7 25
7 26
7 28
7 35
7 36
7 38
7 41
7 43
7 44
8 10
8 14
8 15
8 16
8 25
8 26
8 29
8 35
8 36
8 40
8 41
8 43
9 13
9 17
9 18
9 21
9 39
9 48
10 14
10 17
10 26
10 27
10 28
10 29
10 33
10 35
10 36
10 45
11 13
11 18
11 27
11 28
11 32
11 42
12 21
12 33
12 43
12 47
13 20
13 27
13 30
13 42
13 44
14 18
14 26
14 27
14 29
14 35
14 36
14 38
14 45
15 19
15 21
15 28
15 32
15 33
15 46
16 18
16 22
16 28
16 45
16 47
16 48
17 25
17 26
17 27
17 28
17 29
17 30
17 35
17 38
17 42
17 43
17 45
18 19
18 31
18 49
19 20
19 34
19 39
19 46
19 48
20 34
20 41
20 46
21 22
21 23
21 27
21 43
21 46
21 48
22 29
22 33
22 46
22 49
23 33
23 39
23 47
24 29
24 33
24 46
24 49
25 26
25 28
25 29
25 34
25 36
25 38
25 41
25 43
26 28
26 29
26 36
26 41
26 42
27 28
27 41
28 36
28 38
28 43
28 45
29 35
29 43
29 45
30 36
30 48
31 38
31 40
31 43
31 48
32 35
32 49
33 37
34 37
34 38
34 39
34 40
34 42
35 38
35 43
35 45
35 47
36 38
36 40
36 44
36 45
36 48
37 40
37 44
38 43
38 45
38 47
39 41
39 42
39 45
39 48
40 41
40 43
40 45
42 45
43 45
44 46
45 46
47 49
48 49
