25 112
0 2 2 1 3 3 2 2 1 2 1 1 0 2 3 3 2 0 0 1 3 0 2 0 0 
0 2
0 7
0 10
0 11
0 13
0 14
0 16
0 20
0 22
1 3
1 9
1 10
1 11
1 14
1 15
1 20
1 21
1 24
2 7
2 8
2 9
2 12
2 16
2 17
2 21
2 22
2 23
3 5
3 6
3 7
3 8
3 9
3 13
3 15
3 18
3 24
4 8
4 11
4 14
4 15
4 16
4 21
5 6
5 9
5 13
5 15
5 18
5 22
5 23
5 24
6 8
6 11
6 12
6 13
6 15
6 18
6 21
6 23
7 10
7 11
7 16
7 17
7 21
7 22
8 9
8 19
9 13
9 14
9 15
9 20
9 24
10 11
10 14
10 18
10 20
10 22
10 24
11 14
11 16
11 19
11 20
11 22
12 13
12 16
12 17
12 18
12 20
12 21
12 23
13 15
13 18
13 23
14 20
14 22
14 23
14 24
15 16
15 20
15 24
16 17
16 21
16 22
17 18
17 21
17 22
17 23
17 24
18 21
18 23
19 20
20 24
21 23
