100 180
3 7 9 5 24 4 29 20 1 6 8 7 5 13 7 30 16 20 11 10 19 27 11 18 0 6 24 3 8 27 6 14 0 26 12 4 29 21 18 17 5 19 1 2 28 17 0 16 25 29 10 4 18 14 18 29 25 16 10 27 15 30 20 16 14 13 12 15 2 25 9 1 5 23 11 5 13 26 29 17 9 12 9 30 26 31 0 18 20 28 18 1 25 21 11 25 11 29 14 7 
0 39
0 40
0 96
1 8
1 31
1 49
2 28
2 36
2 65
2 86
2 88
3 25
3 31
3 37
3 54
3 59
4 87
5 11
5 49
5 68
5 99
6 29
6 60
6 67
6 92
6 96
7 19
7 74
7 94
8 25
8 33
9 23
9 32
9 45
9 61
9 70
10 55
11 20
11 42
11 74
11 94
12 58
12 62
12 63
13 49
14 22
14 38
14 40
14 49
14 78
14 95
15 43
15 61
15 70
15 73
15 87
16 18
16 31
16 54
16 77
17 65
17 87
18 70
18 87
18 93
19 75
19 85
20 22
20 49
20 66
21 28
21 36
21 58
21 62
22 72
22 77
23 26
23 63
24 42
24 51
24 82
24 97
25 29
25 48
25 96
26 45
26 46
26 53
27 77
28 41
28 53
28 60
29 47
29 97
29 98
30 35
30 46
30 73
30 84
31 93
31 96
33 68
33 99
34 38
34 52
34 97
35 50
35 71
36 43
36 78
37 44
38 90
39 44
39 57
39 77
41 42
41 58
42 76
43 62
43 64
43 72
44 94
45 55
45 64
45 71
46 71
48 59
48 76
48 82
48 97
49 69
50 60
50 67
50 79
50 83
51 79
52 67
52 73
52 83
52 93
52 96
54 66
54 75
54 92
55 70
55 83
55 93
56 69
57 92
57 99
58 88
59 75
59 85
61 62
61 63
63 88
65 78
65 95
66 74
66 77
66 90
68 94
69 79
69 95
69 99
71 83
72 78
72 87
72 89
73 84
73 98
74 75
74 91
74 98
77 87
79 93
80 92
81 91
81 93
82 85
