80 119
8 14 0 6 8 4 7 3 9 0 8 12 9 5 12 8 14 14 9 5 9 6 3 4 12 10 7 3 5 14 9 13 14 7 12 7 14 12 6 5 7 15 6 9 10 9 15 6 4 0 9 10 13 14 9 15 6 3 8 11 5 1 8 0 4 12 8 12 11 12 15 6 5 6 8 13 1 12 7 14 
0 24
0 46
0 48
0 49
0 69
1 4
1 27
1 69
2 49
2 60
2 71
3 66
4 30
5 17
5 56
6 27
6 37
6 45
6 63
6 75
7 16
8 17
9 11
9 31
9 67
10 31
10 69
11 48
11 56
12 25
12 69
13 47
14 55
15 16
15 71
15 79
16 30
16 64
17 21
17 24
17 62
18 25
18 64
18 71
19 47
20 64
21 49
21 50
22 53
23 42
24 26
24 39
24 53
24 55
24 62
25 73
26 43
27 45
27 51
28 46
28 47
28 53
29 55
29 58
30 48
31 63
32 44
32 56
33 38
33 42
34 58
34 72
34 73
35 37
36 62
37 44
37 54
37 62
37 69
38 48
38 54
38 61
38 62
39 44
39 57
40 69
41 54
42 47
42 59
42 62
42 65
42 66
42 74
43 55
43 61
44 47
44 49
45 50
46 49
47 62
47 72
48 54
49 62
49 66
49 73
51 52
51 63
51 78
53 70
53 71
53 74
54 73
54 76
58 75
59 77
64 75
65 76
68 71
78 79
