80 120
12 14 13 9 10 10 6 10 5 9 2 2 15 1 9 0 13 13 9 9 1 5 12 8 10 3 10 13 3 0 11 6 8 13 10 0 4 14 14 1 15 10 1 1 15 7 10 14 4 14 2 8 12 7 4 13 12 10 7 12 10 5 1 5 8 9 1 4 2 5 6 10 7 11 15 11 11 14 10 0 
0 12
0 19
0 61
0 64
0 66
0 74
0 75
1 7
1 30
1 45
1 58
2 33
2 44
2 48
2 75
3 24
3 49
3 51
3 76
4 5
4 20
4 29
5 55
6 63
6 78
7 24
7 76
8 23
9 15
9 51
10 66
10 75
11 33
11 51
11 57
11 66
12 14
12 74
13 43
13 44
13 52
13 77
14 74
15 17
15 67
15 75
16 46
16 59
17 76
18 57
19 56
19 59
20 28
21 60
21 78
22 24
22 28
23 59
23 67
24 34
24 38
25 57
25 58
26 48
27 52
28 36
28 43
28 68
28 72
29 34
29 42
29 59
29 69
30 34
30 72
31 57
31 75
32 34
32 35
34 72
35 44
35 66
35 72
35 75
36 66
36 75
36 79
37 63
38 59
39 57
39 68
39 73
40 50
41 73
43 59
44 57
46 74
47 49
47 58
47 75
48 49
49 71
49 73
49 79
50 65
50 76
51 78
53 57
54 69
54 72
54 79
55 60
55 68
57 66
57 68
59 79
61 71
62 70
62 79
76 78
