50 220
7 0 6 6 5 6 2 2 3 5 1 5 7 1 3 7 7 3 6 3 3 3 4 7 2 2 0 3 4 1 1 6 2 4 3 7 1 2 0 7 5 0 6 3 0 0 3 4 0 3 
0 5
0 7
0 8
0 10
0 24
0 25
0 27
0 30
0 34
0 36
0 44
0 49
1 10
1 17
1 22
1 23
1 34
1 40
1 45
1 46
1 48
2 6
2 8
2 11
2 12
2 19
2 35
2 37
2 44
2 46
3 13
3 16
3 20
3 29
3 31
3 33
3 37
3 41
4 10
4 17
4 18
4 34
4 37
4 38
4 39
4 42
4 44
4 46
4 49
5 13
5 14
5 18
5 30
5 32
5 36
5 37
5 43
5 44
5 48
6 12
6 28
6 31
6 35
6 39
6 40
6 46
6 49
7 11
7 22
7 27
7 30
7 32
7 43
7 47
8 13
8 19
8 29
8 35
8 37
8 39
8 49
9 15
9 25
9 32
9 34
9 47
10 14
10 18
10 36
10 37
10 41
10 43
10 44
11 12
11 19
11 24
11 28
11 29
11 35
11 42
11 45
12 15
12 18
12 27
12 28
12 46
12 47
12 49
13 15
13 19
13 24
13 29
13 32
13 33
13 41
14 18
14 32
14 33
14 37
14 38
14 39
14 44
15 20
15 26
15 29
15 31
15 33
15 41
16 22
16 37
16 38
16 43
16 45
17 23
17 31
17 34
17 48
18 20
18 37
18 38
18 39
18 43
18 44
18 46
19 24
19 28
19 29
19 30
20 21
20 23
20 33
20 41
20 44
20 48
21 24
21 40
22 25
22 27
22 28
22 30
22 40
22 43
22 47
23 31
23 34
23 39
23 40
23 48
23 49
24 29
24 35
24 41
24 45
25 27
25 30
25 32
25 35
25 37
25 40
25 47
26 42
27 36
27 47
28 35
28 42
29 36
29 41
30 36
30 43
30 47
31 33
31 34
31 38
31 45
31 48
33 41
33 43
33 49
34 40
34 45
35 37
36 37
36 43
36 44
37 38
37 44
38 39
38 44
38 45
38 49
39 45
39 46
40 47
40 48
42 43
44 49
45 46
45 49
46 49
48 49
