60 340
4 7 1 6 4 1 10 12 11 10 3 2 13 9 2 1 0 2 1 14 1 15 13 10 2 10 10 11 5 4 10 2 7 12 7 6 15 13 1 3 12 13 12 11 7 14 8 14 14 4 11 5 15 4 2 14 9 7 0 8 
0 7
0 8
0 12
0 26
0 36
0 37
0 42
1 12
1 17
1 22
1 31
1 38
1 40
1 41
1 43
2 17
2 19
2 21
2 28
2 29
2 31
2 33
2 38
2 42
2 45
2 48
2 49
2 50
2 57
3 23
3 38
3 39
3 42
3 43
3 47
3 54
3 55
3 57
4 10
4 14
4 15
4 24
4 28
4 29
4 40
4 42
4 50
4 54
4 56
5 11
5 13
5 16
5 19
5 21
5 24
5 25
5 34
5 36
5 49
5 54
5 59
6 11
6 15
6 25
6 28
6 29
6 30
6 38
6 47
6 53
6 58
7 9
7 11
7 12
7 19
7 23
7 31
7 41
7 50
7 51
8 10
8 27
8 39
8 49
8 55
8 58
8 59
9 13
9 14
9 17
9 22
9 31
9 40
9 46
9 57
9 58
10 12
10 13
10 16
10 17
10 18
10 20
10 23
10 27
10 37
10 40
10 42
10 45
10 48
10 52
10 53
10 57
11 12
11 35
11 41
11 43
11 46
11 47
11 54
11 56
11 57
11 59
12 13
12 14
12 19
12 38
12 40
12 41
12 42
12 43
12 51
13 14
13 20
13 21
13 24
13 29
13 32
13 33
13 35
13 44
13 59
14 15
14 17
14 21
14 24
14 27
14 30
14 31
14 32
14 33
14 34
14 36
14 38
14 45
14 49
14 54
15 18
15 21
15 23
15 24
15 29
15 30
15 32
15 39
15 42
15 44
15 57
16 18
16 23
16 25
16 31
16 34
16 50
16 56
17 37
17 44
17 49
18 19
18 24
18 28
18 32
18 43
18 44
18 45
18 46
18 47
18 51
18 52
18 55
19 21
19 27
19 28
19 33
19 37
19 47
20 22
20 24
20 32
20 33
20 40
20 45
20 48
21 22
21 25
21 26
21 35
21 36
21 41
21 46
21 48
21 49
21 52
22 27
22 36
22 41
22 46
22 50
23 27
23 34
23 37
23 43
23 52
24 25
24 27
24 51
24 52
24 57
25 30
25 34
25 41
25 43
25 45
25 46
25 50
25 51
25 55
25 56
25 57
26 31
26 32
26 52
26 54
26 57
27 28
27 29
27 31
27 32
27 39
27 47
27 48
27 50
27 57
28 38
28 43
28 55
29 33
29 35
29 37
29 45
29 52
29 54
30 35
30 37
30 47
30 48
30 59
31 35
31 39
31 40
31 42
31 49
31 50
31 57
31 58
32 35
32 48
32 50
32 59
33 37
33 46
34 40
34 43
34 44
34 49
34 50
34 59
35 36
35 39
35 42
35 44
35 49
35 52
36 37
36 40
36 49
36 54
36 55
37 38
37 39
37 40
37 42
37 44
37 54
38 41
38 47
38 48
38 51
38 55
38 59
39 41
39 42
39 45
39 50
39 54
40 44
40 45
41 44
41 46
41 51
42 46
42 55
43 58
43 59
44 47
44 48
44 49
45 51
45 55
47 56
47 59
48 50
48 51
48 57
49 50
49 52
50 51
51 52
51 55
51 57
53 54
