60 328
5 12 15 9 0 14 11 6 10 8 11 8 11 4 2 2 7 2 10 12 4 3 14 12 12 2 10 1 0 10 3 4 7 9 7 13 11 3 10 8 4 5 1 13 11 10 13 13 8 7 5 1 4 2 8 5 2 2 10 7 
0 1
0 10
0 16
0 17
0 22
0 35
0 45
0 47
1 8
1 10
1 18
1 31
1 32
1 35
1 36
1 47
1 56
1 57
2 13
2 15
2 22
2 24
2 25
2 26
2 27
2 31
2 43
2 46
2 53
2 55
3 4
3 5
3 32
3 40
3 41
3 45
3 54
3 55
3 57
4 8
4 27
4 29
4 45
4 49
4 54
4 56
5 7
5 9
5 38
5 48
5 57
5 59
6 9
6 11
6 13
6 22
6 28
6 31
6 37
6 48
7 8
7 11
7 12
7 16
7 20
7 22
7 23
7 37
7 53
8 12
8 19
8 44
8 46
8 49
8 51
8 54
9 10
9 12
9 20
9 27
9 29
9 41
9 49
9 57
10 12
10 20
10 21
10 28
10 32
10 33
10 38
10 41
10 48
10 49
11 13
11 29
11 30
11 32
11 41
11 44
11 58
12 28
12 29
12 30
12 34
12 45
12 47
12 48
12 49
12 50
12 54
12 57
13 14
13 15
13 26
13 27
13 29
13 32
13 49
13 56
13 59
14 15
14 18
14 29
14 32
14 33
14 34
14 46
14 59
15 17
15 18
15 29
15 40
15 41
15 47
15 49
15 51
15 53
15 56
16 17
16 18
16 36
16 44
16 45
16 51
16 56
16 57
17 27
17 32
17 40
17 42
17 45
17 51
18 19
18 24
18 28
18 30
18 36
18 39
18 43
18 56
19 20
19 39
19 44
19 50
19 54
19 56
20 24
20 27
20 29
20 31
20 33
20 42
20 44
20 49
20 50
20 55
21 25
21 29
21 41
21 42
21 45
21 49
21 54
22 23
22 32
22 33
22 45
22 50
23 30
23 31
23 37
23 39
23 40
23 46
23 47
23 48
23 51
23 56
24 25
24 32
24 34
24 40
24 42
24 44
24 46
24 47
24 48
24 49
24 56
24 59
25 26
25 27
25 31
25 41
25 42
25 48
25 54
25 59
26 27
26 29
26 31
26 33
26 40
26 41
26 53
26 54
27 32
27 45
27 48
27 49
27 53
27 57
28 38
28 56
29 31
29 36
29 41
29 42
29 44
29 54
30 31
30 33
30 35
30 37
30 41
30 42
30 54
30 55
30 59
31 46
31 47
31 55
32 33
32 42
32 52
32 54
32 58
33 40
33 42
33 45
33 49
33 55
34 35
34 36
34 41
34 43
34 47
34 56
34 58
35 37
35 39
35 43
35 45
35 47
35 48
35 55
35 57
35 58
35 59
36 37
36 38
36 41
36 48
36 54
36 55
37 46
37 51
37 53
37 56
38 45
38 50
38 51
38 52
38 57
39 41
39 43
39 44
39 45
39 48
39 57
39 58
40 50
40 51
40 53
41 43
41 54
41 59
42 43
43 55
44 48
44 56
44 57
45 48
45 49
46 53
46 55
46 59
47 57
49 59
51 59
52 53
52 54
52 55
52 58
53 54
53 57
55 59
