60 103
2 4 11 3 7 8 6 2 13 8 8 5 9 11 7 12 12 10 13 4 15 9 14 7 7 5 0 4 13 15 8 4 0 11 0 14 4 15 1 0 2 10 10 2 2 8 6 15 9 3 0 7 15 6 8 14 4 4 15 0 
0 2
0 27
0 32
1 6
1 14
1 16
1 19
1 45
1 46
2 7
2 22
2 29
2 33
3 5
3 7
3 8
3 16
3 43
4 29
4 48
5 41
6 54
7 13
7 21
7 42
7 47
7 59
8 19
8 21
8 23
9 15
9 20
9 21
9 46
10 11
10 53
10 55
11 13
11 34
11 48
11 50
11 59
12 56
13 25
13 27
13 36
13 41
13 49
14 52
14 54
14 56
15 57
16 17
16 29
16 38
16 49
17 48
18 26
18 34
18 53
18 57
18 58
19 29
19 40
20 35
20 52
21 49
22 37
22 57
23 24
23 35
23 41
23 56
24 33
26 39
26 47
27 35
27 47
27 52
28 35
28 45
28 47
29 47
30 33
31 35
31 36
31 37
31 39
31 40
31 59
32 46
32 48
33 42
34 35
35 53
38 44
39 43
39 48
40 46
43 45
44 50
51 59
54 58
