60 103
12 0 14 0 11 7 8 14 0 0 12 9 3 10 13 9 5 9 3 5 13 14 5 1 3 4 5 0 0 15 12 1 11 2 2 14 8 7 2 11 7 2 2 4 5 11 8 2 15 11 15 14 8 11 7 7 11 11 7 10 
0 4
0 50
1 45
1 50
2 11
2 13
2 27
2 35
3 13
3 15
3 57
4 31
4 41
4 44
5 11
5 16
5 53
6 49
6 58
7 29
7 35
8 11
8 15
8 28
8 37
8 47
8 59
9 10
9 19
9 40
9 41
10 48
11 20
11 33
11 55
12 31
12 42
12 52
14 29
14 41
14 56
14 59
15 36
15 48
15 54
16 37
16 52
17 25
17 53
18 32
18 37
18 39
18 41
19 31
20 27
20 31
21 22
21 47
21 51
22 54
23 48
23 49
24 25
24 42
24 44
24 54
25 32
26 44
26 59
27 34
27 36
27 37
28 41
28 44
29 55
30 52
30 54
32 35
34 57
35 45
36 42
36 49
38 41
39 41
39 46
40 49
41 43
41 52
41 58
42 51
42 53
42 55
44 48
44 58
45 46
45 57
46 51
46 55
49 59
50 56
51 56
53 54
54 58
