50 222
2 6 4 0 7 3 1 1 7 4 1 3 7 2 3 6 0 2 0 0 7 4 4 1 3 4 5 6 1 4 7 6 6 7 7 6 1 3 1 2 3 3 0 5 6 1 3 7 7 0 
0 3
0 6
0 7
0 8
0 19
0 25
0 26
0 37
0 38
0 40
0 41
0 46
0 48
1 2
1 5
1 14
1 40
1 43
2 3
2 5
2 9
2 11
2 16
2 20
2 23
2 24
2 26
2 31
2 34
2 35
2 39
3 9
3 11
3 14
3 16
3 23
3 34
3 35
3 42
3 43
3 47
4 16
4 21
4 23
4 36
4 45
4 47
4 49
5 15
5 19
5 20
5 32
6 7
6 9
6 19
6 26
6 33
6 36
6 43
6 44
6 45
7 11
7 19
7 26
7 27
7 30
7 36
7 38
7 44
7 46
7 48
8 11
8 12
8 17
8 19
8 20
8 26
8 29
8 34
8 40
8 42
9 11
9 13
9 15
9 35
9 39
9 41
10 22
10 24
10 45
11 15
11 23
11 34
11 35
11 39
11 42
12 22
12 23
12 24
12 36
12 37
12 46
13 15
13 22
13 24
13 25
13 35
13 38
13 39
13 41
13 45
13 48
14 17
14 22
14 29
14 34
14 36
14 46
15 25
15 35
15 39
15 41
15 44
15 48
16 23
16 25
16 28
16 34
16 36
16 43
16 44
16 45
17 19
17 20
17 21
17 22
17 23
17 33
18 26
18 27
18 28
18 41
18 43
18 45
19 26
19 35
19 36
19 38
19 44
19 45
20 24
20 28
20 38
20 48
21 22
21 25
21 33
21 42
21 49
22 27
22 29
23 34
23 35
23 38
23 43
23 45
24 25
24 27
24 30
24 33
24 42
24 45
25 26
25 38
25 39
25 41
25 48
26 36
26 37
26 38
26 46
26 48
27 44
27 49
28 31
28 32
28 33
28 41
28 47
29 41
29 42
29 49
30 31
30 35
30 49
31 33
32 38
32 46
33 40
34 43
34 44
34 45
34 46
34 48
34 49
35 39
36 39
36 43
36 44
36 45
37 47
38 41
38 48
39 41
39 49
41 43
41 48
42 44
42 46
43 44
43 45
44 45
