70 158
1 10 4 10 1 8 3 6 3 11 14 12 9 4 8 0 6 11 14 11 7 4 1 10 6 14 3 7 11 8 12 11 14 2 13 9 12 0 7 9 6 14 10 9 9 0 5 1 6 3 6 6 8 2 13 9 15 3 14 1 0 10 15 13 8 5 5 5 3 3 
0 43
0 45
0 56
0 60
0 63
1 29
1 34
1 66
1 69
2 23
3 13
3 45
3 57
4 40
4 47
5 60
6 24
6 28
6 49
6 67
7 23
7 31
7 53
7 66
8 21
8 42
9 14
9 23
9 29
9 34
10 45
11 21
11 28
11 33
12 24
12 49
12 54
12 58
13 32
13 48
13 52
13 56
13 58
13 67
14 25
14 40
14 64
14 68
15 17
15 38
15 41
15 43
15 45
15 48
15 51
15 54
15 59
16 22
16 42
16 57
16 64
17 53
17 55
17 61
18 35
18 37
18 48
18 50
18 68
19 23
19 27
19 28
19 34
19 53
19 55
20 46
20 58
21 25
22 25
22 40
22 56
22 60
23 25
24 42
24 45
25 28
25 31
25 39
26 29
26 41
26 54
27 32
27 62
28 33
28 45
28 48
28 56
28 68
29 63
30 51
30 53
30 54
31 45
31 51
31 60
32 52
32 64
32 69
33 54
34 50
34 68
35 62
35 65
36 37
36 50
36 68
36 69
38 43
38 45
38 60
38 64
38 67
39 49
39 57
40 62
42 45
42 60
43 58
43 65
44 46
44 50
44 51
45 53
46 50
46 69
48 55
48 64
48 65
49 55
49 58
49 64
49 68
50 55
50 59
51 54
51 59
54 59
54 63
56 62
56 65
57 59
58 59
58 67
59 62
60 64
61 63
61 64
62 68
