70 158
3 5 1 9 0 0 6 12 3 14 13 15 9 4 7 11 0 6 9 11 14 1 15 10 4 11 6 12 3 12 2 14 4 15 11 5 9 14 4 13 0 14 9 0 13 0 14 9 12 0 9 4 3 14 11 6 8 11 3 9 2 3 6 7 6 14 14 9 0 14 
0 1
0 10
0 31
0 33
0 46
0 54
0 56
0 58
1 25
2 3
2 22
2 45
2 49
3 4
3 32
3 35
4 9
4 13
4 19
4 29
4 49
4 62
5 9
5 15
5 28
6 10
6 11
6 31
6 47
6 59
7 40
7 42
7 58
8 11
8 28
8 53
8 62
8 67
9 64
10 25
10 34
11 52
11 57
12 26
12 28
12 41
12 51
13 41
13 61
14 23
14 33
15 42
15 45
15 49
15 55
15 58
15 66
15 68
16 18
16 47
16 63
17 25
17 32
17 50
17 53
17 54
17 64
18 32
18 41
18 61
18 67
19 44
19 59
19 60
20 34
21 22
21 26
21 36
21 45
21 57
21 58
21 66
22 33
22 35
22 36
22 54
22 67
23 25
23 32
23 34
23 55
23 66
24 67
24 68
25 27
25 44
25 51
25 54
25 59
25 60
25 68
26 33
26 56
27 29
27 35
27 61
28 54
28 57
28 58
28 60
29 67
30 43
30 63
30 65
31 50
31 62
33 50
34 37
34 48
34 56
34 57
35 50
35 62
35 65
35 69
36 42
36 47
36 57
37 53
37 68
38 45
38 69
39 65
40 59
40 67
42 50
42 63
43 44
43 67
44 54
44 62
46 68
47 52
49 54
49 60
50 67
53 68
54 57
54 62
54 66
55 60
56 61
56 66
57 59
57 69
58 64
59 62
65 67
