60 174
11 8 13 8 14 7 10 4 12 4 14 13 12 4 8 4 9 12 2 13 5 14 4 2 12 15 1 6 6 4 3 9 12 15 11 3 15 6 13 10 12 11 11 14 10 4 8 7 3 3 1 4 7 8 5 5 3 6 13 10 
0 10
0 11
0 13
0 20
0 56
1 6
1 9
1 24
1 28
1 45
1 49
1 51
1 53
1 56
2 4
2 5
2 8
2 9
2 34
2 35
2 54
2 56
3 15
3 18
3 43
3 48
4 6
4 11
4 15
4 16
4 19
4 25
4 39
4 42
4 57
5 13
5 31
5 44
6 21
6 22
7 10
7 17
7 27
7 29
7 32
7 48
7 52
7 59
8 11
8 29
8 35
8 51
8 56
9 25
9 35
10 20
10 58
11 14
11 16
11 18
11 54
12 22
12 33
12 34
12 54
13 19
13 27
13 34
13 40
13 45
13 50
13 56
14 39
14 41
14 45
14 58
15 19
15 20
15 29
15 35
15 40
16 30
16 34
16 42
16 52
16 55
17 38
17 48
17 55
18 19
18 23
18 31
18 43
18 50
18 56
19 36
19 52
19 53
19 56
20 47
20 59
21 23
21 32
21 35
21 39
21 43
21 54
22 39
22 51
22 52
22 56
23 33
23 42
24 25
24 28
24 37
24 46
24 57
25 29
25 38
25 39
25 42
25 50
26 30
26 35
26 50
26 52
27 29
27 31
27 34
27 41
29 40
29 51
29 54
30 36
30 42
30 49
30 58
31 36
31 43
31 48
31 57
31 59
32 52
33 59
34 36
34 43
34 51
34 57
35 47
36 40
36 58
37 53
37 59
38 52
38 54
39 45
41 55
43 58
44 45
45 48
46 50
46 55
47 51
47 56
49 54
49 58
50 53
51 58
52 56
52 57
54 57
55 56
56 58
