90 392
8 6 2 14 5 5 5 11 13 4 1 15 12 13 15 15 12 4 3 3 4 14 5 5 2 9 5 11 0 5 0 13 8 7 5 4 5 12 5 10 7 2 13 4 2 7 11 3 3 1 14 11 2 7 13 5 9 5 11 8 15 8 12 2 13 10 14 9 4 5 9 10 6 13 11 9 10 0 7 15 1 13 8 0 5 7 9 13 7 12 
0 2
0 7
0 21
0 30
0 43
0 59
0 60
0 63
0 64
0 74
1 30
1 33
1 42
1 47
1 55
1 63
1 75
1 78
1 88
1 89
2 11
2 15
2 23
2 27
2 45
2 47
2 65
2 88
2 89
3 9
3 17
3 25
3 62
3 63
4 16
4 23
4 29
4 34
4 35
4 47
4 56
4 60
4 69
4 83
5 6
5 24
5 51
5 57
5 58
5 68
6 15
6 18
6 29
6 57
6 72
6 76
6 82
7 29
7 34
7 65
7 80
7 82
7 83
7 86
8 14
8 59
8 64
8 65
8 85
9 26
9 27
9 34
9 42
9 48
9 83
9 85
10 14
10 16
10 19
10 31
10 34
10 41
10 45
10 71
11 17
11 31
11 40
11 56
11 67
11 75
12 33
12 40
12 41
12 53
12 56
12 88
13 16
13 53
13 58
13 61
13 71
14 18
14 32
14 35
14 54
14 56
14 89
15 21
15 32
15 33
15 74
16 27
16 37
16 39
16 57
16 70
17 50
17 54
17 58
17 70
17 76
17 77
17 82
18 23
18 26
18 27
18 34
18 58
18 80
19 27
19 29
19 49
19 63
19 74
20 22
20 28
20 43
20 54
20 68
20 69
20 70
20 71
20 72
20 76
20 82
21 39
21 49
22 32
22 44
22 57
22 61
22 68
22 77
23 31
23 40
23 42
23 47
23 56
23 58
23 77
23 89
24 36
24 53
24 59
24 60
24 87
25 33
25 44
25 46
25 52
25 63
25 73
26 36
26 43
26 44
26 59
26 61
26 72
26 73
26 80
26 82
27 33
27 34
27 35
27 43
27 49
27 63
27 67
27 72
27 87
27 88
28 44
28 49
28 53
28 56
28 66
28 78
29 55
29 75
29 80
30 36
30 43
30 46
30 61
30 63
30 69
30 81
30 85
31 54
31 55
31 57
31 78
32 34
32 43
32 44
32 46
32 64
32 69
32 83
32 85
33 39
33 46
33 47
33 52
33 72
34 48
34 51
34 55
34 66
34 71
34 73
34 81
34 85
35 48
35 49
35 75
36 52
36 56
36 64
36 65
36 66
36 77
37 47
37 54
37 69
37 73
37 75
37 78
37 80
38 39
38 47
38 50
38 53
38 72
38 88
38 89
39 41
39 49
39 54
39 72
39 75
39 83
40 72
40 79
41 46
41 60
41 63
41 64
41 66
41 68
41 69
41 74
41 84
41 87
42 46
42 49
42 53
42 54
42 69
42 70
42 75
42 89
43 51
43 54
43 64
43 74
43 76
43 77
44 56
44 64
44 72
44 74
45 49
45 50
45 52
45 81
45 82
45 86
45 87
46 50
46 54
46 70
46 71
46 72
47 50
47 52
47 74
48 52
48 55
48 83
48 87
49 50
49 58
50 57
50 75
50 80
51 52
51 73
52 57
52 58
52 70
52 73
52 86
52 88
53 84
54 57
54 64
54 66
55 62
55 70
55 73
55 77
55 79
55 84
56 62
56 73
56 74
56 86
57 61
57 85
58 60
58 78
58 81
59 64
59 75
60 61
60 65
60 83
61 67
61 77
61 81
62 80
62 84
62 88
63 74
63 83
63 87
64 84
65 74
65 75
65 88
67 70
67 71
68 76
68 81
70 71
70 79
70 80
71 73
71 80
72 73
72 76
72 81
73 75
73 81
74 82
74 89
75 79
75 86
78 79
78 82
78 84
78 87
80 84
80 88
80 89
81 84
81 87
82 84
83 86
86 88
87 88
