100 239
11 18 21 4 28 19 29 20 18 29 15 15 13 26 17 17 30 29 8 27 27 27 15 31 3 9 14 2 18 17 30 23 22 16 16 19 30 28 21 5 23 16 31 29 25 27 1 15 12 16 8 28 5 11 19 29 31 12 11 19 6 30 9 21 7 27 14 8 15 31 15 7 17 13 17 12 19 0 19 18 23 26 18 21 20 25 23 3 31 27 24 5 4 21 31 26 18 2147483664 0 14 
0 1
0 23
0 63
0 67
0 97
1 49
1 55
1 75
1 80
1 96
1 97
2 43
2 50
2 54
2 66
2 81
2 97
3 44
3 48
3 76
3 90
4 20
4 44
4 49
4 79
4 83
4 92
5 37
5 43
5 50
5 54
5 93
5 97
6 8
6 53
6 55
6 81
6 96
6 97
7 78
8 23
8 51
8 63
8 66
8 97
9 36
9 44
9 92
9 97
10 37
11 28
11 31
11 95
12 19
12 24
12 73
12 94
12 97
12 98
13 58
13 73
13 77
13 91
13 97
13 98
14 19
14 77
14 91
15 39
15 74
15 90
16 41
16 51
16 62
16 63
16 79
16 97
17 36
17 41
17 75
18 19
18 48
18 86
19 30
19 36
19 44
19 76
19 79
20 24
20 94
21 32
21 42
21 45
21 70
21 97
22 94
23 55
23 97
24 73
24 92
24 97
25 64
25 65
25 97
26 37
26 43
26 52
26 84
26 97
27 75
27 78
27 80
27 97
28 41
28 57
28 61
28 97
29 47
29 78
29 80
29 86
29 96
29 97
31 66
32 82
32 97
33 48
33 74
33 90
34 43
34 54
34 72
34 84
34 97
35 39
35 76
35 90
36 60
36 73
36 88
36 91
36 97
37 68
37 97
38 89
38 94
39 57
40 63
41 66
41 81
41 86
41 96
41 97
42 53
42 83
42 99
43 56
43 97
43 99
45 65
45 97
46 61
47 62
47 63
47 67
47 97
50 83
50 97
51 78
51 81
51 97
52 56
52 68
52 95
53 57
53 58
53 61
53 87
53 97
54 88
54 97
55 58
55 97
56 66
56 72
56 93
57 75
57 78
57 80
57 96
57 97
58 75
58 97
59 77
59 94
59 98
61 81
61 97
62 86
62 97
63 96
63 97
64 70
64 71
64 97
65 70
65 97
66 83
66 88
67 80
67 97
68 93
69 88
70 82
70 92
70 97
71 82
71 97
72 88
72 95
73 79
73 92
73 97
75 97
77 79
78 97
79 94
80 97
81 97
82 97
83 93
84 95
84 97
85 95
86 97
91 97
92 97
96 97
97 98
