30 133
1 4 4 6 7 5 3 7 1 7 3 7 7 3 4 2 4 7 2 4 3 7 1 6 3 6 1 2 3 7 
0 4
0 9
0 10
0 12
0 13
0 17
0 18
0 23
0 26
0 28
1 2
1 7
1 14
1 15
1 17
1 19
1 20
1 26
1 28
2 4
2 5
2 6
2 10
2 15
2 16
2 17
2 20
2 24
3 12
3 20
3 24
4 5
4 6
4 7
4 9
4 18
4 24
4 28
5 6
5 8
5 9
5 11
5 14
5 18
5 20
5 24
5 25
5 28
6 9
6 15
6 17
6 20
6 23
6 24
6 27
6 29
7 10
7 12
7 14
7 15
7 17
7 19
7 23
7 26
7 29
8 11
8 19
8 23
8 24
8 25
8 26
9 13
9 18
9 19
9 21
9 24
9 27
9 28
10 13
10 14
10 18
10 21
10 22
10 23
10 26
10 28
11 12
11 13
11 18
11 25
11 27
11 29
12 15
12 22
12 24
13 14
13 18
13 20
13 21
13 23
13 26
13 28
13 29
14 15
14 19
14 23
14 26
15 17
15 18
15 19
15 20
16 20
16 23
16 24
16 29
17 19
17 20
17 24
18 23
18 28
19 20
19 23
19 26
20 24
20 27
22 25
22 27
23 26
23 29
24 26
24 28
25 28
27 29
