90 134
6 11 2 6 2 0 7 14 2 0 0 3 14 8 4 11 1 10 10 15 15 5 5 12 1 14 2 11 4 13 15 5 10 8 10 14 5 3 0 9 10 8 4 1 10 11 4 3 13 3 3 10 13 4 7 5 10 1 5 10 4 11 14 14 13 14 11 6 6 12 13 10 13 3 5 5 10 2 2 11 8 11 14 10 4 10 12 7 1 7 
0 68
0 89
1 50
1 58
2 37
2 41
2 43
2 48
3 9
3 31
4 11
4 59
4 63
4 64
5 12
5 42
6 22
6 57
7 36
7 76
7 87
7 88
8 60
8 84
8 86
9 64
9 66
9 79
10 30
10 38
10 58
10 61
10 81
10 86
11 20
11 23
11 47
11 65
11 89
12 13
12 14
12 19
12 35
12 76
12 87
13 78
14 18
14 58
14 61
14 81
15 47
15 55
16 55
17 68
17 73
18 20
18 54
18 67
19 39
19 80
19 81
19 82
21 44
21 76
22 30
23 24
23 46
23 56
23 60
24 84
25 58
25 73
25 78
25 84
25 86
26 42
27 48
27 75
28 33
28 81
29 40
29 79
30 43
31 86
32 34
33 66
34 76
35 48
36 74
36 80
37 62
37 65
37 80
37 86
38 45
39 48
39 76
41 80
42 49
42 52
43 63
45 51
46 47
46 77
47 63
47 75
48 50
48 66
48 79
49 64
49 89
51 52
51 54
51 63
51 64
51 79
53 83
54 55
54 76
56 71
57 58
58 68
60 77
61 64
64 83
64 88
66 76
67 69
67 84
68 81
70 85
72 89
77 84
84 85
