100 120
25 16 13 5 18 2 22 25 1 19 16 12 7 9 13 20 11 1 31 15 5 16 8 6 6 12 29 19 1 30 29 6 2 6 26 3 8 7 25 28 26 2 25 9 15 21 1 1 17 13 2 30 2 4 3 2 19 10 19 12 7 23 15 17 21 12 16 30 12 31 31 8 3 0 1 31 0 9 15 3 30 2 17 23 3 14 24 23 16 13 20 23 1 25 28 29 30 10 17 2 
0 14
0 17
1 11
1 20
1 34
1 47
1 57
1 74
1 75
1 85
1 94
2 56
2 79
3 84
3 85
4 36
4 54
4 81
5 39
6 33
6 79
7 68
8 9
8 93
9 96
10 15
10 17
10 56
11 22
11 25
11 32
11 52
11 53
12 63
12 83
13 28
13 30
14 77
14 86
15 21
15 96
16 82
17 19
17 52
17 72
17 88
18 36
18 60
18 77
19 50
19 75
20 42
21 60
23 78
23 92
24 74
25 28
26 41
26 64
27 58
28 36
28 72
28 96
29 53
29 68
29 69
29 87
30 70
31 39
31 73
32 79
33 49
35 80
36 38
36 97
37 90
38 46
39 71
40 67
40 91
41 47
42 92
43 68
43 73
44 48
45 93
46 95
47 65
47 89
47 91
48 76
49 67
51 59
52 90
52 95
53 66
55 61
57 58
57 61
57 70
57 76
57 98
59 78
59 80
59 82
59 89
59 93
59 97
60 68
61 62
63 88
66 69
66 79
67 97
74 99
77 90
81 87
83 97
84 85
88 99
