100 946
11 3 5 25 20 24 6 22 2 11 2 24 11 12 6 4 7 15 8 17 29 19 8 26 7 26 24 30 23 6 4 22 12 16 27 19 16 11 16 19 22 19 21 27 24 7 23 26 6 1 20 6 13 28 27 10 8 15 1 30 17 19 18 10 0 29 24 30 8 21 29 18 28 13 29 1 16 22 13 9 5 13 0 3 24 16 6 16 13 30 18 25 30 25 21 28 11 4 28 26 
0 16
0 28
0 30
0 39
0 40
0 43
0 46
0 49
0 51
0 53
0 55
0 60
0 62
0 63
0 68
0 69
0 84
0 85
0 87
0 91
0 96
1 6
1 11
1 14
1 20
1 21
1 26
1 32
1 34
1 37
1 47
1 49
1 59
1 63
1 65
1 69
1 70
1 77
1 80
1 81
1 84
1 91
1 97
2 5
2 11
2 14
2 15
2 20
2 21
2 29
2 30
2 34
2 42
2 47
2 56
2 58
2 64
2 65
2 68
2 72
2 74
2 81
2 86
2 93
3 10
3 23
3 25
3 26
3 27
3 29
3 34
3 37
3 58
3 65
3 68
4 6
4 11
4 20
4 28
4 31
4 35
4 55
4 62
4 64
4 71
4 78
4 91
4 92
4 94
4 98
5 9
5 10
5 14
5 17
5 18
5 20
5 23
5 24
5 34
5 35
5 37
5 41
5 42
5 45
5 57
5 62
5 63
5 66
5 71
5 83
6 7
6 17
6 20
6 21
6 22
6 25
6 32
6 42
6 66
6 70
6 80
6 89
7 9
7 12
7 13
7 15
7 16
7 20
7 37
7 40
7 50
7 55
7 56
7 82
7 83
7 87
7 92
8 10
8 21
8 32
8 38
8 42
8 67
8 68
8 71
8 72
8 73
8 74
8 78
8 82
8 89
8 90
8 92
8 95
8 98
9 17
9 33
9 37
9 43
9 44
9 58
9 76
9 85
9 91
9 94
10 28
10 30
10 38
10 41
10 53
10 55
10 69
10 72
10 75
10 91
10 92
10 94
10 98
10 99
11 12
11 13
11 18
11 22
11 27
11 33
11 37
11 38
11 40
11 42
11 45
11 49
11 56
11 60
11 61
11 67
11 69
11 71
11 83
11 85
11 90
11 91
11 92
11 94
11 95
11 97
11 98
12 20
12 21
12 23
12 25
12 42
12 49
12 56
12 58
12 65
12 66
12 67
12 75
12 76
12 81
12 96
13 29
13 31
13 32
13 35
13 36
13 41
13 49
13 52
13 53
13 61
13 63
13 64
13 65
13 70
13 73
13 77
13 83
13 86
13 87
13 93
13 98
14 18
14 19
14 23
14 31
14 41
14 44
14 46
14 47
14 51
14 52
14 60
14 62
14 67
14 79
14 86
15 19
15 24
15 28
15 31
15 39
15 49
15 66
15 67
15 73
15 74
15 76
15 80
15 83
15 88
15 89
15 90
15 94
15 95
16 18
16 32
16 42
16 45
16 53
16 66
16 68
16 77
16 87
17 19
17 37
17 47
17 48
17 50
17 56
17 58
17 62
17 64
17 67
17 85
17 87
17 89
17 92
18 20
18 34
18 37
18 38
18 43
18 45
18 63
18 69
18 83
18 85
18 86
18 89
18 90
19 21
19 23
19 29
19 33
19 34
19 37
19 42
19 45
19 56
19 57
19 59
19 60
19 65
19 74
19 82
19 89
19 90
19 94
19 98
20 26
20 32
20 44
20 49
20 50
20 55
20 72
20 81
20 83
20 84
20 86
20 87
20 89
20 97
21 31
21 41
21 48
21 51
21 63
21 68
21 69
21 72
21 74
21 75
21 76
21 79
21 81
21 82
21 87
21 96
22 26
22 29
22 30
22 36
22 39
22 43
22 49
22 52
22 57
22 68
22 70
22 78
22 82
22 88
22 92
22 94
23 24
23 27
23 34
23 46
23 49
23 53
23 56
23 64
23 66
23 67
23 71
23 72
23 74
23 75
23 77
23 78
23 79
23 88
23 90
23 91
23 94
23 96
23 98
24 44
24 48
24 58
24 59
24 60
24 63
24 77
24 84
24 88
24 89
24 91
25 29
25 30
25 33
25 38
25 41
25 43
25 61
25 64
25 68
25 74
25 92
25 98
26 34
26 42
26 60
26 61
26 64
26 71
26 72
26 73
26 78
26 86
26 88
26 95
27 30
27 34
27 36
27 41
27 47
27 49
27 56
27 61
27 64
27 70
27 72
27 73
27 75
27 76
27 78
27 85
27 87
27 91
27 96
27 99
28 29
28 33
28 35
28 36
28 44
28 50
28 54
28 60
28 67
28 69
28 74
28 82
28 86
28 89
28 93
29 30
29 38
29 50
29 51
29 56
29 59
29 63
29 72
29 83
29 90
29 93
29 94
30 33
30 46
30 54
30 60
30 61
30 64
30 65
30 68
30 70
30 76
30 81
30 96
30 97
30 99
31 40
31 41
31 60
31 76
31 85
31 86
31 88
31 99
32 37
32 41
32 45
32 48
32 52
32 53
32 58
32 60
32 61
32 70
32 73
32 74
32 75
32 78
32 81
32 82
32 86
33 37
33 39
33 57
33 60
33 71
33 73
33 74
33 76
33 80
33 90
33 95
33 96
33 97
33 99
34 42
34 50
34 52
34 57
34 61
34 62
34 65
34 72
34 77
34 78
34 99
35 37
35 39
35 50
35 54
35 57
35 62
35 66
35 76
35 84
35 93
35 99
36 37
36 45
36 51
36 52
36 53
36 59
36 61
36 69
36 74
36 75
36 76
36 77
36 82
36 90
36 91
36 97
36 98
37 39
37 43
37 45
37 59
37 64
37 67
37 87
37 89
37 91
37 92
37 94
37 97
37 98
38 40
38 44
38 47
38 64
38 69
38 70
38 73
38 74
38 79
38 83
38 88
38 91
38 95
38 98
39 42
39 44
39 48
39 52
39 54
39 62
39 71
39 75
39 80
39 81
40 41
40 44
40 55
40 73
40 84
40 87
40 91
40 95
41 47
41 56
41 59
41 62
41 63
41 78
41 81
41 99
42 49
42 53
42 58
42 59
42 67
42 81
42 84
42 88
42 90
42 91
42 92
43 47
43 69
43 79
43 80
43 82
43 85
43 86
43 97
44 47
44 49
44 54
44 56
44 59
44 60
44 67
44 68
44 70
44 82
44 86
44 91
44 92
44 99
45 85
45 87
45 88
45 91
45 94
45 95
45 99
46 60
46 61
46 62
46 67
46 68
46 69
46 83
47 48
47 51
47 52
47 53
47 59
47 61
47 64
47 77
47 79
47 82
47 86
47 99
48 64
48 68
48 86
48 89
48 94
49 51
49 52
49 56
49 63
49 65
49 66
49 67
49 72
49 75
49 76
49 79
49 83
49 86
49 87
49 98
49 99
50 53
50 58
50 87
50 94
50 95
51 55
51 57
51 66
51 67
51 92
51 95
51 97
52 54
52 60
52 61
52 63
52 64
52 67
52 68
52 72
52 74
52 75
52 76
52 78
52 79
52 82
52 83
52 84
52 89
52 98
53 61
53 62
53 66
53 74
53 78
53 82
53 84
53 85
53 86
53 88
53 90
53 91
53 92
53 93
53 99
54 69
54 79
54 81
54 86
54 95
54 96
55 86
56 61
56 65
56 67
56 69
56 76
56 78
56 95
57 60
57 62
57 67
57 68
57 77
57 82
57 83
57 85
57 93
57 94
57 99
58 59
58 61
58 69
58 71
58 78
58 84
58 88
58 93
58 96
59 63
59 65
59 75
59 85
59 87
59 88
59 91
59 93
59 99
60 68
60 69
60 76
60 80
60 83
60 87
60 90
61 67
61 74
61 92
61 94
61 97
62 63
63 65
63 72
63 83
63 94
63 99
64 65
64 70
64 75
64 78
64 81
64 82
64 95
64 99
65 66
65 67
65 68
65 73
65 81
65 82
65 83
65 84
65 91
65 92
65 95
65 97
66 67
66 70
66 75
66 81
66 87
66 89
66 91
67 77
67 83
67 87
67 88
67 95
67 96
67 99
68 72
68 76
68 79
68 86
68 87
68 94
69 70
69 77
69 78
69 80
69 82
69 85
69 88
69 90
70 93
70 94
71 75
71 81
71 92
72 75
72 79
72 84
72 88
72 89
72 93
72 97
73 76
73 77
73 81
73 88
73 93
73 94
74 79
74 82
74 89
74 90
74 97
74 98
75 81
75 90
75 92
75 93
75 94
75 99
76 78
76 89
76 94
77 80
77 81
77 84
77 87
77 94
77 97
78 84
78 87
78 91
78 96
78 98
79 80
79 84
79 91
79 98
80 90
80 92
80 93
80 99
81 97
82 84
82 90
83 84
83 88
83 90
83 91
83 92
83 93
83 98
84 87
84 91
84 92
84 94
85 86
85 87
85 92
86 90
86 99
87 90
87 91
87 92
87 99
88 92
88 98
89 92
89 96
90 94
90 98
91 93
91 98
92 97
93 98
94 99
