100 300
9 21 23 26 26 1 7 23 9 4 8 16 7 7 14 29 16 13 7 11 5 23 21 13 23 3 20 25 30 29 2 0 14 23 19 28 8 8 0 15 6 15 5 3 18 6 19 27 20 21 9 9 1 30 2 2 28 7 5 24 3 21 26 22 31 10 14 15 6 7 6 24 22 2 31 0 14 2 26 26 7 7 21 22 19 16 29 3 13 20 8 15 4 21 4 25 15 8 6 24 
0 8
0 18
0 24
0 42
0 49
0 59
0 78
0 80
1 2
1 3
1 20
1 33
1 40
1 46
2 3
2 33
2 37
2 46
2 76
3 33
3 37
3 63
3 76
4 35
4 58
4 60
4 67
4 93
4 96
5 40
5 71
5 74
5 77
5 81
5 99
6 19
6 30
6 45
6 48
6 62
6 72
7 25
7 50
7 52
7 57
8 49
8 53
8 59
8 78
8 79
9 34
9 38
9 39
9 52
9 70
9 95
10 22
10 33
10 46
10 90
11 15
11 37
11 50
11 52
11 63
11 69
12 31
12 51
12 56
12 83
12 90
12 91
13 16
13 24
13 28
13 43
13 61
13 80
14 17
14 21
14 25
14 41
14 61
14 73
15 39
15 50
15 52
15 63
15 69
16 25
16 28
16 43
16 61
16 80
17 21
17 41
17 44
17 66
17 67
18 34
18 67
18 68
18 86
19 30
19 47
19 54
19 64
19 72
20 33
20 40
20 46
20 81
20 99
21 25
21 41
21 66
21 73
22 30
22 50
22 53
22 80
22 92
23 26
23 55
23 62
23 68
23 86
23 98
24 28
24 49
24 59
24 80
25 43
25 61
25 73
26 45
26 55
26 62
26 68
26 98
27 58
27 75
27 82
27 84
27 88
27 93
28 43
28 49
28 80
29 51
29 56
29 65
29 86
29 90
29 98
30 45
30 48
30 64
30 72
31 36
31 51
31 83
31 87
31 91
32 64
32 90
33 46
33 76
34 38
34 70
34 84
34 88
34 95
35 58
35 60
35 75
35 93
35 96
36 57
36 77
36 83
36 87
36 91
37 50
37 63
37 76
38 39
38 70
38 88
38 95
39 52
39 69
39 70
40 46
40 81
40 99
41 44
41 66
41 73
42 72
42 87
43 61
43 73
44 60
44 66
44 67
44 96
45 48
45 62
45 68
46 92
46 99
47 53
47 54
47 64
47 79
47 97
48 62
48 68
48 72
48 89
49 59
49 80
50 63
50 69
50 76
51 56
51 90
51 91
52 69
52 70
53 59
53 78
53 79
53 97
54 64
54 72
54 79
54 97
55 65
55 68
55 86
55 94
55 98
56 65
56 86
56 90
57 71
57 74
57 77
57 83
57 87
58 75
58 82
58 93
59 78
60 67
60 93
60 96
61 73
62 68
63 76
64 72
64 97
65 86
65 90
65 98
66 67
66 96
67 96
68 85
69 70
71 74
71 77
71 81
71 99
74 77
74 81
74 87
75 82
75 84
75 93
77 87
78 79
78 97
79 97
81 89
81 99
82 84
82 88
82 95
83 87
83 91
84 88
84 95
86 92
86 98
88 95
90 91
91 94
