40 168
4 1 7 1 5 5 0 6 1 7 1 5 7 0 6 0 3 3 0 7 0 7 6 3 0 3 6 3 0 2 2 6 7 2 6 2 7 4 3 0 
0 2
0 9
0 16
1 2
1 8
1 13
1 15
1 18
1 21
1 23
1 28
1 29
1 30
1 33
2 6
2 7
2 8
2 18
2 29
2 30
2 34
3 7
3 9
3 10
3 12
3 25
3 29
3 32
3 33
3 34
3 37
4 9
4 10
4 13
4 14
4 17
4 18
4 19
4 27
4 30
4 37
5 7
5 11
5 19
5 20
5 21
5 27
5 38
5 39
6 7
6 8
6 10
6 19
6 20
6 22
6 23
7 8
7 18
7 19
7 20
7 22
7 24
7 27
8 15
8 22
8 23
8 25
8 26
8 29
8 31
9 17
9 18
9 19
9 21
9 24
9 33
9 34
9 39
10 12
10 14
10 18
10 25
10 27
10 34
11 13
11 30
11 36
11 38
12 14
12 15
12 23
12 27
12 33
13 14
13 15
13 18
13 26
13 27
13 30
13 33
13 37
13 39
14 18
14 21
14 25
14 37
14 38
15 20
15 24
15 27
15 30
15 37
16 19
16 24
16 28
16 36
16 38
17 24
17 31
17 32
17 34
17 39
18 27
18 28
18 29
18 37
18 39
19 20
19 22
19 24
19 32
20 21
20 22
20 23
20 24
20 36
20 39
21 22
21 26
21 28
21 36
21 37
21 39
22 23
22 24
22 38
23 37
24 27
24 33
24 37
25 33
25 34
26 35
26 36
27 34
29 30
29 31
29 32
29 37
30 35
30 37
30 39
31 35
32 36
33 34
33 39
34 35
34 37
