90 241
10 3 5 4 0 14 15 0 5 15 10 9 7 11 8 10 2147483660 9 14 6 7 3 15 5 15 6 11 8 4 13 13 4 15 2 12 13 11 0 15 1 4 12 5 10 13 12 13 2 7 3 2 9 2 4 9 9 5 9 5 14 3 1 5 11 7 8 1 14 9 3 6 11 4 12 3 14 6 1 9 13 7 2 15 5 13 2 6 9 14 5 
0 9
0 14
0 16
0 65
0 88
1 32
1 39
1 73
1 79
2 7
2 16
2 18
2 36
2 60
3 18
3 36
3 72
3 83
4 16
4 20
4 58
4 67
4 68
4 80
4 89
5 16
5 26
5 27
5 31
5 47
5 72
5 86
6 14
6 16
6 38
6 79
6 80
7 10
7 15
7 16
7 42
7 56
8 16
8 34
8 44
8 55
9 16
9 26
10 16
10 23
10 25
10 65
10 68
10 89
11 49
11 51
11 62
11 68
11 69
12 21
12 29
12 53
12 64
12 71
13 16
13 43
13 57
13 67
13 74
13 80
14 16
14 26
14 39
15 18
15 37
16 20
16 23
16 25
16 26
16 30
16 31
16 36
16 38
16 39
16 40
16 42
16 43
16 44
16 47
16 48
16 51
16 52
16 55
16 56
16 57
16 58
16 60
16 61
16 62
16 65
16 67
16 68
16 70
16 72
16 73
16 74
16 75
16 76
16 77
16 79
16 80
16 82
16 84
16 85
16 86
16 88
16 89
17 24
17 37
17 82
17 85
18 43
18 59
19 39
19 53
19 60
19 67
19 88
20 25
20 30
20 70
20 82
21 28
21 33
22 36
23 30
23 82
24 50
24 59
24 84
25 65
25 74
25 80
26 79
27 63
27 78
27 81
28 29
29 41
30 33
30 88
30 89
31 63
31 75
32 75
32 88
33 64
33 71
34 35
34 49
35 44
35 54
35 78
35 81
36 48
37 42
37 47
37 59
38 39
39 88
40 70
40 73
40 82
41 53
42 60
42 85
43 52
43 56
44 47
44 76
44 86
45 51
46 50
47 55
47 66
47 75
47 81
48 50
48 60
48 63
48 76
48 83
49 55
49 77
49 81
50 76
50 83
51 55
51 75
52 58
52 72
52 78
52 80
53 87
56 58
56 67
56 77
57 58
57 65
57 72
57 89
58 62
58 64
59 60
59 83
60 70
60 75
60 84
61 64
61 72
61 80
61 84
61 89
62 65
62 68
62 77
63 69
64 87
65 66
65 73
67 70
67 73
68 73
68 82
69 75
69 81
70 74
73 77
76 84
78 86
84 85
