30 81
2 0 2 2 5 5 2 3 1 0 3 1 6 3 3 5 5 6 7 1 0 5 6 0 2 0 5 0 5 1 
0 13
0 14
0 16
0 17
0 18
0 19
0 24
1 3
1 6
1 8
1 17
1 25
1 27
2 7
2 13
2 23
2 24
3 10
3 19
4 9
4 16
4 26
5 9
5 17
5 19
5 26
6 7
6 10
6 13
6 19
6 22
6 24
6 25
6 26
6 27
7 18
7 27
8 13
8 14
8 18
8 22
9 10
9 22
9 24
9 27
10 25
11 13
11 29
12 18
12 19
12 22
12 25
12 26
12 28
13 17
13 20
13 21
13 22
14 16
14 18
14 21
14 25
15 28
16 20
17 20
18 24
19 21
19 24
20 25
21 22
21 26
21 27
21 28
21 29
23 25
23 26
23 28
25 26
25 28
26 28
28 29
