60 124
6 0 1 15 9 3 2 7 7 15 0 5 9 6 4 0 6 2 0 8 14 12 0 10 13 15 2 4 14 2 7 11 5 13 4 4 13 14 9 1 13 10 2 11 2 5 9 7 15 0 13 8 12 8 10 10 3 3 10 0 
0 27
0 52
0 56
1 13
1 19
1 26
1 57
2 19
2 22
2 26
2 27
3 22
4 21
4 23
4 32
5 12
5 24
5 34
5 37
5 42
5 48
6 10
6 21
6 27
6 33
7 25
7 36
8 9
8 12
8 34
9 29
9 43
10 18
10 31
10 33
10 38
10 43
10 53
10 58
11 12
11 18
11 24
11 32
11 47
12 19
12 47
12 48
12 56
13 29
13 35
13 41
13 45
14 21
14 34
15 20
15 22
15 36
15 54
16 42
16 47
17 30
17 31
18 24
18 27
18 32
18 35
18 38
18 39
18 43
18 49
18 53
18 57
19 48
19 50
19 55
20 21
20 41
20 57
21 43
22 30
22 37
22 40
22 49
23 57
24 39
25 37
26 44
26 46
27 32
27 43
27 53
27 57
28 46
29 41
29 46
29 54
30 46
31 42
31 44
32 33
32 39
32 47
33 53
33 58
35 42
36 44
36 47
36 51
37 39
37 47
38 44
38 48
39 59
40 41
40 50
40 52
41 43
43 48
43 51
44 49
45 48
48 57
50 54
52 53
