90 401
10 4 12 1 12 5 13 7 12 5 11 4 7 15 10 10 6 14 15 6 3 3 15 3 7 7 9 12 10 1 1 15 11 14 12 3 1 10 9 8 12 4 7 7 6 2 4 5 5 1 11 15 15 3 12 0 0 0 7 5 6 14 12 13 2 6 14 13 6 2 10 0 10 12 9 14 2 1 4 14 12 9 7 15 13 7 9 7 10 11 
0 9
0 11
0 14
0 30
0 39
0 44
0 45
0 55
0 59
0 87
1 6
1 13
1 17
1 49
1 52
1 65
1 68
1 74
1 80
1 84
2 5
2 26
2 42
2 47
2 69
3 4
3 19
3 22
3 35
3 36
3 53
3 71
3 79
3 89
4 6
4 7
4 11
4 18
4 29
4 31
4 45
4 47
4 57
4 67
4 70
4 81
5 18
5 22
5 31
5 34
5 49
5 51
5 53
5 63
5 71
5 78
6 10
6 49
6 60
6 74
6 80
7 10
7 22
7 31
7 36
7 56
7 65
7 77
7 82
7 88
8 24
8 35
8 37
8 39
8 43
8 48
8 66
8 72
8 75
9 11
9 14
9 16
9 21
9 24
9 39
9 47
9 48
9 50
9 57
9 87
10 22
10 51
10 56
10 70
10 71
10 76
10 79
10 82
10 83
11 14
11 30
11 38
11 44
11 54
11 62
11 64
11 85
11 87
11 89
12 17
12 25
12 29
12 39
12 45
12 65
12 67
12 81
12 86
12 88
13 18
13 30
13 45
13 52
13 64
13 74
13 80
13 85
14 30
14 39
14 46
14 57
14 63
14 64
14 87
15 39
15 49
15 59
15 70
15 76
15 88
16 28
16 38
16 58
16 60
16 69
16 75
16 76
17 34
17 48
17 83
18 27
18 34
18 37
18 43
18 46
18 78
19 27
19 58
19 73
19 82
20 22
20 28
20 32
20 42
20 53
20 74
21 28
21 32
21 37
21 42
21 46
21 47
21 58
21 59
21 86
21 89
22 29
22 33
22 36
22 43
22 44
22 49
22 64
22 65
22 71
22 79
23 35
23 36
23 38
23 59
23 64
23 89
24 35
24 39
24 48
24 51
24 57
24 62
24 66
24 72
24 86
25 27
25 28
25 32
25 37
25 47
25 48
25 67
25 75
25 85
25 86
26 55
26 83
26 84
27 32
27 34
27 37
27 59
27 66
27 75
27 78
27 86
28 37
28 48
28 67
29 30
29 33
29 67
29 70
29 77
29 80
30 44
30 78
30 85
30 87
31 43
31 59
32 41
32 50
32 57
32 67
32 75
32 79
32 81
32 82
32 86
33 45
33 57
33 64
33 65
33 70
33 81
33 88
34 37
34 53
34 72
34 75
34 86
35 37
35 40
35 43
35 48
35 66
35 72
36 54
36 60
36 64
36 70
36 71
36 79
36 82
36 84
37 53
37 75
37 78
37 83
37 86
38 58
38 59
38 64
38 85
39 48
39 57
39 58
39 65
40 43
40 64
40 66
40 71
40 72
40 78
40 87
41 63
42 49
42 51
42 65
42 83
43 66
43 79
44 52
44 69
44 74
44 76
44 85
45 47
45 67
45 79
45 81
45 83
45 88
47 63
47 67
47 81
47 86
48 57
48 61
48 66
48 87
49 53
49 54
49 55
49 59
49 60
49 63
49 68
49 71
49 80
50 51
50 53
50 57
50 81
51 54
51 59
51 85
52 60
52 64
52 68
52 74
52 80
52 85
52 88
53 54
53 60
53 65
54 56
54 60
54 79
55 65
55 66
55 81
56 61
56 65
56 70
56 74
56 82
56 83
56 88
57 66
57 78
58 67
58 81
59 66
60 61
60 68
60 69
60 73
60 86
60 87
61 83
62 83
64 85
65 66
65 76
65 77
65 82
65 88
67 77
67 80
67 81
67 87
68 74
68 82
69 81
69 84
70 77
70 83
71 72
71 79
72 81
74 80
74 85
75 86
77 88
78 81
78 85
79 82
80 83
82 88
83 85
83 88
87 89
