50 220
4 6 4 0 4 7 7 4 2 5 4 7 3 5 7 4 2 3 4 2 7 4 5 1 4 1 0 3 2 2 4 6 5 7 0 0 6 5 2 0 7 3 6 1 5 6 0 7 3 4 
0 2
0 4
0 7
0 10
0 14
0 18
0 20
0 34
0 36
0 48
1 9
1 11
1 14
1 21
1 33
1 49
2 4
2 8
2 9
2 14
2 17
2 29
2 30
2 41
2 43
2 44
3 13
3 19
3 27
3 29
3 39
3 49
4 7
4 8
4 11
4 12
4 13
4 18
4 22
4 23
4 29
4 30
4 31
4 33
4 40
4 42
4 47
5 13
5 23
5 27
5 28
5 34
5 39
6 13
6 33
6 38
6 42
7 16
7 17
7 18
7 23
7 29
7 30
7 34
7 47
8 9
8 16
8 20
8 22
8 23
8 24
8 31
8 41
8 46
8 47
9 12
9 23
9 25
9 27
9 31
9 35
9 39
9 41
9 47
10 16
10 18
10 20
10 23
10 32
10 37
11 12
11 18
11 19
11 20
11 21
11 24
11 36
11 39
11 43
11 46
12 15
12 18
12 19
12 26
12 29
12 42
12 43
13 19
13 24
13 27
13 44
13 48
14 25
15 18
15 21
15 34
15 36
15 43
15 47
15 48
16 36
16 41
16 42
16 47
17 22
17 23
17 24
17 28
17 32
17 43
18 25
18 29
18 30
18 34
18 39
18 43
18 47
18 48
19 22
19 25
19 28
19 31
19 32
19 37
19 47
20 21
20 29
20 32
20 34
20 36
20 48
20 49
21 23
21 29
21 36
22 26
22 31
22 43
22 45
22 46
23 27
23 30
23 31
23 41
23 44
23 47
24 30
24 34
24 35
24 39
24 41
24 43
25 46
25 47
26 37
26 45
26 49
27 32
27 33
27 37
27 39
27 42
27 43
28 34
28 37
28 38
28 45
29 30
29 32
29 34
29 35
29 36
29 48
30 31
30 34
30 47
30 48
31 36
31 39
31 41
31 47
32 33
32 45
32 49
34 42
34 48
35 46
36 37
36 43
36 48
37 38
37 39
39 41
39 43
40 41
40 45
41 44
41 47
44 48
44 49
