70 875
1 4 6 0 6 8 0 6 4 8 0 7 10 15 13 2 4 13 5 7 3 5 4 4 1 14 12 14 2 1 9 10 7 0 10 12 11 8 12 7 8 15 7 11 5 14 1 8 3 6 6 4 9 8 8 8 3 15 8 10 14 14 6 3 2 1 10 7 5 9 
0 9
0 12
0 17
0 18
0 19
0 20
0 21
0 27
0 30
0 32
0 33
0 40
0 41
0 42
0 43
0 44
0 48
0 50
0 51
0 52
0 53
0 54
0 58
0 60
0 63
1 3
1 6
1 11
1 12
1 13
1 18
1 19
1 31
1 33
1 35
1 45
1 47
1 49
1 50
1 51
1 53
1 55
1 64
1 65
1 66
1 69
2 3
2 5
2 6
2 7
2 8
2 10
2 15
2 16
2 25
2 26
2 28
2 31
2 32
2 34
2 38
2 41
2 46
2 47
2 50
2 52
2 53
2 57
2 58
2 61
2 67
2 69
3 9
3 11
3 13
3 15
3 17
3 20
3 22
3 25
3 27
3 35
3 38
3 45
3 46
3 49
3 53
3 54
3 55
3 57
3 59
3 62
3 63
3 65
3 66
4 5
4 8
4 10
4 19
4 22
4 24
4 27
4 32
4 33
4 34
4 35
4 36
4 40
4 41
4 42
4 47
4 48
4 49
4 50
4 51
4 56
4 60
4 61
4 69
5 6
5 8
5 10
5 11
5 14
5 21
5 23
5 27
5 33
5 39
5 45
5 51
5 52
5 53
5 60
5 62
5 68
5 69
6 9
6 11
6 13
6 15
6 18
6 20
6 22
6 27
6 29
6 31
6 32
6 33
6 36
6 37
6 42
6 43
6 46
6 48
6 49
6 50
6 53
6 55
6 56
6 57
6 58
6 59
6 63
6 64
6 65
7 8
7 10
7 11
7 15
7 24
7 25
7 26
7 31
7 34
7 36
7 37
7 40
7 42
7 45
7 48
7 50
7 54
7 56
7 57
7 68
8 9
8 10
8 14
8 15
8 20
8 21
8 27
8 30
8 33
8 36
8 38
8 41
8 44
8 45
8 48
8 52
8 53
8 56
8 59
8 60
8 68
9 12
9 15
9 17
9 20
9 24
9 27
9 32
9 35
9 38
9 44
9 46
9 48
9 49
9 51
9 52
9 54
9 55
9 63
9 64
9 68
10 14
10 16
10 18
10 19
10 20
10 21
10 22
10 25
10 29
10 32
10 41
10 44
10 53
10 58
10 59
10 64
10 65
10 69
11 12
11 15
11 19
11 23
11 28
11 32
11 33
11 34
11 35
11 38
11 39
11 41
11 46
11 54
11 58
11 60
11 64
11 69
12 15
12 19
12 20
12 27
12 33
12 34
12 37
12 40
12 41
12 42
12 44
12 48
12 50
12 51
12 54
12 56
12 60
12 61
12 62
12 64
12 67
12 68
13 16
13 17
13 22
13 25
13 27
13 28
13 29
13 30
13 34
13 35
13 38
13 39
13 40
13 46
13 47
13 53
13 56
13 57
13 61
13 63
13 66
13 67
13 68
14 16
14 21
14 22
14 23
14 26
14 27
14 34
14 36
14 41
14 42
14 48
14 50
14 51
14 53
14 58
14 60
14 61
14 67
14 68
15 16
15 17
15 18
15 19
15 20
15 22
15 30
15 31
15 36
15 37
15 40
15 42
15 45
15 47
15 52
15 54
15 56
15 57
15 62
15 63
15 64
15 66
15 67
16 17
16 21
16 32
16 36
16 37
16 50
16 52
16 54
16 61
16 64
16 65
16 66
17 22
17 27
17 28
17 29
17 40
17 49
17 54
17 55
17 59
17 60
17 64
17 65
17 66
17 67
17 68
18 20
18 24
18 25
18 29
18 32
18 34
18 35
18 41
18 44
18 46
18 48
18 49
18 50
18 51
18 54
18 56
18 58
18 63
18 64
18 67
18 69
19 23
19 28
19 36
19 42
19 43
19 44
19 46
19 47
19 52
19 53
19 54
19 55
19 63
19 66
20 21
20 23
20 25
20 28
20 30
20 34
20 36
20 39
20 40
20 41
20 42
20 43
20 45
20 46
20 47
20 51
20 53
20 54
20 55
20 59
20 61
20 62
20 63
20 68
21 26
21 30
21 33
21 34
21 39
21 43
21 48
21 49
21 53
21 55
21 56
21 60
21 64
21 67
22 24
22 28
22 29
22 31
22 36
22 37
22 40
22 42
22 47
22 49
22 50
22 52
22 55
22 56
22 58
22 61
22 68
23 25
23 26
23 30
23 31
23 34
23 35
23 36
23 37
23 38
23 39
23 41
23 44
23 53
23 59
23 65
23 69
24 25
24 27
24 28
24 30
24 33
24 39
24 43
24 47
24 54
24 58
24 59
24 65
24 67
25 27
25 31
25 32
25 35
25 38
25 46
25 49
25 52
25 55
25 58
25 62
25 63
25 65
25 66
25 67
26 30
26 31
26 32
26 33
26 37
26 39
26 40
26 46
26 48
26 53
26 54
26 55
26 57
26 60
26 62
26 63
26 67
27 28
27 29
27 30
27 32
27 33
27 34
27 35
27 39
27 40
27 41
27 44
27 45
27 47
27 48
27 53
27 55
27 57
27 59
27 62
27 63
27 66
28 29
28 33
28 34
28 36
28 37
28 38
28 42
28 43
28 45
28 47
28 49
28 50
28 55
28 59
28 61
28 64
28 68
29 32
29 35
29 46
29 47
29 48
29 49
29 50
29 55
29 60
29 61
29 65
29 66
30 31
30 32
30 33
30 34
30 36
30 42
30 46
30 47
30 49
30 51
30 59
30 61
30 63
30 66
31 34
31 38
31 39
31 40
31 43
31 45
31 47
31 50
31 52
31 53
31 58
31 59
31 60
31 62
31 69
32 35
32 37
32 38
32 39
32 41
32 42
32 43
32 50
32 56
32 57
32 59
32 60
32 62
32 65
32 66
32 68
33 36
33 40
33 41
33 42
33 43
33 48
33 53
33 57
33 58
33 59
33 60
33 61
33 62
33 63
33 64
33 69
34 35
34 36
34 37
34 38
34 41
34 42
34 44
34 45
34 47
34 50
34 51
34 54
34 55
34 57
34 59
34 62
34 64
34 68
34 69
35 38
35 40
35 45
35 46
35 52
35 54
35 60
35 61
35 63
35 65
36 46
36 51
36 61
36 62
36 63
36 64
36 65
36 67
36 68
37 45
37 47
37 49
37 51
37 58
37 61
37 62
37 63
37 66
37 68
38 43
38 46
38 56
38 57
38 59
38 63
38 64
38 66
38 69
39 46
39 47
39 48
39 49
39 50
39 52
39 54
39 56
39 59
39 62
39 65
39 69
40 41
40 45
40 47
40 49
40 50
40 51
40 56
40 66
40 67
40 69
41 45
41 53
41 55
41 56
41 57
41 58
41 61
41 65
41 67
42 43
42 44
42 47
42 48
42 49
42 51
42 52
42 53
42 55
42 58
42 60
42 61
42 69
43 44
43 46
43 47
43 51
43 53
43 56
43 63
43 64
43 66
43 68
44 45
44 48
44 49
44 50
44 53
44 57
44 59
44 60
44 62
44 63
44 66
44 69
45 48
45 51
45 52
45 53
45 60
45 64
45 65
46 47
46 50
46 51
46 52
46 55
46 57
46 58
46 60
46 61
46 66
46 68
47 48
47 49
47 50
47 52
47 57
47 59
47 65
47 67
47 68
48 49
48 50
48 56
48 58
48 60
48 65
49 51
49 52
49 54
49 55
49 57
49 58
49 60
49 63
49 64
49 65
49 68
50 54
50 57
50 59
50 63
51 52
51 53
51 55
51 57
51 58
51 60
51 61
51 63
51 64
51 67
51 68
51 69
52 55
52 59
52 64
52 68
52 69
53 56
53 59
53 61
53 65
53 66
53 68
54 55
54 57
54 58
54 60
54 61
54 62
54 64
54 69
55 58
55 61
55 64
55 69
56 58
56 61
56 62
56 68
57 58
57 60
57 65
57 66
57 67
57 68
58 60
58 63
58 67
58 69
59 61
59 63
59 68
60 62
60 64
60 67
61 68
61 69
62 63
63 66
63 67
64 66
64 69
65 66
65 69
68 69
