25 110
3 2 1 0 2 3 1 1 3 0 1 2 1 3 3 2 1 3 0 3 1 2 1 1 1 
0 2
0 11
0 13
0 14
0 16
0 19
0 22
0 23
1 5
1 6
1 7
1 16
1 18
1 21
1 24
2 6
2 11
2 13
2 18
2 19
2 22
3 4
3 6
3 8
3 14
3 17
3 19
3 20
3 21
3 23
3 24
4 5
4 7
4 11
4 14
4 19
5 8
5 11
5 12
5 14
5 15
5 17
5 18
5 23
6 8
6 9
6 10
6 11
6 16
6 18
7 8
7 12
7 13
7 15
7 16
7 19
7 23
8 12
8 14
8 15
8 24
9 11
9 13
9 15
9 19
9 22
9 24
10 11
10 14
10 17
10 21
10 22
10 23
10 24
11 15
11 18
11 21
11 22
11 23
11 24
12 13
12 19
12 21
12 23
13 15
13 17
13 20
14 17
14 19
14 20
14 24
15 19
15 20
15 22
15 23
16 19
16 21
16 22
17 18
17 20
17 24
18 21
18 22
18 23
19 20
19 22
19 23
20 22
20 24
22 23
