100 180
16 12 4 20 18 5 29 29 5 25 26 5 13 26 29 1 27 5 7 26 26 22 9 5 15 21 9 20 13 27 16 20 11 23 9 1 20 3 3 2 2 24 1 12 16 26 6 28 15 23 5 16 19 24 2 14 26 10 10 19 18 31 15 27 7 5 18 14 7 30 28 5 12 8 3 1 21 9 6 13 6 27 17 4 15 15 8 20 8 2 21 6 12 7 24 6 14 3 10 22 
0 25
0 32
0 40
0 50
1 6
1 22
1 47
1 56
2 27
2 41
2 62
2 92
3 14
3 47
3 68
3 99
4 35
4 61
4 68
4 72
4 98
5 43
5 53
5 60
6 18
6 77
6 78
6 84
6 87
7 37
8 37
8 45
8 71
8 99
9 29
9 77
9 84
10 17
10 28
10 30
10 36
10 54
11 22
11 74
11 80
12 48
12 68
12 71
12 72
12 93
12 99
13 15
13 49
13 80
13 92
14 48
14 66
14 76
14 89
15 21
15 33
15 36
16 46
16 50
16 73
16 85
17 29
17 34
17 44
17 77
17 90
18 29
19 26
19 67
19 69
19 94
20 99
21 30
21 37
21 75
22 39
22 84
23 92
24 43
24 53
24 56
24 79
25 49
25 80
25 97
26 35
26 65
26 69
27 85
27 91
28 29
30 44
31 40
31 56
31 90
32 65
32 86
32 97
33 37
33 64
33 71
33 80
35 67
35 83
37 44
38 50
38 75
38 79
39 43
39 56
39 74
40 49
41 76
41 85
41 89
42 83
44 45
45 77
45 87
46 74
46 81
47 66
47 87
49 69
50 76
51 70
51 71
51 72
51 80
51 97
52 91
52 94
53 90
53 96
55 61
55 96
56 66
57 76
58 67
58 85
58 91
58 94
59 61
59 73
60 93
61 67
61 76
61 81
61 85
62 89
62 96
63 89
64 82
65 83
66 74
66 79
66 81
66 92
68 76
69 76
72 83
73 79
73 82
77 95
79 89
79 96
80 82
80 88
82 84
82 98
83 97
84 86
84 95
87 99
91 92
