60 140
11 14 8 1 3 14 15 12 10 10 14 4 6 4 12 14 4 6 15 0 10 11 3 0 10 15 8 11 10 15 13 7 14 6 2 8 7 7 12 4 13 1 12 4 1 2 7 2 4 1 6 12 4 6 0 9 2 4 15 13 
0 3
0 8
0 17
0 22
0 35
0 40
0 43
0 55
1 26
1 52
1 53
2 36
3 5
3 10
3 12
3 27
3 39
3 42
3 45
4 52
4 58
5 24
5 51
6 9
6 29
6 39
6 43
7 14
7 50
7 55
8 10
8 12
8 13
8 20
8 21
8 30
8 32
8 52
8 56
9 14
9 20
9 34
9 40
9 47
10 26
10 27
10 32
10 36
10 40
10 41
10 50
11 25
11 37
11 39
11 56
12 18
12 24
12 46
13 21
13 31
14 19
14 24
14 29
14 51
14 53
15 19
15 39
15 40
15 41
16 40
16 49
17 32
17 39
17 42
18 19
18 33
18 35
18 40
18 45
18 48
18 58
19 53
20 24
20 40
20 55
21 24
21 30
21 44
21 51
22 46
22 49
22 51
23 26
23 29
24 28
24 29
24 37
25 36
26 33
26 53
26 57
27 33
27 34
27 38
27 40
27 46
28 36
28 53
28 59
30 45
30 48
31 36
32 53
32 59
33 59
34 39
34 40
34 44
34 50
35 47
36 57
37 48
38 50
38 56
39 53
39 55
40 48
40 53
40 56
41 45
42 47
42 49
42 54
42 57
43 55
45 49
45 50
46 50
46 58
53 58
