80 199
14 12 11 9 11 1 7 9 1 11 4 3 10 1 11 7 13 13 0 6 2 8 7 15 9 14 7 13 12 8 9 3 14 9 4 2 11 9 0 10 9 6 4 2 6 0 7 2 1 2 6 14 5 4 10 3 0 0 8 0 12 10 8 12 3 6 8 5 3 4 1 5 8 0 0 10 5 10 9 0 
0 5
0 24
0 78
1 6
1 9
1 25
1 27
1 39
1 43
1 59
1 77
2 4
2 27
2 50
2 65
3 75
4 29
4 44
4 45
4 56
4 74
4 75
5 16
5 38
5 46
6 18
6 22
6 40
7 67
7 75
7 76
8 41
8 72
9 10
9 13
9 33
9 35
9 40
10 14
10 17
10 25
10 61
10 69
10 71
10 76
11 21
11 23
11 42
12 23
12 33
12 42
12 45
12 75
13 24
13 49
13 51
13 54
13 67
13 76
13 77
14 18
14 40
14 57
14 73
14 78
15 45
15 46
15 59
15 69
16 49
16 66
16 67
16 70
17 37
17 55
18 25
18 47
19 23
19 45
19 59
19 72
19 73
20 24
20 25
20 44
20 60
20 76
20 77
21 34
21 36
21 66
22 39
22 51
22 54
22 55
22 66
23 34
25 31
25 61
25 76
26 61
26 71
26 76
27 45
27 56
27 59
27 60
27 62
28 59
28 62
28 73
28 78
29 37
29 50
29 79
30 42
30 48
30 58
30 75
31 47
31 60
31 71
32 41
32 44
32 49
32 75
32 76
32 79
33 34
33 36
33 51
33 56
33 69
34 40
34 73
35 36
35 39
35 48
35 66
35 67
36 42
36 58
36 68
37 48
37 52
37 75
38 44
38 46
38 49
38 72
38 77
39 46
40 57
40 66
41 44
41 53
41 63
41 64
43 44
43 62
43 63
44 63
45 69
46 67
46 77
47 78
48 70
49 52
50 53
51 52
51 58
51 74
51 75
52 70
52 79
53 65
53 79
54 58
56 67
56 69
57 76
58 67
58 70
59 72
60 63
60 64
62 65
62 69
62 71
64 65
64 71
64 76
65 74
68 74
69 73
69 74
71 78
74 76
74 79
