100 293
21 25 7 24 20 4 2 10 31 17 19 0 17 25 5 1 13 0 8 17 22 12 4 5 15 28 27 29 14 25 17 7 5 22 5 29 0 14 22 2 7 15 0 12 0 17 19 16 16 30 18 0 21 25 6 8 8 12 2 11 4 23 12 8 8 29 12 19 6 12 15 28 0 26 0 30 19 17 22 23 24 3 30 13 7 30 12 22 7 17 10 10 15 28 6 28 27 24 11 19 
0 11
0 25
0 28
0 42
0 43
0 75
0 83
1 2
1 31
1 59
1 70
1 73
1 89
1 95
2 3
2 32
2 39
2 45
2 50
2 69
2 83
2 91
2 94
2 97
3 32
3 35
3 45
3 59
3 60
3 73
3 99
4 14
4 19
4 41
4 57
4 64
4 84
5 14
5 34
5 46
5 79
5 84
5 89
6 21
6 32
6 72
6 80
6 85
7 25
7 31
7 36
7 40
7 70
7 93
7 96
7 99
8 43
8 58
8 80
8 85
8 87
8 90
8 92
8 96
9 32
9 35
9 46
9 64
9 71
9 74
9 84
10 34
10 56
10 57
11 30
11 41
11 57
11 67
11 70
11 86
11 98
12 16
12 25
12 29
12 43
12 57
12 61
12 83
13 14
13 20
13 33
13 43
13 57
13 72
14 62
14 76
15 26
15 33
15 44
15 55
15 61
15 68
15 88
16 22
16 27
16 37
16 92
16 98
17 28
17 44
17 66
17 71
18 34
18 44
18 78
19 30
20 53
20 58
20 76
20 79
20 92
20 94
21 26
21 30
21 74
21 79
22 27
22 33
23 60
23 73
23 89
23 95
23 97
24 36
24 53
24 58
24 80
24 86
25 63
26 92
26 98
27 46
27 64
27 77
27 87
28 29
28 45
28 49
28 74
28 83
28 94
29 56
29 65
29 75
29 82
29 87
30 86
30 89
30 97
31 39
31 54
31 55
31 64
31 88
32 47
32 62
32 65
32 81
32 90
32 97
33 35
33 58
33 73
33 87
34 52
34 74
34 81
34 98
35 39
35 55
35 61
36 39
36 42
36 53
36 80
36 81
36 92
36 94
37 94
38 63
38 90
39 64
39 87
39 91
40 68
40 74
40 80
40 86
41 42
41 55
41 56
41 90
41 97
42 50
42 57
42 63
42 78
42 97
43 56
43 63
43 78
44 74
44 78
44 87
44 90
45 60
45 67
45 95
46 61
46 76
46 79
47 79
47 92
48 98
49 52
49 70
49 72
49 82
49 95
50 59
51 96
51 99
52 75
52 92
53 58
53 91
53 99
54 59
54 81
54 85
55 73
56 68
56 80
56 94
57 79
57 87
57 91
57 92
59 96
60 62
60 93
61 91
62 67
62 98
63 79
63 87
63 96
64 65
64 76
64 77
64 92
64 97
66 71
66 75
66 88
66 89
67 73
67 83
67 97
68 70
68 82
70 89
70 94
71 79
72 90
73 90
74 97
76 91
78 83
78 92
78 94
78 97
78 99
84 90
85 94
86 99
87 99
88 91
88 99
89 93
90 98
92 94
93 97
