100 434
7 30 3 18 7 26 26 23 25 2 25 17 31 30 5 7 15 23 30 15 9 25 2 3 23 27 23 20 27 28 22 12 29 21 4 16 23 12 16 0 25 0 18 7 26 28 12 6 20 31 2 24 8 22 0 25 29 26 5 6 1 8 7 20 22 12 7 31 10 7 21 11 0 12 18 21 21 21 30 13 7 28 1 22 23 24 5 26 8 24 11 18 10 13 12 2 8 28 14 10 
0 6
0 24
0 45
0 88
0 94
0 95
1 6
1 12
1 25
1 33
1 35
1 43
1 50
1 53
1 57
1 64
1 68
1 69
1 87
1 98
2 4
2 14
2 23
2 38
2 58
2 67
2 78
2 89
3 8
3 22
3 29
3 51
3 64
3 77
3 84
4 18
4 24
4 28
4 29
4 51
4 60
4 61
4 83
5 8
5 10
5 29
5 85
6 16
6 18
6 22
6 25
6 35
6 47
6 53
6 60
6 63
6 74
6 76
6 80
6 83
7 24
7 29
7 33
7 34
7 56
7 76
7 88
7 90
8 11
8 49
8 69
9 19
9 49
9 66
9 82
10 35
10 56
10 59
10 63
10 64
10 74
10 93
11 22
11 49
11 69
11 89
12 34
12 57
12 63
12 69
12 80
12 81
13 15
13 16
13 23
13 36
13 46
13 90
14 22
14 67
14 72
14 86
15 18
15 23
15 69
15 89
15 93
15 96
16 17
16 18
16 19
16 27
16 31
16 35
16 48
16 61
16 69
16 73
16 77
16 84
17 25
17 33
17 35
17 38
17 42
17 43
17 47
17 57
17 63
17 92
17 96
17 98
18 24
18 27
18 39
18 40
18 45
18 63
18 66
18 76
18 83
18 98
19 30
19 42
19 48
19 63
19 69
19 71
19 73
19 84
20 32
20 46
20 62
20 91
21 29
21 31
21 35
21 39
21 42
21 49
21 59
21 68
21 74
21 95
21 96
22 28
22 29
22 33
22 41
22 53
22 62
22 73
22 74
22 82
23 24
23 33
23 34
23 42
23 43
23 61
23 69
23 86
23 87
23 89
24 49
24 60
24 73
25 35
25 37
25 50
25 52
25 53
25 75
25 80
25 84
25 89
25 98
26 33
26 68
26 77
26 79
26 83
27 29
27 30
27 32
27 40
27 46
27 51
27 58
27 76
27 81
27 92
27 96
28 63
28 66
28 67
28 89
28 91
29 41
29 61
29 65
29 76
29 88
29 91
29 94
30 37
30 48
30 50
30 53
30 67
30 71
30 73
31 34
31 41
31 50
31 64
31 65
31 74
31 81
31 88
32 43
32 55
32 65
32 98
33 40
33 42
33 63
33 68
33 77
33 80
33 88
33 92
33 96
34 62
34 80
34 90
35 37
35 56
35 60
35 63
35 83
35 98
36 49
36 67
36 85
37 38
37 43
37 50
37 53
37 98
38 47
38 53
38 57
38 60
38 78
39 46
39 65
39 69
39 79
39 88
39 89
40 43
40 63
40 67
40 69
40 76
40 77
40 91
40 92
40 96
41 43
41 51
41 59
41 77
41 79
41 82
41 90
42 48
42 71
42 75
42 77
42 80
42 84
42 99
43 53
43 77
43 84
43 92
43 96
44 52
44 67
44 73
44 87
44 97
45 50
45 54
45 58
45 62
45 68
45 79
45 82
46 62
46 69
46 75
47 64
47 73
47 96
48 50
48 59
48 69
48 71
48 76
48 98
49 57
49 74
50 53
50 55
50 68
50 69
50 72
50 73
51 74
51 76
51 82
52 54
52 66
52 74
52 80
52 83
52 87
53 69
53 70
53 73
53 85
54 56
54 71
54 74
54 75
54 85
55 82
55 90
55 99
56 58
56 89
56 98
57 70
57 72
57 78
57 82
57 89
57 92
58 77
58 81
58 93
59 60
59 65
59 74
59 93
60 61
60 77
60 89
61 78
63 80
63 86
63 96
64 70
64 89
65 75
65 79
65 87
66 71
67 79
67 85
67 91
68 70
68 85
68 86
68 95
69 70
69 73
69 80
69 81
69 83
69 94
70 74
71 73
71 81
71 83
71 84
72 75
73 76
75 85
76 80
76 83
76 92
77 84
77 96
77 98
80 83
80 98
81 85
81 91
82 92
83 84
83 98
85 95
86 90
86 93
86 97
87 88
90 91
90 99
92 96
95 97
