90 176
0 7 9 13 12 0 4 7 8 12 12 3 6 5 13 12 8 3 6 10 4 0 12 7 2 5 4 4 14 0 15 9 10 3 9 3 3 7 4 9 4 10 9 14 14 1 7 8 1 9 8 9 2 10 6 1 4 7 15 5 1 2 2 8 0 9 12 8 6 0 8 15 11 8 0 2 4 11 11 9 13 9 12 0 13 9 0 10 4 10 
0 1
0 12
0 31
0 35
0 39
0 69
1 8
1 40
1 59
1 89
2 22
3 56
3 80
4 31
4 73
5 49
5 70
5 83
6 19
6 41
6 47
6 77
7 11
7 16
7 34
7 71
8 13
8 15
8 31
8 72
9 15
9 24
9 45
10 29
10 44
10 49
10 60
10 72
11 13
11 20
11 29
11 36
12 26
12 35
12 78
12 87
13 22
13 25
13 27
13 38
13 71
13 89
14 31
14 63
14 78
16 17
16 24
16 84
17 32
17 53
17 80
18 22
18 66
18 85
19 22
19 23
19 25
19 55
20 51
21 30
21 36
21 40
22 26
22 29
22 64
22 68
22 72
22 82
23 29
23 34
23 42
23 45
23 77
24 41
25 41
25 75
25 83
26 30
26 48
26 74
27 68
27 77
28 59
28 78
29 39
29 43
30 47
30 82
31 65
31 76
32 40
32 52
32 63
32 68
32 84
32 86
33 42
33 54
33 83
34 44
34 60
34 73
35 36
35 87
37 41
37 59
37 79
37 89
38 65
38 80
38 88
39 59
39 66
39 88
40 41
40 54
40 61
40 75
41 45
41 70
41 85
43 64
43 67
43 72
43 78
44 65
46 50
46 61
46 86
47 52
47 56
47 75
49 55
49 57
49 81
49 85
50 59
50 63
50 86
51 89
52 62
52 88
53 60
53 65
54 56
54 79
56 58
56 84
57 74
57 88
59 71
59 73
60 82
60 89
61 85
65 80
69 70
72 76
73 76
73 87
75 79
75 89
76 78
76 86
79 80
80 81
