35 214
6 1 2 6 2 5 5 2 3 4 4 4 2 2 5 6 0 3 3 2 5 3 7 0 0 2 7 0 5 7 0 7 6 4 7 
0 1
0 2
0 7
0 9
0 12
0 17
0 19
0 25
0 28
0 30
0 31
0 34
1 13
1 14
1 18
1 25
1 26
2 4
2 7
2 10
2 14
2 15
2 19
2 22
2 28
2 31
2 34
3 4
3 7
3 8
3 11
3 13
3 14
3 16
3 20
3 21
3 25
3 26
3 28
3 29
3 33
4 5
4 7
4 11
4 13
4 19
4 22
4 23
4 24
4 26
4 33
4 34
5 7
5 9
5 12
5 13
5 14
5 19
5 20
5 22
5 28
5 34
6 7
6 13
6 15
6 16
6 18
6 19
6 21
6 23
6 25
6 26
6 27
6 28
6 29
6 30
6 31
6 32
6 34
7 12
7 16
7 19
7 25
7 28
7 31
8 9
8 13
8 14
8 17
8 20
8 21
8 22
8 25
8 27
8 29
8 31
8 34
9 10
9 12
9 13
9 14
9 18
9 21
9 22
9 30
9 31
10 14
10 19
10 28
10 29
10 31
10 33
11 12
11 16
11 22
11 23
11 24
11 25
11 26
11 29
11 33
12 14
12 15
12 16
12 27
12 28
12 34
13 17
13 18
13 19
13 21
13 23
13 25
13 27
13 29
13 32
14 16
14 17
14 18
14 23
14 26
14 27
14 29
14 30
14 31
14 33
14 34
15 17
15 18
15 22
15 23
15 26
15 28
15 31
15 32
16 17
16 20
16 23
16 24
16 29
16 32
17 18
17 20
17 25
17 27
17 28
17 30
17 31
17 32
17 34
18 25
19 21
19 25
19 26
19 27
19 28
20 21
20 26
20 27
21 24
21 26
21 27
21 28
21 29
21 31
21 34
22 23
22 27
22 32
22 34
23 24
23 25
23 27
23 28
23 33
24 26
25 26
25 27
25 28
25 29
25 31
25 34
26 29
26 34
27 31
28 29
28 30
28 32
28 33
28 34
29 31
29 32
29 34
30 34
