70 196
7 12 12 12 11 12 15 10 10 2 2 4 9 9 3 0 15 13 11 5 1 1 8 12 10 3 4 6 0 0 5 14 4 6 9 9 12 7 7 8 10 1 14 7 6 5 0 12 13 15 8 13 13 13 3 6 12 14 15 2 3 7 2 2 3 11 9 9 11 12 
0 6
0 11
0 30
0 37
0 56
0 59
1 4
1 34
1 42
1 47
1 50
2 16
2 36
2 38
2 41
2 45
2 57
2 69
3 5
3 11
3 13
3 15
3 16
3 27
3 38
3 56
4 9
4 10
4 34
4 47
4 50
4 64
5 37
6 15
6 17
6 18
6 35
6 50
6 62
7 35
7 36
8 15
8 21
8 32
8 34
8 54
8 59
8 66
9 17
9 23
9 29
9 35
9 68
10 15
10 23
10 27
10 33
10 35
10 52
10 55
10 58
11 21
11 22
11 39
11 50
11 64
11 65
12 30
12 36
12 43
12 58
13 22
13 30
13 49
13 59
14 21
14 38
14 45
14 56
15 25
15 27
15 28
15 50
15 59
15 60
15 63
16 28
16 49
16 51
16 60
17 31
17 50
17 56
18 40
18 42
18 47
18 61
18 68
19 25
19 46
20 23
20 25
20 45
20 49
21 22
21 39
21 49
21 50
21 54
21 56
21 59
22 32
22 40
22 43
22 57
22 64
23 38
23 39
23 59
23 62
23 66
24 26
24 30
24 34
24 36
24 48
24 69
25 26
25 38
25 43
26 31
26 33
26 45
26 50
26 54
27 60
27 64
28 45
28 55
28 62
29 37
29 43
29 47
29 52
30 47
30 50
31 36
31 54
32 36
32 41
33 68
34 54
35 53
35 59
35 65
36 48
37 45
37 62
37 69
38 52
38 62
39 44
39 49
39 50
39 52
41 66
42 45
43 51
43 55
44 60
44 63
45 49
45 59
46 52
46 57
48 53
48 63
49 67
50 53
50 61
51 56
52 61
52 67
53 65
54 64
55 60
55 65
57 63
57 64
59 64
60 66
61 65
61 66
62 65
62 67
67 68
