25 102
0 0 2 0 3 0 2 0 3 2 0 0 3 2 0 3 0 1 1 3 3 2 1 3 1 
0 2
0 3
0 6
0 9
0 12
0 13
0 16
0 18
0 21
1 2
1 4
1 7
1 10
1 12
1 13
1 14
2 3
2 9
2 11
2 12
2 13
2 15
2 20
3 5
3 9
3 11
3 13
3 19
3 20
3 21
3 22
4 6
4 9
4 16
4 21
4 24
5 7
5 12
5 13
5 15
5 18
5 22
5 24
6 7
6 8
6 11
6 12
6 13
6 18
6 21
6 24
7 8
7 9
7 12
7 16
7 19
7 21
8 9
8 15
8 17
8 19
8 20
9 13
9 19
9 21
9 22
10 18
10 20
10 21
10 22
11 15
11 16
11 21
11 22
11 23
11 24
12 13
12 15
12 17
12 20
12 23
13 17
13 22
13 24
14 15
14 16
14 20
14 22
15 16
15 19
16 20
16 21
17 18
17 23
18 23
19 20
19 21
19 24
20 23
21 23
21 24
22 23
