80 160
5 12 15 10 10 8 12 12 0 11 0 4 3 10 7 15 7 1 1 12 9 15 12 0 8 11 2 9 14 2 15 5 6 1 10 8 4 15 7 7 5 12 1 9 2 3 15 10 9 5 9 1 6 15 3 5 7 13 9 10 13 12 1 3 6 0 3 0 4 14 13 1 1 3 6 13 12 2 15 1 
0 12
0 16
0 36
0 37
0 43
0 46
0 63
0 69
0 74
1 3
1 17
1 61
2 3
2 10
2 16
2 22
2 27
2 28
2 36
2 65
2 67
2 68
3 10
3 36
3 42
3 45
3 55
3 68
3 73
4 55
4 62
5 8
5 36
6 34
6 49
6 55
6 56
7 18
7 46
7 49
7 56
8 14
8 16
8 35
8 45
8 61
8 62
9 24
10 12
10 29
10 59
10 64
10 65
11 17
11 26
11 34
13 28
13 75
14 17
14 23
14 24
14 40
15 36
15 42
15 63
16 19
16 22
16 28
18 19
18 29
19 33
20 32
20 43
20 47
20 65
21 34
21 38
21 43
21 46
22 27
22 38
22 46
22 67
23 33
23 78
24 33
24 34
24 60
25 63
25 79
26 49
27 28
27 76
28 43
28 53
29 30
29 60
29 70
31 44
31 75
32 34
32 37
32 39
32 75
33 44
33 47
33 52
33 58
35 56
35 74
36 48
36 54
36 77
37 55
38 52
38 57
39 73
40 47
40 53
40 58
40 74
41 47
41 71
42 50
42 62
43 65
43 76
45 74
45 78
46 57
46 68
46 76
48 67
48 68
49 72
49 76
50 55
50 59
50 68
50 76
51 63
51 74
52 72
54 62
56 57
56 64
56 66
56 75
57 62
59 63
60 75
62 69
62 71
62 77
65 67
65 68
73 78
75 76
75 78
77 79
