100 124
23 30 7 17 27 3 3 26 30 27 11 17 3 23 31 26 31 29 1 5 19 4 21 31 12 2 30 18 14 18 13 1 1 8 22 31 5 29 0 22 31 0 23 9 16 4 8 24 11 15 30 13 28 0 8 14 1 1 2 11 10 31 18 15 27 22 1 28 2 28 29 18 14 13 7 2 5 11 18 2 6 23 27 4 9 5 17 20 27 13 28 20 24 11 19 18 16 12 22 29 
0 67
0 74
1 52
2 29
2 37
2 44
2 54
2 67
3 22
3 25
4 83
5 37
6 78
6 86
7 11
7 71
8 38
8 40
8 79
9 75
10 93
10 96
11 23
11 28
11 57
11 63
11 76
12 16
12 70
12 86
13 47
13 86
14 17
14 31
14 82
14 92
15 48
16 21
16 29
16 60
18 34
18 74
18 79
19 65
19 78
20 41
22 48
22 61
23 52
23 55
23 62
24 90
25 51
25 89
26 39
26 43
26 46
26 47
26 74
27 90
29 61
29 63
29 83
30 63
30 95
32 66
33 63
34 46
34 70
34 83
35 58
35 77
36 54
37 40
37 51
37 90
38 42
38 72
38 82
38 96
39 78
40 55
40 57
40 60
41 50
41 74
41 82
42 63
42 66
42 88
42 94
43 68
43 75
45 66
47 56
47 59
47 76
47 89
49 69
53 66
54 77
55 97
55 98
57 93
59 64
59 74
60 96
64 77
65 73
66 99
67 79
69 72
69 87
71 75
71 84
72 78
72 85
77 79
77 80
77 92
81 97
83 91
90 98
94 97
