35 89
5 1 7 6 1 3 2 7 6 1 5 6 7 2 0 1 3 4 3 3 6 3 5 4 6 5 7 5 5 4 0 2 2 2 6 
0 2
0 23
0 25
0 26
1 5
1 6
1 15
1 17
1 21
2 3
2 5
2 7
2 14
2 20
2 26
3 5
3 7
3 19
3 24
3 26
4 9
4 14
4 22
4 32
5 6
5 13
5 23
5 24
5 26
6 8
6 16
6 27
6 30
7 19
7 27
7 30
7 32
8 17
8 19
8 24
8 25
8 26
9 11
9 19
9 25
9 28
9 29
9 30
10 17
10 22
10 25
10 26
10 34
11 23
11 28
11 29
12 15
12 17
12 24
12 34
13 16
13 27
14 19
14 22
14 25
15 16
15 18
16 18
16 24
16 26
17 20
17 25
17 31
18 32
19 25
19 30
19 31
20 23
21 30
21 31
22 31
22 32
23 28
23 33
24 33
25 33
26 27
29 31
33 34
