60 144
4 2 6 0 11 12 7 9 11 6 0 9 11 3 7 10 14 9 11 12 4 0 14 7 6 6 11 2 4 5 7 15 4 6 14 0 1 8 12 6 12 9 3 0 15 7 7 5 9 8 14 4 13 15 4 5 15 7 10 7 
0 4
0 41
0 44
0 46
1 5
1 16
1 32
2 37
3 17
3 29
3 41
3 45
3 46
4 5
4 7
4 21
4 24
4 36
4 41
4 42
4 46
5 11
5 33
5 43
5 48
5 50
6 46
6 49
7 14
7 31
7 34
7 40
7 54
7 55
8 9
8 13
8 40
8 55
9 29
9 38
9 39
9 51
10 15
10 24
10 34
10 59
11 16
11 50
11 56
12 27
12 34
13 16
13 18
13 47
14 16
14 18
14 21
14 23
14 28
14 49
15 22
15 48
15 53
15 54
15 55
16 22
16 35
16 45
16 55
17 43
18 37
18 40
18 56
18 57
19 37
19 49
19 54
20 27
20 36
20 45
21 24
21 29
21 37
21 45
21 59
22 23
23 45
23 54
24 26
24 33
24 56
25 30
25 45
25 50
26 36
26 44
27 36
27 38
27 48
27 51
27 57
28 46
28 50
29 34
29 40
29 45
30 35
30 44
30 53
30 57
31 32
31 33
31 49
32 45
32 56
32 59
33 34
33 48
33 54
33 58
34 39
34 46
35 38
35 43
35 44
36 45
36 54
36 58
37 41
39 43
39 48
39 55
40 41
41 43
42 46
42 52
42 56
44 48
46 58
47 50
49 56
52 55
56 57
57 59
