90 161
10 3 6 1 7 4 11 2 11 12 4 6 13 3 7 0 13 7 14 2 15 10 8 5 1 8 6 0 5 5 13 4 9 14 5 4 15 9 12 0 9 2 9 0 12 7 1 3 1 4 1 0 12 10 2 8 5 3 0 3 12 1 12 3 10 13 7 0 8 7 9 4 2 8 6 14 1 5 0 5 5 14 7 5 8 8 1 14 4 4 
0 26
0 52
0 78
1 17
1 29
1 56
1 74
2 44
3 12
3 15
3 47
3 60
3 68
4 41
4 54
4 55
4 77
4 81
5 19
5 22
5 61
5 73
5 77
6 19
6 26
6 52
6 73
7 20
7 62
7 76
7 85
8 18
8 52
8 54
9 19
9 52
9 57
10 27
10 29
10 33
10 60
10 64
11 13
11 31
11 37
12 71
12 72
13 26
13 65
13 78
14 25
14 34
14 50
14 75
15 38
15 62
15 85
16 51
17 54
17 81
17 88
18 26
18 58
18 65
18 73
19 89
20 39
20 59
20 87
21 38
21 49
21 51
21 62
22 33
22 64
22 83
23 27
23 29
23 46
23 74
24 30
24 48
24 70
25 40
25 42
25 46
27 51
27 75
28 32
28 45
28 47
28 53
28 63
29 54
30 41
30 57
31 36
31 65
32 72
33 45
33 54
33 69
33 77
34 68
34 82
34 86
35 43
35 56
35 74
36 59
36 87
37 78
38 68
38 82
39 49
39 58
39 62
40 50
40 79
41 70
41 89
42 44
42 79
42 80
43 44
43 80
44 84
45 59
46 75
46 80
47 72
47 85
48 67
49 64
49 83
50 86
51 53
51 64
51 82
55 58
56 88
57 89
58 59
58 83
59 61
59 65
63 76
63 85
66 67
66 81
66 88
67 70
68 71
70 81
71 86
73 83
74 80
75 82
76 87
77 89
79 84
