80 230
11 4 1 3 5 0 14 0 9 3 3 1 5 7 6 1 7 4 6 6 2 15 3 14 2 6 5 5 2 0 2 11 6 11 0 3 7 1 1 6 12 13 15 15 3 8 14 14 10 2 11 12 15 5 7 0 1 12 7 15 0 8 2 12 6 1 11 13 1 14 9 0 1 7 6 9 10 7 3 5 
0 13
0 25
0 43
0 45
0 52
0 55
0 59
1 2
1 45
1 54
1 59
1 63
2 3
2 5
2 30
2 35
3 34
3 45
3 79
4 7
4 20
4 41
4 54
4 63
4 76
4 79
5 18
5 34
5 63
5 79
6 18
6 34
6 39
6 47
6 59
6 62
7 9
7 10
7 29
7 49
7 51
7 64
7 71
8 11
8 20
8 40
8 49
8 54
8 75
8 76
9 12
9 38
9 67
9 68
9 77
9 79
10 18
10 24
10 53
10 62
10 63
10 74
11 12
11 38
11 46
11 50
11 77
12 20
12 27
12 49
12 54
12 59
12 65
12 78
13 35
14 33
14 37
14 58
15 63
15 67
16 30
16 36
16 38
16 40
16 52
16 53
16 62
16 78
17 26
17 51
18 33
18 53
18 66
18 71
19 32
19 41
19 44
19 46
19 47
19 69
20 27
20 38
20 53
20 55
20 61
20 64
21 38
21 44
21 50
21 64
21 69
22 64
22 77
23 56
23 66
23 68
23 73
23 75
24 33
24 46
24 49
24 51
24 57
24 58
25 67
25 74
26 32
26 60
26 66
27 28
27 47
27 52
27 53
27 59
27 63
27 70
28 38
28 44
28 67
28 74
29 54
29 60
29 66
29 75
29 76
29 77
30 41
30 44
30 48
30 74
31 34
31 45
31 52
31 62
31 63
32 33
32 51
32 71
33 39
33 66
34 49
35 54
35 72
35 73
35 79
36 41
36 46
36 48
36 57
36 67
37 45
37 49
37 58
37 61
39 57
40 79
41 67
42 43
42 53
42 58
42 75
42 76
42 78
43 56
44 49
44 53
44 64
46 53
46 56
46 65
46 73
47 61
48 60
48 74
48 78
49 51
49 55
49 61
49 68
49 77
50 56
50 75
51 66
51 73
52 74
53 64
53 70
54 55
54 69
55 72
55 76
56 64
56 69
57 62
58 59
58 73
59 67
60 65
60 68
60 71
64 73
64 75
64 78
65 72
65 76
65 79
69 73
71 79
72 76
74 75
