80 159
10 8 5 9 8 3 11 11 2 6 2 4 1 2 7 1 13 3 0 5 0 8 2 7 10 15 6 2 9 6 15 9 2 7 13 14 15 0 1 8 8 0 5 4 6 4 2 4 13 3 8 7 2 7 4 1 12 2 15 0 12 7 1 12 5 4 2 9 1 12 1 11 4 4 2 3 3 1 4 9 
0 3
0 11
0 74
0 75
1 12
1 39
1 40
1 49
1 56
2 15
2 34
2 38
2 50
2 71
2 78
3 8
3 10
3 18
3 19
3 23
3 35
3 40
3 59
3 73
4 59
5 37
5 38
5 75
6 9
6 14
6 42
6 44
6 58
6 63
6 68
7 13
7 41
8 74
9 41
10 14
10 20
10 45
10 48
10 51
11 34
11 59
11 61
12 35
13 23
13 69
14 18
14 25
14 30
14 33
14 49
14 56
14 58
14 72
14 79
15 26
15 29
15 38
15 65
16 63
17 57
17 59
17 62
18 40
18 57
18 62
18 71
19 24
21 56
21 60
22 47
22 55
22 62
23 40
23 57
23 59
24 33
24 67
25 39
25 40
25 55
25 79
26 40
26 50
27 54
27 69
28 48
28 75
28 77
29 63
30 52
30 76
31 50
31 61
31 62
32 43
32 50
33 42
34 47
34 77
35 63
35 65
36 75
37 61
37 69
38 42
38 46
39 40
39 42
39 51
39 63
40 42
40 43
40 49
40 56
40 57
40 59
40 62
42 44
42 49
42 64
42 77
44 47
44 55
44 58
44 75
45 58
46 58
46 66
47 52
48 70
48 71
50 74
50 78
52 64
52 68
53 65
53 71
54 56
54 78
55 59
56 63
57 67
57 78
58 61
58 71
60 79
63 65
63 76
65 70
67 73
69 72
70 73
72 75
72 77
