50 234
3 6 4 5 4 2 0 1 4 3 7 3 7 1 4 1 5 0 4 7 0 5 7 0 6 0 2 7 3 4 1 0 5 6 1 5 5 6 2 3 7 3 6 5 3 4 6 7 5 3 
0 4
0 12
0 32
0 34
0 39
0 44
1 6
1 12
1 20
1 22
1 26
1 29
1 36
1 37
1 39
2 8
2 17
2 26
2 27
2 31
2 33
2 35
2 46
3 4
3 8
3 10
3 15
3 19
3 27
3 28
3 29
3 46
4 6
4 12
4 19
4 20
4 25
4 30
4 31
4 35
4 40
4 43
4 46
4 47
5 8
5 11
5 17
5 34
5 41
5 42
5 44
6 8
6 9
6 15
6 18
6 25
6 29
6 34
6 35
6 38
6 45
6 47
7 9
7 29
7 37
7 45
8 11
8 16
8 21
8 23
8 25
8 33
8 36
8 37
8 46
9 10
9 21
9 22
9 46
9 47
9 48
10 13
10 20
10 22
10 30
10 31
10 33
10 36
10 37
10 45
11 19
11 24
11 26
11 39
11 44
11 47
11 49
12 17
12 18
12 23
12 28
12 29
12 30
12 34
12 42
12 47
13 16
13 23
13 40
13 42
13 44
13 46
14 20
14 22
14 23
14 32
14 38
15 16
15 20
15 35
15 39
15 41
15 44
15 47
16 17
16 19
16 22
16 23
16 24
16 25
16 28
16 37
16 38
16 39
16 48
17 24
17 28
17 35
17 36
17 40
17 41
17 46
17 48
18 20
18 23
18 26
18 30
18 41
18 46
19 20
19 23
19 30
19 34
19 42
19 45
19 46
19 47
20 21
21 22
21 34
21 39
21 43
21 45
21 47
22 26
22 34
22 36
22 39
22 42
23 25
23 30
23 33
23 38
23 40
23 47
24 30
24 37
24 39
24 42
24 43
24 48
25 27
25 28
25 33
25 39
25 41
25 42
26 27
26 36
26 38
26 45
26 47
26 49
27 30
27 31
27 32
28 36
28 42
28 45
29 34
29 35
29 36
29 38
29 39
29 43
30 38
30 40
30 42
31 36
31 38
31 47
32 38
32 47
33 35
33 45
33 48
34 35
34 46
35 42
35 48
36 37
36 43
36 49
37 41
37 44
37 45
37 49
38 47
39 44
40 48
40 49
41 44
41 48
44 48
