50 229
5 3 0 6 1 0 3 3 3 6 0 7 6 0 4 5 5 7 5 4 3 1 5 1 5 4 2 5 0 1 6 3 5 3 5 6 7 5 0 4 3 2 7 0 2 1 5 7 4 5 
0 27
0 43
1 6
1 7
1 19
1 20
1 36
1 40
1 41
2 3
2 11
2 12
2 15
2 25
2 45
2 46
3 8
3 10
3 11
3 15
3 30
3 31
3 32
3 33
3 34
3 38
3 40
3 44
4 16
4 17
4 19
4 21
4 22
4 27
4 34
4 35
4 36
4 40
4 46
5 18
5 19
5 24
5 26
5 31
5 33
5 45
5 47
5 48
6 13
6 16
6 25
6 28
6 35
6 37
6 42
6 46
7 27
7 29
7 30
7 41
7 43
7 44
7 47
7 48
8 12
8 14
8 18
8 27
8 29
8 34
8 39
9 11
9 14
9 19
9 24
9 29
9 32
9 39
9 48
10 14
10 25
10 32
10 37
10 39
10 49
11 13
11 14
11 17
11 21
11 27
11 30
11 31
11 34
11 39
11 44
12 14
12 23
12 26
12 27
12 29
12 30
12 31
12 44
12 45
12 46
12 48
13 27
13 36
13 42
13 44
13 49
14 21
14 22
14 26
14 30
15 19
15 20
15 32
15 33
15 35
15 37
15 40
15 41
15 44
15 48
16 20
16 21
16 25
16 39
16 42
16 43
16 47
16 48
17 18
17 25
17 27
17 31
17 41
17 43
17 49
18 21
18 30
18 32
18 35
18 45
18 48
19 21
19 27
19 33
19 35
19 43
19 44
20 29
20 31
20 35
21 38
21 40
21 47
22 24
22 26
22 40
22 44
22 49
23 24
23 28
23 30
23 31
23 35
23 38
23 39
23 44
24 25
24 33
24 39
24 41
25 33
25 37
25 42
26 30
26 37
26 40
26 49
27 30
27 33
27 41
27 46
28 37
28 39
28 42
29 30
29 33
29 48
29 49
30 33
30 38
30 39
30 40
30 43
30 49
31 32
31 33
31 36
31 38
31 49
32 35
32 40
32 47
33 35
34 45
35 41
35 44
35 48
36 37
36 41
36 43
36 45
38 44
38 45
38 49
39 41
39 43
40 43
40 45
40 48
42 48
42 49
43 46
43 48
48 49
