30 86
5 2 6 0 0 7 4 2 0 6 2 5 6 1 1 6 7 6 3 2 7 4 4 1 1 6 4 1 6 1 
0 12
0 16
0 27
1 3
1 4
1 16
1 19
1 20
1 28
2 4
2 15
2 16
2 17
2 18
2 19
2 20
2 24
2 26
2 28
3 5
3 10
3 14
3 21
3 24
3 27
3 28
4 13
4 15
4 16
4 17
4 21
4 23
4 29
5 7
5 8
5 14
5 16
5 18
5 23
5 29
6 9
6 11
6 12
6 15
6 17
7 14
7 16
7 23
7 25
7 27
8 28
9 20
9 23
9 25
10 13
10 24
11 20
11 24
11 25
12 16
12 18
12 22
12 29
13 16
13 17
13 19
13 21
13 28
14 23
14 27
15 23
15 24
16 17
16 23
16 27
17 22
17 23
17 28
18 26
19 21
19 23
19 28
20 25
23 28
25 26
26 29
