80 307
15 12 6 14 4 6 5 15 6 10 11 7 8 8 7 4 15 5 12 2 10 1 13 3 5 2 10 4 13 15 3 11 8 11 1 9 10 8 2 11 2 12 9 6 2 6 14 3 5 6 8 5 12 7 11 0 5 0 4 7 15 8 10 12 14 8 0 10 12 11 2 12 10 7 7 8 7 14 9 11 
0 1
0 50
0 55
0 67
0 73
0 78
1 14
1 36
1 39
1 47
1 61
1 75
2 12
2 26
2 29
2 37
2 52
2 55
3 13
3 36
3 43
4 35
4 38
5 8
5 19
5 22
5 41
5 59
5 63
5 66
5 70
6 8
6 10
6 19
6 29
6 39
6 61
6 68
6 77
7 8
7 9
7 10
7 18
7 24
7 26
7 44
7 46
7 47
7 54
7 55
7 59
7 70
8 11
8 25
8 28
8 34
8 35
8 40
8 55
8 58
8 62
8 67
8 76
9 16
9 25
9 28
9 32
9 40
9 51
9 69
9 72
10 30
10 35
10 37
10 51
10 54
10 59
11 12
11 25
11 30
11 47
11 55
11 60
11 64
12 14
12 17
12 18
12 19
12 21
12 29
12 39
12 41
12 45
12 77
12 79
13 37
13 41
13 42
13 58
13 65
14 31
14 48
14 70
15 25
15 35
15 46
15 55
15 62
15 70
16 19
16 28
16 31
16 40
16 46
16 73
16 78
17 20
17 49
17 61
17 65
18 22
18 32
18 61
18 69
18 71
19 47
19 59
19 65
19 69
19 70
19 74
19 75
20 22
20 24
20 25
20 32
20 34
20 44
20 50
20 58
20 60
20 62
20 78
21 46
21 52
21 68
21 77
21 78
22 30
22 33
22 37
22 49
22 64
22 69
23 25
23 29
23 45
23 52
23 54
23 72
24 27
24 46
24 52
24 54
24 55
24 66
24 77
25 26
25 32
25 34
25 39
25 40
25 44
25 47
25 50
25 55
26 31
26 61
27 39
27 50
27 72
28 36
28 38
28 40
28 79
29 45
29 61
29 67
29 70
29 73
29 76
30 39
30 42
30 45
30 49
30 54
30 56
30 62
31 32
31 40
31 43
31 52
31 54
32 37
32 44
32 50
32 52
32 53
32 62
32 77
33 34
33 54
33 60
33 69
34 43
34 58
34 60
34 70
34 71
34 72
34 73
35 54
35 57
35 67
35 73
35 77
36 41
36 45
36 48
36 70
37 60
37 71
37 72
38 45
38 46
38 48
38 51
38 52
38 56
39 50
39 69
40 50
41 76
42 45
42 50
42 51
42 52
42 74
43 62
44 63
44 70
44 79
45 56
45 58
45 60
45 68
45 77
46 68
46 74
47 49
47 64
48 51
48 61
48 65
48 70
48 79
49 54
49 59
50 53
50 71
50 73
51 56
52 76
53 60
54 61
54 71
54 74
55 69
56 59
56 62
56 76
56 79
57 73
57 77
58 61
58 73
59 61
59 77
60 70
60 77
61 66
61 67
61 68
62 67
62 71
63 72
64 75
65 77
65 79
66 74
67 68
67 70
67 76
69 71
70 74
74 79
75 76
