100 198
26 11 1 2 16 6 18 22 24 13 13 12 2 17 14 7 28 7 29 15 21 17 12 23 3 27 17 12 31 19 13 1 1 27 25 26 17 28 18 10 28 31 7 0 29 5 16 27 25 31 9 15 4 25 20 0 12 17 30 27 20 28 2 18 30 0 0 24 14 19 15 22 17 30 0 20 12 29 10 22 26 2 23 24 29 18 22 26 8 14 16 27 20 15 4 17 27 25 4 20 
0 22
1 25
1 45
1 74
2 14
2 21
2 40
2 73
2 96
2 98
3 11
3 14
3 20
3 55
3 73
4 17
4 19
4 53
4 63
4 77
4 87
4 99
5 19
5 20
5 43
5 50
5 61
6 99
7 68
8 12
8 34
8 47
8 59
8 76
9 23
9 33
9 81
9 84
9 95
10 32
10 35
10 54
12 51
12 65
12 98
13 57
13 81
13 91
14 28
14 44
14 72
14 98
15 31
15 68
15 71
15 75
15 82
15 93
16 17
16 21
16 77
16 87
17 27
17 28
17 56
17 60
18 21
18 65
18 66
18 87
18 98
19 24
19 32
20 44
20 63
20 90
20 95
21 28
21 80
22 35
22 51
22 52
22 54
22 56
23 51
24 31
24 50
25 62
26 36
26 52
26 58
26 62
27 74
27 77
27 89
27 90
28 93
29 52
30 74
30 82
31 38
31 63
31 81
31 91
32 43
33 55
33 89
34 41
34 67
34 80
34 83
35 43
35 75
35 93
36 88
37 53
37 74
37 77
38 57
38 90
39 71
39 92
39 95
40 92
41 64
41 71
41 76
41 86
42 54
42 90
43 44
44 57
44 93
45 64
45 66
46 48
46 57
46 99
47 53
47 59
47 67
47 73
47 98
48 70
48 97
49 82
49 86
50 81
50 95
51 76
51 97
52 88
52 90
53 91
53 92
53 98
54 88
55 94
55 95
56 78
56 90
56 93
57 92
58 60
58 61
58 92
59 66
61 81
62 74
62 90
63 72
63 76
63 89
65 70
65 97
67 68
67 82
67 94
68 83
68 89
69 77
69 89
70 87
70 99
73 91
73 94
76 87
78 85
79 85
82 87
83 86
83 91
84 92
89 94
90 95
92 99
94 97
96 99
