100 200
30 4 0 9 25 7 27 1 25 17 0 5 15 12 2 6 13 6 16 0 21 27 31 15 30 1 3 2 29 17 14 19 23 29 14 16 7 25 28 20 31 2 26 17 13 24 15 25 20 1 17 25 7 6 27 0 12 31 4 14 20 12 24 15 26 11 29 30 26 16 12 30 9 22 15 17 4 24 13 2 24 28 28 20 14 0 8 1 1 2 4 13 4 17 25 8 24 27 29 14 
0 6
0 14
0 25
0 52
0 72
0 92
1 29
1 49
1 55
2 41
2 59
2 61
2 82
3 17
3 26
3 29
3 89
4 40
4 44
4 62
4 77
4 96
5 66
6 8
6 42
6 62
6 76
6 96
7 16
7 19
7 22
7 46
7 88
8 60
8 69
8 75
8 76
8 78
8 82
9 25
9 57
9 66
9 81
10 14
10 21
10 29
10 63
10 92
11 61
11 78
12 56
12 57
12 68
12 98
13 23
13 39
13 56
13 68
13 90
14 20
14 34
14 51
14 97
15 28
15 50
15 67
16 39
16 67
16 68
17 19
17 20
17 46
18 22
18 37
18 43
18 83
19 24
19 33
19 68
19 98
20 29
20 35
20 98
21 24
21 30
21 91
22 63
23 33
23 42
23 70
23 79
23 94
24 32
24 77
24 86
24 87
25 34
25 76
26 44
26 46
26 87
27 57
28 61
28 69
28 81
28 82
29 35
29 91
30 61
30 92
30 99
31 34
31 83
32 49
32 51
33 68
34 52
34 57
34 76
34 98
35 41
35 56
35 61
35 80
35 90
36 56
36 57
36 61
36 69
36 81
37 74
37 88
37 94
38 67
39 95
40 70
40 73
41 50
41 53
41 75
43 60
43 98
45 64
45 65
45 85
46 69
47 55
48 54
48 58
48 83
49 56
49 82
49 84
50 90
50 93
51 56
51 75
51 78
51 88
52 97
54 70
55 58
55 66
55 74
55 79
55 94
56 86
58 91
59 71
60 83
62 92
62 99
63 91
64 65
64 66
64 69
64 70
64 74
64 81
66 76
66 86
66 88
69 72
69 83
70 96
71 79
73 77
74 83
75 85
76 79
77 99
78 98
79 96
84 98
87 89
88 97
89 91
90 95
92 94
93 95
