100 441
10 23 17 19 6 31 28 26 12 29 5 9 12 15 17 2 16 29 6 14 16 5 1 0 8 2 10 30 23 21 0 15 27 23 30 18 30 12 6 26 18 13 12 3 22 13 27 4 29 26 6 22 26 28 28 14 9 29 17 2 19 28 24 7 25 29 23 20 25 1 31 26 4 20 7 1 9 12 18 13 20 26 3 18 19 12 5 24 22 20 18 31 11 3 1 26 24 26 0 16 
0 2
0 13
0 33
0 36
0 57
0 65
0 70
0 74
1 3
1 12
1 17
1 30
1 51
1 54
1 73
1 89
2 23
2 29
2 31
2 40
2 53
2 56
2 60
2 63
2 68
2 71
2 73
2 77
2 78
2 80
2 81
2 88
2 98
3 36
3 80
3 95
4 20
4 38
4 45
4 62
4 64
5 9
5 10
5 12
5 29
5 36
5 38
5 66
5 73
5 83
5 96
5 97
6 19
6 22
6 43
6 88
6 93
7 11
7 23
7 52
7 98
8 24
8 29
8 31
8 41
8 93
9 21
9 46
9 67
9 80
9 88
9 98
10 12
10 26
10 45
10 48
10 51
10 65
10 83
10 93
11 14
11 18
11 38
11 59
11 69
11 70
11 75
11 89
11 96
12 20
12 24
12 31
12 34
12 53
12 62
12 74
12 86
12 87
12 89
12 90
12 92
12 93
12 99
13 17
13 23
13 24
13 36
13 45
13 53
13 70
13 74
13 87
13 89
13 94
14 22
14 25
14 30
14 39
14 40
14 48
14 53
14 54
14 55
15 28
15 32
15 48
15 63
15 71
15 91
16 19
16 28
16 32
16 40
16 54
16 60
16 63
16 70
16 98
17 32
17 43
17 49
17 66
17 71
17 72
17 74
17 77
17 80
18 50
18 86
19 35
19 36
19 57
19 59
19 66
19 89
19 91
20 26
20 30
20 74
20 82
21 23
21 29
21 30
21 31
21 40
21 45
21 56
21 63
21 64
21 86
21 94
22 23
22 40
22 42
22 66
22 70
22 85
22 89
23 27
23 45
23 51
23 52
23 59
23 63
23 70
23 92
23 94
23 95
23 99
24 42
24 44
24 67
24 71
24 73
25 29
25 45
25 50
25 62
25 64
25 69
25 70
25 77
25 79
25 94
26 29
26 40
26 79
27 32
27 49
27 67
27 70
27 72
27 76
28 52
28 84
28 89
29 31
29 53
29 56
29 74
29 77
29 78
29 81
29 89
30 33
30 46
30 62
30 66
30 72
30 83
30 84
30 95
31 45
31 48
31 56
31 62
31 63
31 64
31 66
31 73
31 75
31 77
31 80
31 81
32 36
32 54
32 84
33 45
33 46
33 69
33 72
33 74
33 86
33 89
33 90
33 93
33 99
34 55
34 67
34 75
34 83
34 88
35 37
35 44
35 47
35 53
35 57
35 61
35 73
35 90
36 87
36 98
37 44
37 61
37 66
38 54
38 70
38 88
38 89
38 91
39 50
39 57
39 66
39 80
39 83
39 89
40 64
40 84
41 47
41 56
41 61
41 76
41 78
41 92
42 54
43 47
43 64
43 92
44 99
45 50
45 56
45 64
45 71
45 90
45 95
45 96
46 54
46 62
47 93
48 68
48 81
49 76
50 66
50 74
50 89
50 94
51 53
51 55
51 56
51 57
51 62
51 69
51 82
51 83
51 90
51 96
52 55
52 64
52 88
53 56
53 64
53 83
53 96
54 55
54 97
54 99
55 61
55 64
56 63
56 64
56 81
56 89
58 62
58 90
59 61
59 83
60 61
60 63
60 68
60 76
60 77
60 91
61 66
61 95
61 97
62 79
62 84
63 66
63 76
63 94
64 70
64 75
64 85
64 87
64 94
64 99
65 66
65 72
65 78
65 95
66 73
66 86
66 91
67 71
67 77
67 91
68 69
68 76
68 80
69 77
69 83
69 86
69 90
69 99
70 74
70 77
70 84
70 87
70 93
70 94
70 95
70 97
71 85
72 78
72 87
72 91
73 75
73 93
74 86
74 87
74 89
74 97
75 83
75 95
76 80
76 84
76 85
76 86
76 91
77 81
77 83
77 96
78 85
78 93
78 97
80 97
81 86
81 87
81 96
82 86
82 88
83 90
83 95
83 96
84 91
86 89
86 90
86 94
86 99
87 89
87 94
87 95
88 94
88 98
89 99
90 96
90 99
92 97
93 98
94 95
94 96
