35 218
5 2 7 4 7 5 0 0 4 7 0 1 2 1 2 0 5 3 6 5 6 2 0 4 0 4 1 1 7 5 3 5 5 7 3 
0 2
0 3
0 7
0 9
0 10
0 13
0 14
0 21
0 28
0 30
0 32
1 2
1 6
1 7
1 11
1 12
1 15
1 25
1 27
1 29
1 33
1 34
2 3
2 4
2 5
2 6
2 7
2 8
2 9
2 19
2 21
2 23
2 25
2 26
2 27
2 33
3 6
3 15
3 17
3 18
3 19
3 20
3 21
3 22
3 23
3 24
3 25
3 26
3 27
3 28
3 29
3 30
3 34
4 5
4 6
4 8
4 11
4 12
4 15
4 16
4 17
4 18
4 20
4 21
4 23
4 25
4 26
4 29
4 33
5 10
5 16
5 23
5 24
5 25
5 32
5 33
5 34
6 8
6 10
6 13
6 19
6 21
6 27
6 28
6 29
6 31
6 33
7 10
7 14
7 22
7 23
7 24
7 25
7 28
7 29
7 30
7 32
7 33
7 34
8 13
8 16
8 17
8 18
8 19
8 20
8 31
8 33
9 12
9 14
9 17
9 21
9 25
9 27
10 12
10 14
10 16
10 17
10 21
10 28
10 29
10 32
11 12
11 15
11 17
11 21
11 23
11 25
11 29
11 30
11 31
12 13
12 14
12 17
12 20
12 22
12 24
12 27
12 31
12 33
13 18
13 24
13 28
13 32
13 34
14 16
14 23
14 24
14 26
14 28
14 34
15 23
15 30
15 32
15 33
16 20
16 30
17 20
17 23
17 24
17 26
17 28
17 32
18 20
18 26
18 27
18 29
18 30
18 31
18 32
18 33
18 34
19 23
19 25
20 21
20 24
20 25
20 27
20 28
20 29
20 30
20 32
21 22
21 23
21 26
21 27
21 29
21 30
21 31
21 32
21 33
21 34
22 23
22 24
22 26
22 27
22 28
22 29
22 31
23 27
23 30
23 34
24 25
24 27
24 29
24 33
25 29
25 34
26 31
27 29
27 30
27 34
28 32
29 30
29 33
30 32
31 34
32 33
32 34
