70 181
5 14 1 10 9 2 13 11 10 4 8 9 7 3 3 2 5 15 2 3 3 11 9 11 7 10 6 14 10 11 10 1 12 6 2 6 12 2 10 2 15 5 3 3 9 4 13 15 8 1 14 1 7 0 8 2 10 5 4 4 8 6 8 12 0 7 15 4 11 2 
0 2
0 26
0 43
0 47
0 48
0 59
1 22
1 31
1 47
1 67
2 4
2 12
2 21
2 22
2 27
2 46
2 47
2 50
2 54
3 6
3 9
3 19
3 38
3 39
3 46
3 50
3 67
3 68
4 7
4 21
4 49
4 55
4 59
5 8
5 39
5 42
5 57
5 65
6 8
6 22
6 26
6 37
6 44
6 51
7 17
7 31
7 33
7 37
7 53
8 15
8 20
8 30
8 56
8 65
9 36
9 66
10 25
10 27
10 28
10 56
10 65
10 69
11 26
11 37
11 41
11 60
11 61
12 32
12 38
12 43
12 48
12 49
12 59
12 68
13 18
13 37
13 47
13 52
13 54
13 58
14 43
14 49
14 53
14 69
15 30
15 46
15 48
15 49
15 59
16 24
16 45
16 46
16 66
17 37
17 39
17 51
18 21
18 40
18 56
18 63
19 29
19 50
19 58
20 24
20 39
20 61
20 63
21 42
21 46
21 50
21 66
22 48
22 49
23 36
24 35
24 38
24 63
24 64
24 65
25 27
25 59
25 61
26 30
26 54
26 56
27 37
27 41
27 56
27 58
28 39
28 46
28 52
28 58
28 66
29 54
29 60
29 61
29 66
30 38
30 45
30 55
30 66
31 56
32 42
32 45
32 54
33 53
33 68
34 35
34 50
34 55
34 64
35 42
35 43
35 53
35 54
35 65
36 65
37 46
38 66
39 53
40 48
40 65
41 54
41 66
42 54
43 51
44 60
47 54
48 66
52 65
53 57
53 68
54 56
55 65
56 62
57 68
60 68
61 65
61 67
61 68
