60 124
1 15 5 8 9 15 0 13 14 14 13 11 0 13 4 10 4 14 0 12 0 6 0 4 15 12 9 12 3 13 9 5 9 5 11 4 9 4 4 10 10 5 8 10 13 14 5 4 15 10 4 0 6 13 0 12 12 2 9 3 
0 11
0 32
0 33
0 35
0 44
1 6
1 13
1 24
1 34
1 41
1 44
2 10
2 31
2 54
2 58
3 9
3 39
4 39
4 59
5 16
5 21
5 39
5 54
7 28
7 37
7 45
8 17
8 58
9 24
9 30
9 35
9 39
10 20
10 38
10 41
11 12
11 35
11 58
12 14
12 15
12 31
12 40
12 49
12 56
13 23
13 40
13 47
14 24
14 27
14 28
14 33
14 44
14 51
14 52
15 24
15 26
15 27
15 30
15 41
16 18
16 24
16 31
16 41
16 48
17 52
18 48
19 32
20 28
20 31
20 39
20 43
20 46
21 40
22 26
22 46
23 24
23 26
23 47
24 26
24 33
24 35
24 37
24 40
24 41
24 52
24 54
25 37
26 30
26 37
26 40
27 30
27 37
27 55
28 31
28 32
29 51
29 52
30 57
30 59
31 36
31 39
33 35
34 41
34 47
34 59
35 44
35 46
35 52
36 40
36 43
36 53
37 49
37 53
40 41
40 51
40 52
42 52
44 58
45 54
47 50
47 56
48 49
52 58
53 59
