50 226
0 4 0 2 0 0 2 4 6 1 0 1 7 5 7 6 0 4 2 1 0 1 7 2 3 0 3 2 5 4 3 7 3 4 5 1 4 5 7 0 7 7 3 2 6 1 7 6 4 2 
0 4
0 9
0 13
0 16
0 24
0 27
0 32
0 36
0 40
0 42
1 3
1 16
1 21
1 24
1 33
1 41
1 45
2 4
2 7
2 10
2 12
2 14
2 15
2 35
2 38
2 39
2 45
2 46
2 49
3 7
3 9
3 10
3 11
3 13
3 14
3 22
3 23
3 29
3 30
3 34
3 39
3 43
4 9
4 20
4 24
4 26
4 27
4 28
4 29
4 39
4 41
5 18
5 35
5 38
5 41
5 44
6 7
6 8
6 9
6 11
6 13
6 22
6 24
6 29
6 37
7 26
7 28
7 34
7 36
7 49
8 16
8 26
8 28
8 34
8 37
8 41
8 43
8 45
8 47
8 49
9 14
9 30
9 40
9 41
9 43
9 48
10 14
10 18
10 21
10 31
10 41
10 47
11 12
11 17
11 18
11 29
11 37
11 43
12 21
12 24
12 25
13 15
13 21
13 22
13 24
13 30
13 36
13 44
14 16
14 18
14 19
14 27
14 41
14 47
15 17
15 24
15 32
15 36
15 38
15 49
16 30
16 31
16 35
16 42
16 44
16 45
16 48
16 49
17 23
17 25
17 27
17 35
18 22
18 28
18 38
19 20
19 30
19 34
19 36
19 37
19 38
19 48
20 21
20 25
20 26
20 27
20 31
20 37
20 42
21 24
21 29
21 44
22 25
22 28
22 29
22 33
22 37
22 44
22 46
22 48
23 27
23 28
23 30
23 31
23 34
23 35
23 36
23 40
23 43
24 36
24 41
24 44
25 26
25 28
25 29
25 34
25 37
25 39
25 42
25 47
26 29
26 35
26 49
27 41
27 43
27 44
28 30
29 34
29 37
29 41
29 45
30 31
30 40
30 47
31 37
31 38
31 42
32 33
32 45
33 35
33 38
33 48
34 41
34 46
34 48
35 46
36 39
36 44
36 46
38 43
38 44
38 46
39 40
39 47
39 49
40 41
40 47
41 45
42 45
42 46
43 44
43 46
44 46
44 48
45 48
47 49
