50 106
3 5 1 2 0 1 0 2 3 2 1 1 0 7 3 3 4 5 2 7 6 7 7 6 7 5 5 5 4 7 1 5 1 4 5 2 3 2 6 3 5 4 6 1 7 1 1 5 0 3 
0 12
0 36
0 45
0 48
1 4
1 9
1 20
1 28
1 33
1 45
1 46
2 25
2 33
3 8
3 23
3 41
3 45
4 22
4 25
4 41
4 45
5 47
6 11
6 15
6 21
6 34
6 36
6 44
6 45
7 15
7 19
7 25
7 34
7 37
8 17
8 26
8 39
9 19
9 48
10 22
10 37
10 38
10 47
11 16
11 27
11 31
11 33
12 24
12 43
13 15
14 17
14 47
14 49
15 28
15 31
15 36
15 45
16 17
16 34
16 43
16 47
17 42
18 24
18 49
20 38
20 41
21 33
21 36
21 45
22 35
22 45
22 47
23 40
23 46
24 48
25 35
25 37
25 45
25 46
25 47
25 49
26 27
27 40
27 41
27 46
29 31
29 45
29 46
29 47
30 32
30 37
31 40
33 43
33 45
33 47
34 36
34 42
36 42
36 43
36 45
36 48
37 38
39 40
39 41
43 45
45 46
