30 89
3 0 6 0 6 0 3 6 0 3 4 3 7 3 5 1 2 6 2 3 7 7 1 0 0 7 2 1 4 2 
0 9
0 12
0 28
1 5
1 8
1 10
1 14
1 20
1 22
2 6
2 7
2 11
2 12
2 15
2 17
2 18
2 25
2 27
3 6
3 8
3 14
3 21
3 22
3 25
3 27
4 7
4 12
4 13
4 17
4 18
4 26
4 29
5 10
5 11
5 16
5 20
5 22
5 24
6 8
6 14
6 25
6 27
7 12
7 17
7 25
7 27
8 11
8 14
8 22
8 23
8 27
9 18
9 21
9 24
10 15
10 16
10 20
10 24
10 26
11 19
11 23
12 17
12 21
12 25
12 28
12 29
13 16
13 17
13 21
13 24
13 26
13 29
14 18
14 20
14 22
15 23
16 24
16 26
16 29
17 29
18 21
19 25
20 22
20 24
22 28
23 24
24 26
25 27
26 29
