50 84
6 7 1 1 5 7 4 4 0 6 7 2 6 2 2 1 4 7 5 4 4 5 2 2 6 1 4 6 3 3 2 6 0 4 3 4 2 4 5 2 0 6 4 3 3 4 2 5 3 1 
0 2
0 21
0 31
0 32
0 35
1 4
1 12
1 37
1 38
1 39
1 46
2 8
2 33
3 4
3 23
5 11
5 19
6 12
6 21
6 28
6 39
7 25
7 43
8 21
8 28
9 17
9 42
10 15
10 46
11 17
11 31
11 34
11 35
12 16
12 20
12 49
13 18
13 34
13 41
14 21
14 42
14 43
15 17
15 26
15 45
16 21
16 35
16 47
16 49
17 26
17 34
17 45
18 23
18 46
19 33
19 47
20 27
20 45
20 46
20 47
22 26
22 27
22 46
23 30
24 34
27 40
27 43
27 48
28 30
29 38
30 38
30 39
30 42
31 33
31 43
33 37
34 36
34 37
35 36
36 41
36 47
41 48
44 47
47 48
