70 162
0 13 12 14 14 1 12 4 9 7 14 5 12 2 3 15 5 15 5 15 1 15 12 10 3 12 6 0 14 3 1 0 9 12 10 7 11 8 7 3 2 12 15 15 3 14 9 0 8 10 4 15 13 5 11 4 7 11 7 15 2 10 8 0 6 2 13 4 14 6 
0 25
0 28
0 65
0 66
1 20
1 33
1 38
2 31
2 46
2 64
3 16
3 19
3 32
3 40
3 54
3 57
4 47
4 51
4 60
5 7
5 38
5 47
5 60
6 8
6 17
6 31
6 45
7 23
7 25
7 29
7 37
7 64
8 13
8 21
8 29
8 33
8 37
9 32
9 54
9 57
9 62
9 68
10 47
10 51
10 61
10 62
10 66
11 24
11 30
11 31
11 48
11 64
12 16
12 27
12 40
12 53
12 67
13 31
13 56
14 28
14 29
14 32
14 51
14 66
15 44
15 46
15 69
16 34
16 42
16 63
17 19
17 52
17 57
18 32
18 40
18 46
19 21
19 50
20 25
20 26
20 65
21 26
21 36
21 40
22 46
22 48
22 50
22 61
22 65
22 66
23 35
23 47
23 61
24 34
24 59
24 63
25 58
25 59
26 29
26 34
26 59
26 69
27 34
28 51
28 52
28 58
28 61
29 35
29 45
29 57
29 58
30 38
30 41
30 54
30 68
31 52
32 42
33 58
33 68
35 41
35 68
36 49
36 50
36 63
37 38
37 47
37 56
38 55
38 62
39 55
39 62
40 42
40 59
41 48
41 61
42 44
42 46
42 49
42 54
43 44
44 64
44 67
45 57
45 68
48 54
48 59
49 66
50 52
52 66
53 69
54 64
55 56
55 63
57 69
59 65
60 62
60 63
61 64
62 66
63 64
63 67
67 69
