50 149
4 5 7 5 2 4 7 0 7 0 4 1 2 7 5 5 3 2 6 0 2 6 2 2 6 4 0 1 7 5 5 3 2 6 7 5 1 3 6 6 1 1 0 5 1 7 5 3 4 5 
0 7
0 12
0 17
0 33
0 42
0 49
1 22
1 26
1 30
1 40
1 41
1 48
2 7
2 19
2 38
3 6
3 7
3 9
3 17
3 39
3 49
4 6
4 9
4 18
4 34
4 35
4 43
5 13
5 23
5 24
5 25
5 28
5 44
6 9
6 34
6 35
6 39
7 12
7 17
7 33
7 37
7 49
8 11
8 16
8 21
8 42
8 44
8 45
9 17
9 27
9 35
9 39
10 15
10 23
10 36
10 40
10 41
10 48
11 13
11 21
11 28
11 44
11 45
12 16
12 21
12 33
12 42
13 24
13 25
13 28
13 37
13 44
14 15
14 46
15 23
15 24
15 25
15 36
15 41
16 21
16 33
16 42
16 45
17 39
17 49
18 31
18 34
18 43
18 46
18 47
19 22
19 34
19 48
20 26
20 29
20 30
20 32
20 38
20 47
21 42
21 45
22 26
22 30
22 38
22 40
22 48
23 24
23 25
23 36
24 25
24 27
24 28
25 36
26 30
26 32
26 38
27 33
28 44
28 45
29 31
29 32
29 38
29 46
29 47
30 38
30 40
31 32
31 43
31 46
31 47
32 38
32 47
33 42
33 49
34 35
34 43
34 46
35 39
35 43
36 41
36 48
37 45
39 49
40 41
40 48
41 48
43 46
44 45
46 47
