40 120
5 7 3 3 1 1 7 1 7 4 1 2 5 0 3 6 7 1 3 0 6 6 6 3 0 1 7 7 3 5 4 0 1 6 7 7 7 2 7 2 
0 5
0 24
0 33
0 37
1 4
1 10
1 17
1 22
1 35
1 36
1 39
2 6
2 9
2 23
2 25
2 29
2 33
3 18
3 24
3 26
3 31
3 33
3 38
4 5
4 17
4 19
4 22
4 35
4 39
5 6
5 7
5 10
5 19
5 23
5 28
6 18
6 21
6 23
6 25
6 29
6 33
7 13
7 23
7 36
8 9
8 10
8 16
8 25
8 30
8 32
8 39
9 12
9 16
9 25
9 29
9 32
10 16
10 17
10 21
10 32
10 39
11 15
11 19
11 20
11 24
11 27
11 28
11 35
11 37
12 21
12 28
13 16
13 27
13 30
14 32
15 19
15 20
15 24
15 28
15 31
16 17
16 32
16 39
17 22
17 39
18 23
18 26
18 27
18 33
18 38
19 20
19 22
19 27
19 34
19 35
19 36
20 22
20 28
20 35
21 29
21 30
21 39
22 34
22 35
23 29
23 33
23 38
24 26
24 28
24 31
25 29
25 32
26 28
26 31
26 38
28 31
29 32
30 39
31 38
33 38
