35 157
0 4 6 1 4 6 7 5 0 3 2 1 6 0 6 2 4 1 1 0 2 0 1 7 4 5 5 0 3 6 5 5 4 3 0 
0 1
0 4
0 5
0 7
0 18
0 20
0 22
0 23
0 33
1 4
1 6
1 10
1 20
1 22
1 24
1 25
1 33
2 7
2 17
2 22
2 23
2 28
2 30
2 31
2 33
3 4
3 5
3 11
3 13
3 17
3 19
3 24
3 30
3 32
4 10
4 18
4 20
4 22
4 23
4 33
5 13
5 16
5 17
5 19
5 24
5 29
5 30
5 32
6 8
6 10
6 22
6 25
6 27
6 29
6 31
6 34
7 14
7 18
7 20
7 21
7 23
7 27
7 28
7 29
8 10
8 17
8 19
8 25
8 28
8 29
8 31
8 34
9 12
9 17
9 22
9 23
9 31
9 34
10 11
10 22
10 25
10 31
10 33
11 14
11 15
11 24
11 27
11 28
11 30
11 32
12 31
13 17
13 19
13 20
13 24
13 29
13 30
13 34
14 15
14 18
14 21
14 27
14 28
14 31
14 32
15 21
15 24
15 25
15 26
15 27
15 28
15 30
15 32
16 17
16 26
16 31
17 19
17 23
17 29
17 30
17 34
18 19
18 20
18 21
18 23
18 28
19 29
19 31
19 34
20 21
20 23
20 33
21 23
21 27
21 28
21 34
22 25
22 26
22 31
22 32
22 33
23 28
23 33
24 27
24 30
24 32
25 31
25 33
25 34
26 31
27 28
27 32
29 31
29 34
30 32
30 33
31 34
