50 233
1 0 7 4 0 1 6 4 0 7 2 2 3 1 4 4 0 0 2 1 1 5 2 3 5 1 3 0 7 2 4 3 6 7 6 2 0 7 1 1 4 0 4 7 2 0 7 2 7 3 
0 5
0 8
0 13
0 15
0 21
0 24
0 26
0 42
1 3
1 5
1 13
1 14
1 16
1 17
1 31
1 35
1 39
1 42
1 46
2 12
2 13
2 22
2 31
2 32
2 46
3 7
3 16
3 23
3 32
3 34
3 36
3 45
4 13
4 14
4 16
4 26
4 28
4 35
4 44
4 49
5 11
5 36
6 15
6 18
6 25
6 38
6 40
6 43
6 49
7 30
7 42
7 45
8 15
8 31
8 35
8 36
8 48
9 11
9 19
9 23
9 32
9 37
9 40
9 41
9 44
9 45
10 12
10 15
10 24
10 27
10 35
10 38
10 40
10 41
10 46
10 49
11 22
11 24
11 29
11 31
11 34
11 35
11 44
12 22
12 26
12 28
12 36
12 37
12 39
12 40
12 42
13 19
13 22
13 29
13 31
13 32
13 48
14 24
14 28
14 30
14 34
14 43
15 18
15 19
15 21
15 27
15 32
15 38
15 42
15 44
15 47
16 18
16 20
16 21
16 30
16 33
16 39
16 49
17 25
17 29
17 30
17 38
17 39
17 41
17 44
17 45
17 47
18 20
18 22
18 26
18 30
18 39
18 45
18 46
18 47
19 22
19 29
19 36
19 37
19 42
19 46
19 47
20 21
20 25
20 32
20 33
20 43
20 45
20 46
20 49
21 22
21 27
21 30
21 33
21 48
22 26
22 33
22 37
22 44
22 46
22 47
23 34
23 39
23 41
23 42
23 43
24 28
24 36
24 48
25 32
25 33
25 44
25 47
26 27
26 30
26 40
26 41
27 32
27 35
27 36
27 39
27 41
27 43
28 29
28 30
28 34
28 41
28 42
28 49
29 34
29 43
29 44
29 45
29 48
30 32
30 35
30 41
30 48
31 34
31 36
31 37
31 39
31 46
31 48
32 34
32 36
32 39
33 41
33 48
34 43
35 36
35 38
35 44
35 48
35 49
36 44
37 40
37 45
38 41
38 48
39 42
40 45
40 46
41 43
41 44
41 48
41 49
42 48
43 46
43 47
43 48
44 48
46 47
