80 119
15 4 0 15 12 5 12 6 3 9 8 7 4 12 0 14 15 13 10 7 12 15 5 11 8 15 11 5 9 8 11 4 12 9 5 6 13 14 9 12 5 13 2 2 11 3 2 7 5 11 3 10 4 0 7 14 7 9 0 15 4 9 10 2 5 4 0 1 9 14 4 3 11 15 11 13 3 7 1 9 
0 25
0 65
1 7
1 14
1 30
1 48
2 19
2 31
3 51
3 64
4 74
5 18
5 41
5 60
6 12
6 14
6 26
6 39
6 46
7 15
7 26
7 49
7 72
8 29
8 59
8 63
9 22
9 25
9 35
9 39
10 11
10 66
11 17
11 62
12 47
12 60
13 61
14 39
15 29
15 75
16 79
17 39
17 47
17 56
17 74
18 67
19 30
19 39
19 46
19 55
19 75
20 26
20 39
20 42
20 50
20 62
21 32
21 36
21 49
23 60
23 66
24 33
25 57
26 33
26 37
26 75
27 30
27 40
27 47
27 70
27 73
28 50
28 51
28 69
28 74
29 43
30 38
30 52
31 55
31 67
32 63
33 34
33 47
34 47
34 76
35 56
36 52
36 68
37 68
39 43
39 59
41 75
43 44
45 58
45 60
46 62
46 67
46 70
47 58
47 66
47 69
47 77
51 66
51 72
51 75
53 66
54 61
54 73
57 66
62 64
62 68
62 75
64 73
67 78
68 73
70 79
71 72
72 78
74 79
