60 172
3 5 10 14 2 15 7 8 5 4 10 8 6 7 12 5 0 14 14 13 14 4 0 6 2 11 1 3 2 7 5 7 2 3 6 14 7 3 3 7 3 11 6 4 11 5 2 0 10 7 14 2 14 9 14 10 1 13 4 13 
0 24
0 31
0 46
1 7
1 17
1 20
1 22
1 25
1 28
1 33
1 34
1 41
1 44
2 10
2 18
2 24
2 37
2 39
2 40
2 43
2 50
2 55
2 59
3 4
3 7
3 13
3 14
3 26
3 48
3 49
4 8
4 16
4 47
5 18
5 24
5 27
5 31
5 41
5 58
6 8
6 19
6 36
6 51
6 58
7 8
7 15
7 19
7 36
7 41
7 58
8 16
8 59
9 17
9 20
9 31
9 32
9 36
9 51
10 13
10 39
10 45
10 48
10 55
11 20
11 30
11 38
11 39
11 43
11 48
11 54
12 15
12 30
12 36
12 54
12 57
13 26
13 49
13 51
14 30
14 33
14 34
14 47
15 19
15 26
15 39
16 19
16 28
17 25
17 28
17 35
17 40
17 43
17 46
17 52
18 30
18 31
18 49
18 53
18 57
18 58
19 21
19 40
19 43
19 49
19 53
19 54
20 30
20 32
21 32
22 37
22 39
22 44
22 46
22 52
23 26
23 34
23 53
23 56
24 30
24 31
25 28
25 42
26 29
26 30
26 42
26 47
27 30
27 38
27 50
28 59
29 36
29 48
29 53
29 55
29 57
30 31
30 40
30 58
31 46
31 59
32 48
33 52
34 38
34 41
34 42
36 56
37 40
37 44
38 53
39 42
39 47
39 50
39 51
39 53
39 57
40 54
41 46
41 57
42 50
43 59
44 48
44 50
44 54
45 54
45 57
45 58
47 55
48 54
48 56
49 53
51 59
55 56
