35 102
7 3 7 2 3 5 1 3 4 6 3 5 4 0 7 2 6 2 2 5 1 1 1 4 3 6 2 5 7 0 7 2 7 3 3 
0 22
0 31
1 2
1 4
1 11
1 14
1 23
1 32
2 3
2 13
2 30
2 33
3 11
3 13
3 14
3 20
3 23
3 26
3 31
3 32
3 33
3 34
4 21
4 30
4 31
4 32
5 8
5 18
5 21
5 22
5 28
5 29
5 32
6 8
6 26
6 28
6 29
6 33
6 34
7 15
7 16
7 19
7 20
7 25
8 9
8 12
8 26
8 29
9 15
9 16
9 17
9 20
9 24
9 31
10 22
10 29
10 34
11 14
11 25
11 32
12 23
12 27
12 28
12 29
13 18
13 23
14 25
14 26
14 27
14 32
15 19
15 20
15 24
15 29
16 19
16 25
16 26
17 20
17 28
18 21
18 22
18 24
18 29
19 25
19 29
19 30
20 21
20 22
20 24
21 22
21 24
21 28
21 31
22 24
23 26
23 28
23 29
25 26
26 28
26 32
28 32
31 33
