60 180
6 2 15 2 5 4 12 6 3 9 0 15 0 7 15 1 14 14 3 13 10 0 12 8 0 6 4 7 6 1 7 5 13 7 2 9 2 1 12 0 13 1 15 10 11 11 3 6 13 11 10 5 5 15 9 8 5 10 11 12 
0 2
0 40
0 44
1 2
1 7
1 43
1 45
1 49
1 52
2 6
2 19
2 24
2 43
2 49
2 52
3 8
3 38
3 45
3 47
3 51
3 53
4 10
4 22
4 42
4 49
5 23
5 57
6 16
6 19
6 36
6 43
6 49
7 8
7 25
7 43
7 45
7 51
7 52
8 45
8 47
8 51
8 52
9 13
9 16
9 25
9 31
9 36
9 37
9 41
9 59
10 20
10 21
10 27
10 42
10 48
10 55
11 17
11 23
11 28
11 35
11 50
11 57
11 58
12 15
12 23
12 31
12 39
12 44
12 50
12 53
12 57
13 33
13 37
13 42
13 44
13 55
13 59
14 24
14 25
14 40
14 52
14 58
15 34
15 38
15 39
15 50
15 53
15 57
16 19
16 36
16 41
16 49
17 23
17 28
17 32
17 35
17 46
18 32
19 26
19 36
19 41
19 49
20 21
20 27
20 46
20 48
20 54
20 55
20 58
21 27
21 32
21 46
21 48
22 23
22 43
22 54
23 34
23 35
23 50
23 57
24 40
24 47
25 42
25 58
26 39
26 54
26 55
27 33
27 42
27 55
28 32
28 35
28 46
28 48
29 49
29 58
30 38
30 47
31 52
32 34
32 35
32 46
32 48
33 37
33 40
33 42
33 55
33 59
35 54
35 57
35 58
36 37
36 41
36 44
37 41
37 59
38 39
38 40
38 47
38 51
38 53
39 47
39 50
39 53
40 55
41 59
42 55
42 58
42 59
43 49
43 52
44 50
45 51
45 52
46 48
47 51
47 53
50 57
54 55
55 56
