70 149
6 11 3 8 9 10 10 12 9 14 5 6 13 15 3 12 11 12 13 14 8 12 12 6 9 5 4 14 14 9 8 5 0 15 6 7 5 9 0 3 0 3 13 9 2 6 12 0 12 2 14 4 12 6 15 0 0 0 6 8 3 15 11 5 7 15 15 5 12 9 
0 14
0 22
0 45
0 63
1 5
1 6
1 8
1 18
1 19
2 19
2 43
2 69
3 30
3 35
3 40
3 58
4 15
4 35
4 39
4 45
4 68
5 24
5 37
5 42
5 60
6 10
6 28
6 37
6 42
7 23
7 25
7 28
7 35
7 52
7 62
8 28
8 52
9 12
9 24
9 47
10 25
10 27
10 29
10 31
10 60
10 61
11 28
11 59
11 61
12 20
12 42
12 59
12 65
13 33
13 39
13 47
13 67
14 24
14 30
14 34
14 58
15 32
15 36
15 37
16 43
16 44
16 51
16 53
16 54
16 59
17 30
17 31
17 34
17 60
18 22
18 60
18 61
18 62
18 68
19 53
20 24
20 37
20 55
20 69
21 27
21 31
21 67
22 34
22 37
22 56
22 69
23 50
23 56
24 25
24 42
24 45
25 31
25 34
25 56
25 63
26 39
26 42
26 44
27 30
27 35
27 60
27 68
28 31
28 56
28 57
29 49
29 62
29 67
32 39
32 41
32 65
32 67
33 40
34 66
35 36
36 40
36 46
37 61
38 44
38 61
39 44
39 54
40 53
40 64
41 44
43 62
43 65
44 48
44 64
44 67
47 59
49 65
50 52
51 63
51 64
54 62
54 68
55 61
55 62
55 65
55 69
58 63
58 64
60 64
