90 225
12 7 10 7 12 10 2 1 6 12 5 12 9 2 10 14 12 6 13 6 4 3 1 12 7 11 6 11 9 15 0 5 5 0 0 10 3 11 9 1 10 11 0 0 7 13 13 9 1 10 11 6 10 6 0 3 7 15 13 11 13 0 5 15 0 12 6 0 8 4 1 8 10 12 11 12 2 3 14 14 14 15 14 5 9 1 5 7 6 4 
0 4
0 8
0 17
0 23
0 24
0 86
1 22
1 29
1 42
1 57
1 68
2 32
2 33
2 50
3 25
3 36
3 40
3 48
3 64
3 65
3 76
4 22
4 23
4 52
4 66
4 69
4 70
4 77
4 89
5 31
5 35
5 50
5 82
6 11
6 16
6 33
6 37
6 47
6 57
6 71
6 75
7 37
7 39
7 42
7 50
7 53
8 48
8 61
8 88
9 12
9 16
9 33
9 38
9 48
9 55
9 61
9 65
9 81
10 12
10 43
10 63
10 67
10 72
10 76
11 21
11 28
11 33
11 35
11 42
11 57
11 74
12 15
12 45
12 56
12 84
13 14
13 25
13 29
14 62
14 74
15 50
16 42
16 43
16 51
16 58
16 89
17 35
17 45
17 73
17 80
18 28
18 40
18 62
19 48
19 86
20 28
20 42
20 46
20 55
20 85
21 26
21 40
21 48
21 55
21 71
22 29
22 57
23 24
23 26
23 28
23 65
24 33
24 57
24 87
25 43
25 57
25 86
26 27
26 38
26 83
27 29
27 37
27 58
27 70
27 72
28 42
28 54
28 83
29 34
29 67
29 82
29 83
30 36
30 54
30 58
32 34
32 40
32 56
33 50
33 54
33 73
33 79
34 45
34 54
34 70
35 45
35 75
35 78
36 66
36 78
36 86
37 43
37 44
37 78
37 86
38 64
39 55
39 61
39 62
39 71
40 44
40 59
41 84
41 87
42 61
42 68
42 70
42 88
43 48
43 49
43 68
43 82
43 88
44 49
44 65
45 79
46 53
47 52
47 73
47 76
47 85
49 57
50 59
50 81
51 74
52 54
53 66
53 72
53 87
55 59
56 70
56 78
56 82
57 77
58 71
58 77
59 64
59 80
60 76
62 69
63 64
63 78
63 86
64 84
65 66
66 82
66 89
67 89
68 76
68 85
69 84
70 80
70 84
70 89
71 81
71 85
73 82
73 89
75 87
76 83
77 78
78 83
82 87
84 89
87 88
