90 144
1 11 6 14 3 13 3 10 11 1 7 12 11 3 2 1 5 10 9 7 7 2 11 6 9 1 10 1 7 13 13 14 1 7 5 7 10 12 2 12 0 14 0 14 2 7 1 7 9 5 3 5 9 11 7 12 8 5 12 14 12 12 2 6 6 3 5 2 6 3 5 0 4 4 8 13 1 8 8 4 5 15 5 15 8 5 11 14 11 11 
0 5
0 8
0 65
1 40
1 65
1 80
2 40
2 51
2 59
2 73
3 10
3 28
4 52
4 57
5 33
5 46
5 48
5 71
5 78
5 83
6 21
6 33
6 34
6 36
6 78
7 62
7 69
9 20
10 20
10 76
11 28
11 59
12 57
12 63
13 31
13 48
13 57
14 24
14 47
14 83
15 89
16 61
17 32
17 35
17 40
17 44
17 69
17 73
17 78
18 24
18 85
19 36
19 41
19 58
19 72
19 87
20 67
22 89
23 40
24 44
24 45
24 77
25 26
25 30
26 42
26 74
27 44
28 71
29 40
29 60
30 76
31 47
31 51
31 81
31 86
32 88
33 40
33 73
34 50
35 68
36 47
36 52
36 61
36 85
37 61
37 78
38 50
39 41
39 42
39 43
39 53
39 65
40 58
40 72
40 89
42 49
42 58
43 71
43 76
43 83
44 72
44 78
44 87
45 73
46 50
47 87
48 55
48 62
48 64
48 78
49 70
50 60
50 76
51 76
52 58
52 64
54 76
54 77
55 76
55 78
55 83
56 57
56 64
57 59
58 69
60 66
60 68
64 85
65 79
67 69
67 84
68 79
69 78
69 87
70 81
70 82
71 78
74 78
75 83
76 78
76 88
77 86
78 83
78 87
