35 104
6 0 4 5 1 2 2 1 3 2 0 4 7 3 7 1 3 7 3 3 5 1 3 4 2 6 4 0 2 6 5 6 2 3 2 
0 2
0 4
0 16
0 22
0 25
0 27
1 4
1 5
1 11
1 16
1 25
1 28
2 4
2 6
2 15
2 24
2 34
3 5
3 8
3 10
3 15
3 17
3 30
4 14
4 24
4 29
5 7
5 8
5 10
5 17
5 30
6 10
6 14
6 23
6 30
7 10
7 11
7 17
7 20
7 23
7 31
7 33
7 34
8 15
8 17
8 27
8 30
9 12
9 22
9 23
9 25
9 31
9 33
10 17
10 23
10 31
11 15
11 25
12 14
12 21
12 22
12 25
12 27
12 33
13 33
14 16
14 17
15 21
15 25
15 26
15 27
15 30
16 18
16 20
16 24
17 31
18 21
18 23
19 27
19 29
20 28
21 22
21 25
21 27
21 30
21 32
22 23
22 25
22 32
22 33
23 31
23 33
23 34
24 25
24 33
25 27
25 28
25 32
27 30
29 30
29 33
30 32
31 33
33 34
