100 1774
17 29 3 20 31 4 16 7 28 5 23 3 8 17 24 0 10 27 25 31 9 13 5 8 17 1 18 17 0 21 8 23 10 16 31 8 3 25 20 23 16 14 19 11 27 9 21 15 8 5 2 22 23 10 30 22 30 15 26 0 2 26 7 18 29 0 29 28 11 21 30 25 0 31 4 20 31 27 1 4 15 18 3 11 22 25 12 24 29 20 6 17 11 10 10 25 11 15 19 24 
0 1
0 3
0 7
0 10
0 11
0 14
0 17
0 19
0 20
0 21
0 22
0 24
0 27
0 32
0 35
0 37
0 38
0 39
0 40
0 41
0 42
0 44
0 45
0 47
0 51
0 53
0 64
0 66
0 71
0 72
0 74
0 77
0 79
0 81
0 83
0 85
0 86
0 90
0 91
0 94
1 4
1 7
1 8
1 11
1 17
1 19
1 21
1 24
1 30
1 31
1 32
1 33
1 34
1 37
1 40
1 41
1 45
1 48
1 50
1 52
1 57
1 58
1 60
1 62
1 65
1 67
1 72
1 75
1 78
1 81
1 85
1 91
1 95
1 98
2 3
2 4
2 7
2 8
2 9
2 11
2 14
2 15
2 16
2 17
2 19
2 20
2 22
2 24
2 32
2 40
2 45
2 48
2 50
2 52
2 53
2 54
2 66
2 71
2 75
2 76
2 77
2 79
2 80
2 89
2 90
2 91
2 93
2 96
2 98
3 10
3 18
3 22
3 30
3 44
3 48
3 51
3 52
3 54
3 58
3 61
3 64
3 66
3 68
3 69
3 72
3 74
3 79
3 82
3 83
3 90
3 91
3 93
4 7
4 8
4 10
4 12
4 14
4 15
4 18
4 20
4 21
4 23
4 27
4 28
4 33
4 34
4 35
4 38
4 40
4 48
4 50
4 51
4 54
4 67
4 68
4 77
4 81
4 83
4 84
4 86
4 91
4 95
4 96
4 98
5 6
5 9
5 12
5 15
5 16
5 17
5 19
5 20
5 22
5 23
5 25
5 27
5 29
5 31
5 34
5 39
5 42
5 45
5 46
5 53
5 54
5 55
5 56
5 63
5 73
5 78
5 79
5 83
5 84
5 86
5 87
5 91
5 92
5 96
5 97
5 98
6 7
6 10
6 14
6 15
6 16
6 18
6 25
6 26
6 28
6 31
6 33
6 38
6 46
6 52
6 53
6 55
6 58
6 63
6 64
6 66
6 68
6 69
6 73
6 76
6 80
6 81
6 83
6 84
6 85
6 91
6 94
6 95
7 9
7 16
7 17
7 24
7 27
7 28
7 31
7 39
7 41
7 49
7 50
7 51
7 52
7 56
7 62
7 64
7 68
7 71
7 72
7 73
7 77
7 78
7 80
7 82
7 83
7 84
7 87
7 91
7 93
7 95
7 96
7 97
7 98
8 12
8 14
8 16
8 17
8 21
8 22
8 26
8 32
8 40
8 45
8 47
8 48
8 51
8 52
8 55
8 56
8 57
8 60
8 63
8 66
8 67
8 73
8 77
8 81
8 82
8 84
8 90
8 91
8 92
8 97
8 99
9 10
9 11
9 12
9 15
9 19
9 21
9 22
9 24
9 26
9 28
9 30
9 32
9 34
9 37
9 39
9 44
9 45
9 46
9 49
9 52
9 53
9 55
9 57
9 62
9 67
9 70
9 71
9 79
9 80
9 87
9 90
9 91
9 94
9 97
9 98
9 99
10 14
10 15
10 16
10 20
10 21
10 24
10 26
10 34
10 37
10 39
10 42
10 45
10 48
10 53
10 55
10 56
10 57
10 59
10 62
10 63
10 69
10 71
10 72
10 74
10 75
10 77
10 84
10 85
10 89
10 90
10 91
10 95
10 96
10 97
11 14
11 15
11 16
11 21
11 22
11 25
11 26
11 27
11 33
11 35
11 37
11 38
11 39
11 40
11 41
11 44
11 45
11 49
11 52
11 55
11 62
11 63
11 67
11 68
11 69
11 74
11 75
11 84
11 87
11 91
11 93
11 94
11 95
11 96
12 14
12 18
12 22
12 24
12 28
12 32
12 35
12 43
12 44
12 45
12 47
12 48
12 53
12 54
12 55
12 57
12 61
12 65
12 68
12 69
12 71
12 73
12 74
12 75
12 76
12 77
12 78
12 79
12 82
12 83
12 84
12 86
12 90
12 93
12 94
12 95
12 96
12 97
13 15
13 16
13 19
13 22
13 23
13 25
13 26
13 28
13 29
13 33
13 46
13 50
13 52
13 55
13 58
13 59
13 60
13 64
13 65
13 67
13 69
13 70
13 74
13 76
13 82
13 83
13 84
13 86
13 87
13 93
13 96
13 99
14 15
14 18
14 21
14 23
14 24
14 25
14 29
14 31
14 32
14 40
14 43
14 44
14 46
14 50
14 54
14 56
14 62
14 65
14 66
14 68
14 70
14 73
14 77
14 81
14 82
14 83
14 84
14 86
14 88
14 89
14 90
14 91
14 94
14 96
14 97
15 17
15 20
15 21
15 22
15 23
15 24
15 26
15 32
15 34
15 39
15 41
15 42
15 44
15 45
15 47
15 48
15 49
15 50
15 55
15 60
15 62
15 63
15 66
15 73
15 74
15 76
15 77
15 85
15 86
15 87
15 90
15 93
15 94
15 97
15 98
16 18
16 21
16 22
16 28
16 29
16 30
16 32
16 34
16 39
16 40
16 41
16 42
16 45
16 46
16 49
16 51
16 52
16 53
16 54
16 57
16 66
16 67
16 69
16 70
16 75
16 79
16 82
16 83
16 88
16 93
16 94
16 95
16 97
16 98
17 20
17 21
17 22
17 23
17 25
17 26
17 27
17 31
17 35
17 38
17 44
17 45
17 46
17 49
17 50
17 52
17 54
17 60
17 66
17 73
17 74
17 75
17 77
17 79
17 80
17 81
17 94
17 95
17 96
17 97
17 98
17 99
18 19
18 22
18 29
18 33
18 35
18 37
18 42
18 44
18 53
18 55
18 56
18 58
18 62
18 64
18 65
18 74
18 78
18 80
18 81
18 88
18 97
19 24
19 25
19 26
19 31
19 35
19 36
19 37
19 39
19 40
19 41
19 42
19 44
19 48
19 55
19 56
19 58
19 65
19 68
19 70
19 72
19 73
19 77
19 84
19 85
19 88
19 91
19 93
19 97
19 98
19 99
20 23
20 24
20 26
20 27
20 28
20 38
20 39
20 40
20 41
20 42
20 47
20 52
20 53
20 55
20 59
20 61
20 62
20 65
20 67
20 68
20 69
20 70
20 75
20 83
20 84
20 89
20 95
20 97
20 99
21 22
21 24
21 25
21 27
21 32
21 35
21 37
21 39
21 40
21 45
21 46
21 50
21 52
21 59
21 62
21 63
21 70
21 72
21 76
21 85
21 90
21 91
21 93
21 94
21 96
21 98
22 23
22 25
22 26
22 27
22 29
22 32
22 34
22 37
22 38
22 42
22 43
22 45
22 47
22 51
22 52
22 56
22 59
22 62
22 63
22 66
22 68
22 82
22 87
22 88
22 90
22 93
23 28
23 29
23 33
23 35
23 41
23 45
23 50
23 51
23 65
23 67
23 68
23 69
23 70
23 71
23 72
23 73
23 74
23 78
23 80
23 81
23 84
23 86
23 87
23 90
24 27
24 28
24 29
24 30
24 34
24 37
24 38
24 42
24 43
24 44
24 47
24 53
24 56
24 61
24 62
24 64
24 65
24 68
24 74
24 75
24 81
24 83
24 84
24 85
24 88
24 91
24 93
24 95
24 96
24 99
25 26
25 29
25 32
25 36
25 37
25 39
25 44
25 45
25 47
25 52
25 53
25 55
25 57
25 58
25 62
25 63
25 65
25 70
25 71
25 73
25 75
25 78
25 85
25 86
25 87
25 88
25 90
25 91
25 96
25 97
26 30
26 33
26 34
26 38
26 40
26 45
26 49
26 53
26 54
26 55
26 56
26 58
26 60
26 64
26 77
26 79
26 85
26 91
26 92
26 94
26 96
26 97
27 30
27 32
27 33
27 34
27 40
27 42
27 45
27 46
27 49
27 50
27 51
27 53
27 54
27 60
27 63
27 65
27 70
27 77
27 79
27 80
27 81
27 82
27 83
27 84
27 85
27 86
27 89
27 93
27 97
27 99
28 29
28 30
28 31
28 34
28 36
28 37
28 40
28 45
28 50
28 57
28 60
28 64
28 65
28 66
28 67
28 71
28 77
28 78
28 80
28 85
28 86
28 90
28 91
28 94
28 96
28 97
28 99
29 30
29 31
29 32
29 33
29 38
29 43
29 44
29 49
29 50
29 53
29 56
29 57
29 58
29 59
29 68
29 70
29 73
29 75
29 77
29 79
29 82
29 85
29 86
29 88
30 31
30 32
30 35
30 38
30 39
30 41
30 44
30 45
30 46
30 50
30 52
30 72
30 73
30 75
30 76
30 81
30 83
30 86
30 91
30 93
31 35
31 37
31 38
31 44
31 45
31 46
31 48
31 49
31 51
31 54
31 58
31 59
31 62
31 75
31 76
31 77
31 79
31 80
31 82
31 86
31 89
31 92
31 94
32 33
32 36
32 39
32 40
32 44
32 47
32 58
32 61
32 68
32 70
32 71
32 72
32 73
32 74
32 75
32 78
32 82
32 89
32 97
33 36
33 37
33 43
33 52
33 54
33 60
33 61
33 63
33 64
33 65
33 66
33 71
33 72
33 73
33 77
33 78
33 81
33 85
33 87
33 89
33 96
34 35
34 36
34 37
34 39
34 40
34 41
34 46
34 48
34 50
34 51
34 54
34 59
34 61
34 62
34 63
34 66
34 67
34 68
34 70
34 74
34 75
34 77
34 79
34 80
34 81
34 88
34 91
34 97
34 98
34 99
35 36
35 38
35 43
35 46
35 47
35 48
35 49
35 60
35 64
35 68
35 69
35 75
35 78
35 80
35 89
35 95
35 96
35 97
35 98
36 37
36 39
36 41
36 42
36 43
36 48
36 55
36 56
36 57
36 60
36 61
36 63
36 72
36 73
36 77
36 78
36 79
36 86
36 88
36 94
36 95
36 97
37 38
37 41
37 44
37 46
37 47
37 55
37 59
37 60
37 61
37 63
37 64
37 68
37 72
37 74
37 76
37 77
37 79
37 80
37 86
37 88
37 89
37 92
37 93
37 96
37 98
37 99
38 40
38 42
38 43
38 45
38 47
38 54
38 56
38 60
38 62
38 63
38 64
38 65
38 66
38 69
38 70
38 72
38 73
38 74
38 77
38 82
38 83
38 85
38 86
38 87
38 89
38 91
38 96
38 97
38 98
39 41
39 43
39 44
39 48
39 51
39 55
39 59
39 60
39 61
39 62
39 64
39 65
39 67
39 68
39 69
39 70
39 74
39 75
39 76
39 77
39 79
39 85
39 89
39 90
39 96
39 97
39 98
39 99
40 46
40 53
40 55
40 56
40 58
40 68
40 70
40 77
40 81
40 84
40 86
40 92
40 95
40 96
40 98
41 42
41 43
41 45
41 46
41 48
41 64
41 66
41 67
41 71
41 74
41 75
41 78
41 79
41 81
41 87
41 88
41 90
41 92
41 98
42 47
42 48
42 49
42 50
42 52
42 61
42 64
42 68
42 73
42 76
42 77
42 79
42 80
42 83
42 84
42 85
42 90
42 93
42 96
42 98
42 99
43 45
43 47
43 53
43 59
43 61
43 73
43 74
43 76
43 84
43 85
43 86
43 88
43 91
43 97
43 99
44 47
44 48
44 50
44 52
44 53
44 57
44 58
44 60
44 62
44 64
44 65
44 66
44 67
44 69
44 70
44 71
44 78
44 83
44 87
44 89
44 91
44 92
44 94
44 95
44 98
44 99
45 46
45 47
45 50
45 51
45 63
45 65
45 67
45 75
45 76
45 77
45 78
45 79
45 84
45 88
45 92
45 94
46 49
46 51
46 52
46 53
46 55
46 57
46 62
46 63
46 66
46 70
46 71
46 74
46 77
46 80
46 82
46 83
46 84
46 87
46 89
46 92
46 94
46 96
46 98
46 99
47 48
47 49
47 53
47 55
47 56
47 63
47 65
47 70
47 71
47 74
47 77
47 79
47 83
47 85
47 86
47 88
47 95
47 97
47 98
47 99
48 49
48 52
48 53
48 56
48 57
48 58
48 59
48 61
48 67
48 72
48 75
48 76
48 78
48 79
48 88
48 92
48 95
48 97
49 51
49 60
49 61
49 63
49 65
49 66
49 71
49 74
49 75
49 76
49 82
49 83
49 85
49 89
49 93
49 97
50 51
50 52
50 53
50 54
50 62
50 63
50 66
50 67
50 70
50 71
50 74
50 78
50 82
50 86
50 87
50 90
50 91
50 93
50 94
50 96
51 53
51 59
51 60
51 64
51 68
51 70
51 77
51 81
51 83
51 90
51 91
51 96
51 98
52 53
52 55
52 58
52 62
52 66
52 67
52 69
52 71
52 74
52 77
52 78
52 79
52 83
52 85
52 86
52 88
52 94
53 54
53 55
53 56
53 57
53 59
53 60
53 61
53 65
53 66
53 67
53 73
53 74
53 76
53 78
53 81
53 82
53 83
53 84
53 90
53 91
53 98
54 56
54 57
54 58
54 59
54 60
54 61
54 62
54 66
54 68
54 71
54 73
54 78
54 84
54 86
54 91
54 94
54 95
54 96
54 99
55 58
55 61
55 63
55 64
55 65
55 67
55 69
55 71
55 75
55 77
55 81
55 83
55 84
55 86
55 94
55 95
55 97
55 99
56 60
56 61
56 66
56 67
56 71
56 76
56 79
56 81
56 82
56 83
56 85
56 90
56 99
57 58
57 63
57 64
57 65
57 66
57 67
57 72
57 74
57 76
57 79
57 84
57 87
57 89
57 93
57 94
57 95
58 59
58 60
58 67
58 68
58 69
58 70
58 72
58 87
58 92
58 93
58 95
58 98
58 99
59 66
59 67
59 68
59 72
59 74
59 77
59 78
59 89
59 91
59 92
59 95
60 64
60 66
60 72
60 74
60 76
60 81
60 84
60 94
60 96
60 98
61 69
61 73
61 78
61 85
61 87
61 88
61 93
61 94
61 98
62 64
62 65
62 66
62 69
62 70
62 73
62 74
62 75
62 79
62 81
62 83
62 85
62 87
62 91
62 92
62 94
62 96
62 97
62 98
63 66
63 76
63 86
63 88
63 94
63 95
63 96
64 65
64 67
64 69
64 75
64 78
64 79
64 80
64 86
64 87
64 90
64 96
65 73
65 74
65 78
65 79
65 80
65 81
65 83
65 87
65 88
65 89
65 91
65 97
66 67
66 69
66 70
66 79
66 82
66 85
66 86
66 91
66 95
66 97
66 98
67 69
67 70
67 73
67 76
67 77
67 79
67 80
67 85
67 89
67 90
67 95
67 97
67 98
68 69
68 72
68 73
68 77
68 94
68 96
68 99
69 70
69 71
69 74
69 78
69 79
69 82
69 83
69 86
69 88
69 89
69 93
69 95
70 73
70 77
70 82
70 83
70 88
70 89
70 90
70 92
70 95
70 96
70 99
71 72
71 73
71 76
71 92
71 99
72 76
72 77
72 79
72 83
72 85
72 87
72 91
73 76
73 79
73 81
73 85
73 87
73 88
73 92
73 99
74 77
74 79
74 81
74 84
74 88
74 91
74 93
74 94
74 95
74 96
74 98
75 78
75 79
75 82
75 83
75 90
75 93
75 96
75 97
75 98
76 78
76 81
76 86
76 92
76 95
76 97
76 98
76 99
77 78
77 80
77 82
77 83
77 84
77 85
77 87
77 93
77 94
77 95
77 96
77 97
78 82
78 89
78 91
78 92
78 93
78 95
79 83
79 85
79 86
79 88
79 90
80 86
80 87
80 88
80 90
80 92
80 94
80 95
81 83
81 90
81 93
81 97
81 98
82 84
82 94
82 95
82 96
82 97
82 99
83 89
83 91
83 92
83 96
83 98
84 88
84 89
84 91
84 93
84 94
84 95
84 96
84 97
85 88
85 90
85 97
85 98
85 99
86 87
86 89
86 94
86 99
87 89
87 93
87 96
88 89
88 92
88 94
88 95
88 98
89 90
89 94
89 95
90 91
90 92
90 97
91 93
91 95
91 96
91 98
91 99
92 98
92 99
93 99
94 97
94 98
95 96
95 98
96 99
98 99
