35 104
7 5 3 0 3 7 0 1 0 4 3 0 2 5 4 0 1 0 4 4 2 5 2 1 2 1 1 1 5 5 2 2 1 6 6 
0 2
0 16
0 22
1 5
1 9
1 19
1 20
1 22
1 26
1 31
1 34
2 3
2 4
2 8
2 13
2 15
2 16
2 27
3 9
3 31
3 33
4 13
4 15
4 27
4 29
4 33
5 8
5 16
5 22
5 31
5 34
6 25
6 27
7 12
7 19
7 23
7 24
7 28
7 30
7 32
8 13
8 16
8 19
8 22
8 31
9 10
9 20
9 23
9 26
9 30
9 34
10 17
10 23
10 24
10 26
10 30
10 34
11 15
11 20
11 25
12 21
12 27
12 28
12 29
12 32
12 33
13 15
13 16
13 31
14 20
14 21
14 25
15 16
15 27
15 29
16 21
16 31
17 20
18 25
18 27
18 30
19 21
19 29
19 32
20 21
20 23
22 26
22 31
22 34
23 24
23 28
23 30
24 28
24 30
24 32
26 30
26 34
27 29
27 33
28 32
28 33
29 32
29 33
32 33
