70 122
10 7 5 9 2 14 15 1 3 15 4 9 10 0 10 1 2 14 15 0 7 1 4 13 11 3 10 8 13 4 12 2 1 5 15 12 12 3 1 5 14 13 12 0 3 0 4 3 5 12 3 10 8 4 13 6 9 0 9 2 7 9 5 13 13 0 12 12 1 13 
0 35
1 35
2 22
2 32
3 4
3 10
3 21
3 24
3 51
4 6
4 9
4 28
4 37
4 38
4 60
5 10
5 12
5 21
5 39
6 10
6 19
6 50
6 65
7 15
7 38
8 29
8 46
9 14
9 23
9 24
10 11
10 17
11 35
11 66
12 57
12 58
13 15
13 24
13 30
14 69
15 47
16 38
16 55
17 54
18 34
18 50
18 51
19 38
20 24
21 57
21 69
22 25
22 31
22 37
22 54
22 59
23 26
23 53
23 61
24 38
24 42
24 53
24 69
26 33
26 51
26 57
27 40
27 50
29 34
29 40
29 44
29 63
30 40
30 51
30 65
31 37
31 45
31 49
32 37
32 42
32 45
32 61
33 42
34 35
34 43
34 44
34 53
35 41
35 56
36 57
36 62
36 69
37 50
37 68
38 42
38 63
38 64
38 68
39 59
40 48
40 64
41 53
41 58
41 62
41 69
42 52
43 59
44 51
44 52
45 47
45 60
46 63
46 68
47 49
47 68
48 54
51 67
53 63
54 55
56 62
59 67
60 63
