90 241
15 12 0 10 11 1 12 9 4 3 4 7 5 9 1 0 4 0 3 6 2 10 15 3 2 13 11 5 2 12 12 2 1 13 10 11 1 11 1 5 9 2147483662 10 8 12 6 11 7 11 8 2 4 12 3 9 7 4 10 0 1 11 12 3 5 13 13 6 11 6 6 0 7 14 6 14 11 1 10 4 6 13 12 6 15 7 2 2 10 12 14 
0 17
0 37
0 41
0 59
0 75
0 84
1 23
1 69
1 71
2 32
2 41
2 42
2 45
2 64
2 74
3 8
3 9
3 47
3 48
3 68
3 81
4 25
4 41
4 52
4 54
4 78
5 32
5 41
5 42
5 64
5 72
5 80
6 12
6 20
6 27
6 41
6 85
6 89
7 13
7 41
7 49
7 66
8 38
8 71
9 12
9 24
9 41
9 49
9 89
10 11
10 18
10 41
10 52
10 54
10 59
11 18
11 19
11 29
11 41
11 47
11 74
11 82
12 22
12 41
12 61
12 68
12 88
13 20
13 41
13 51
14 30
14 50
14 61
14 68
15 20
15 44
15 71
15 72
16 26
16 36
16 41
16 56
16 86
17 53
17 63
17 65
18 41
18 62
18 80
18 82
19 25
19 36
19 41
19 47
19 52
19 62
20 41
20 57
21 24
21 73
21 77
23 24
23 77
24 38
24 45
24 71
25 35
25 41
25 45
25 74
26 37
26 41
26 72
26 75
27 41
27 50
27 54
27 61
28 85
29 41
29 62
29 78
29 87
30 43
30 76
31 74
32 41
32 46
32 47
33 41
33 43
33 51
33 56
33 67
33 69
34 59
34 70
34 84
35 41
35 60
35 62
35 71
35 78
36 40
36 75
36 84
37 41
37 42
37 44
37 53
37 67
37 86
38 73
39 56
39 60
39 70
41 42
41 43
41 44
41 45
41 46
41 47
41 49
41 51
41 52
41 53
41 54
41 57
41 58
41 60
41 61
41 62
41 64
41 66
41 67
41 69
41 70
41 72
41 74
41 78
41 79
41 80
41 82
41 86
41 87
41 88
41 89
42 46
42 60
42 78
43 61
43 88
44 59
44 70
44 79
45 60
46 50
46 58
47 58
47 74
47 80
47 82
48 55
48 85
48 89
49 58
49 81
49 88
50 85
51 57
51 64
51 66
51 76
53 72
53 79
53 83
54 64
54 74
54 80
55 81
57 69
57 78
58 78
58 87
59 63
63 64
63 79
65 72
65 75
66 67
68 76
68 85
70 86
71 79
74 78
74 85
75 84
76 81
76 88
82 87
84 86
