100 447
9 7 1 23 31 12 29 26 11 24 25 28 29 24 4 15 26 18 12 30 17 17 25 31 5 14 3 0 12 22 5 0 0 31 13 11 9 14 29 21 17 28 6 17 26 1 18 21 21 27 9 23 1 11 8 1 26 8 10 16 3 0 10 9 24 23 30 8 12 28 27 12 30 16 0 21 2 18 23 6 17 29 0 13 20 3 30 4 14 6 11 3 13 10 31 26 22 26 7 21 
0 3
0 5
0 8
0 12
0 21
0 45
0 65
0 68
0 69
0 71
0 75
1 37
1 46
1 64
2 17
2 19
2 28
2 34
2 36
2 39
2 41
2 60
2 63
2 65
2 87
3 6
3 9
3 21
3 49
3 54
3 60
3 91
3 97
3 99
4 14
4 29
4 33
4 44
4 45
4 75
4 86
4 89
4 93
5 27
5 30
5 31
5 43
5 68
5 92
6 28
6 32
6 41
6 42
6 47
6 54
6 59
6 60
6 68
6 69
6 72
6 90
6 98
6 99
7 15
7 19
7 22
7 24
7 37
7 40
7 58
7 82
7 90
8 12
8 30
8 56
8 64
8 67
8 95
9 10
9 23
9 26
9 42
9 74
10 48
10 50
10 51
10 57
10 62
10 70
10 75
10 84
10 85
10 89
10 96
11 12
11 29
11 32
11 33
11 47
11 49
11 50
11 51
11 54
11 86
11 89
11 95
12 13
12 20
12 29
12 32
12 33
12 41
12 47
12 49
12 86
12 89
12 90
12 94
13 48
13 50
13 53
13 60
13 64
13 72
13 77
13 91
13 96
13 99
14 16
14 36
14 45
14 46
14 61
14 75
14 90
14 93
14 98
15 17
15 19
15 22
15 25
15 35
15 37
15 40
15 57
15 58
16 24
16 29
16 34
16 51
16 70
16 78
16 85
16 87
17 32
17 39
17 41
17 43
17 47
17 53
17 65
17 71
17 79
17 94
18 51
18 55
18 68
18 95
19 22
19 24
19 25
19 37
19 41
19 58
20 36
20 85
20 95
21 27
21 30
21 59
21 60
21 68
21 92
22 25
22 31
22 35
22 37
22 41
23 29
23 46
23 48
23 63
24 34
24 58
24 62
24 63
24 76
24 78
24 80
24 87
25 58
25 63
25 68
25 78
26 27
26 31
26 35
26 37
26 40
26 41
26 42
26 69
27 28
27 30
27 43
27 57
27 92
27 94
28 30
28 37
28 39
28 43
28 47
28 59
28 91
28 94
29 41
29 50
29 59
29 85
30 39
30 43
30 52
30 94
31 41
31 42
31 47
31 48
31 54
31 62
31 69
31 84
31 90
31 92
32 42
32 43
32 47
32 52
32 54
32 56
32 72
32 74
32 86
32 90
32 91
32 93
32 95
33 45
33 48
33 66
33 71
33 75
33 86
33 89
33 95
34 51
34 58
34 70
34 77
34 79
34 85
34 87
35 37
35 38
35 40
35 49
35 52
35 55
35 69
35 79
35 94
36 46
36 61
36 63
36 76
36 78
36 79
36 82
36 93
37 40
37 52
38 53
38 56
38 80
38 91
38 95
39 43
39 59
39 63
39 65
39 83
39 94
40 42
40 43
40 52
41 47
41 52
41 54
41 60
41 71
41 90
41 98
42 52
42 69
42 94
43 56
43 65
43 84
44 55
44 60
44 85
45 54
45 61
45 75
45 86
45 87
45 89
45 93
45 97
46 60
46 61
46 63
46 71
46 75
46 76
46 82
46 83
46 93
47 49
47 52
47 53
47 54
47 69
47 82
47 90
47 95
47 97
48 50
48 51
48 60
48 70
48 96
49 54
49 57
49 84
50 91
50 96
50 97
51 70
51 77
51 96
52 59
52 71
53 66
53 71
53 72
53 96
54 55
54 67
54 69
54 82
54 87
54 90
54 93
54 95
55 57
55 66
55 88
55 91
55 97
56 72
57 72
57 75
57 79
57 84
58 78
58 87
59 66
59 69
59 80
60 81
60 92
60 97
61 65
61 75
61 76
61 82
62 94
63 65
63 76
63 82
63 98
64 69
65 76
66 71
66 95
67 74
67 75
67 88
68 91
68 92
68 97
69 71
70 75
70 85
70 87
71 75
71 82
72 85
73 92
73 95
75 89
76 79
77 88
78 85
78 87
78 95
79 82
79 89
79 98
80 97
81 88
82 85
83 94
85 93
86 89
86 95
86 96
89 93
90 95
91 97
92 97
92 98
95 96
95 97
95 99
96 99
