100 296
28 6 23 22 6 28 13 28 20 0 4 4 0 8 2 10 17 7 16 22 26 10 25 21 3 7 9 17 17 17 31 7 27 16 27 2 20 3 27 25 0 3 10 8 29 10 26 7 5 4 20 15 20 27 31 25 15 26 31 28 20 15 24 0 24 0 19 21 17 7 31 12 12 14 22 26 10 5 12 25 9 30 17 8 15 21 31 9 7 24 4 12 14 2 4 24 6 4 16 6 
0 12
0 20
0 36
0 50
0 64
0 66
0 86
1 5
1 11
1 14
1 34
1 41
1 71
1 72
1 90
2 10
2 16
2 28
2 38
2 45
2 51
2 57
2 99
3 14
3 43
3 91
4 21
4 42
4 46
4 58
4 91
5 26
5 30
5 34
5 41
5 69
5 71
5 73
6 7
6 36
6 74
7 10
7 42
7 48
7 60
7 64
7 89
8 11
8 30
8 46
8 73
9 14
9 21
9 42
9 50
9 54
9 56
9 75
9 78
10 19
10 28
10 38
10 45
10 83
10 99
11 32
12 19
12 20
12 36
12 64
12 93
12 97
13 15
13 19
13 40
13 59
14 15
14 34
14 44
14 56
14 72
14 78
15 22
16 17
16 28
16 40
16 80
16 99
17 28
17 29
17 40
17 60
17 80
18 28
18 37
18 43
18 92
18 99
19 23
19 34
19 50
19 57
20 32
20 64
20 83
20 93
20 97
21 32
21 36
21 37
21 50
21 54
21 66
21 75
21 78
22 66
22 74
22 82
22 83
23 26
23 28
23 59
23 63
23 65
24 33
25 31
25 39
25 49
25 53
25 55
25 77
26 56
26 63
26 88
27 38
27 43
27 49
27 71
27 85
28 40
28 99
29 55
29 60
29 80
29 84
29 95
30 35
30 41
30 46
30 61
30 63
30 69
30 73
30 81
30 87
30 96
31 39
31 55
31 77
31 84
31 95
32 44
32 99
33 35
33 44
33 46
33 49
33 51
33 53
33 58
33 59
33 77
33 94
34 37
34 51
34 56
34 62
34 63
34 71
34 72
34 79
35 46
35 49
35 67
35 81
35 94
36 50
36 64
36 66
36 89
37 63
37 68
37 90
37 91
38 45
38 83
38 97
38 99
39 53
39 55
39 76
39 77
39 84
40 60
40 79
40 80
40 99
41 69
41 71
41 81
42 47
42 65
42 68
42 72
42 81
43 81
43 94
44 66
44 77
44 78
45 48
45 70
45 83
45 93
45 97
46 69
46 73
46 81
46 94
47 65
47 77
48 67
49 53
49 77
49 94
50 66
50 75
52 54
52 56
53 62
53 77
53 94
54 57
54 86
55 84
55 95
56 72
56 75
56 78
56 85
57 86
57 90
58 68
59 63
59 69
60 80
60 84
60 95
62 65
62 68
62 69
63 76
63 89
64 66
64 82
64 92
64 93
65 78
66 75
68 83
69 71
69 81
69 88
69 96
71 72
72 74
72 78
73 88
74 95
74 97
75 78
76 91
78 79
79 82
80 95
80 98
81 94
83 93
83 97
84 95
84 98
86 90
88 92
91 93
91 99
93 97
