90 259
5 6 7 10 6 6 13 5 13 0 9 0 7 10 7 1 15 12 15 0 14 13 6 11 3 14 2 6 5 8 2 0 9 9 13 9 11 6 15 9 13 10 12 2 0 2147483655 4 1 14 1 2 11 14 2 1 14 15 3 7 1 8 10 3 15 9 7 8 2 7 10 1 6 3 15 6 12 8 13 1 8 2 8 11 9 6 14 12 0 5 5 
0 4
0 26
0 59
0 64
0 88
1 6
1 11
1 74
1 75
2 12
2 20
2 27
2 30
2 45
2 46
2 80
3 15
3 17
3 26
3 31
3 45
3 49
3 81
4 14
4 21
4 33
4 59
4 74
5 18
5 27
5 30
5 45
5 54
5 78
6 10
6 51
6 67
7 12
7 18
7 27
7 45
8 17
8 22
8 26
8 38
8 45
8 49
9 10
9 20
9 30
9 31
9 45
9 78
9 88
10 15
10 45
10 70
10 76
10 81
11 13
11 34
11 47
12 22
12 38
12 41
12 45
12 80
13 33
13 75
13 80
14 36
14 42
14 45
14 52
15 31
15 45
15 75
15 78
16 17
16 19
16 35
16 39
16 59
16 73
16 83
17 25
17 45
18 22
18 45
18 55
19 41
19 44
19 45
19 61
19 62
19 66
19 79
20 45
20 69
21 57
21 58
21 68
22 25
22 30
22 45
22 78
23 29
23 33
23 42
23 45
23 51
23 61
23 73
23 74
23 87
24 29
24 34
24 56
24 74
24 79
25 45
25 55
25 64
25 65
25 81
26 30
26 31
26 45
26 46
27 45
27 50
28 35
28 37
28 49
28 53
28 72
28 73
28 80
29 45
29 48
29 53
29 84
30 45
30 81
31 45
31 69
32 37
32 45
32 72
33 41
33 45
33 57
33 64
34 76
35 41
35 70
35 89
36 45
36 72
37 45
37 52
37 85
38 45
38 46
39 44
39 49
39 58
39 86
40 65
40 69
40 72
41 45
41 53
41 64
41 86
41 88
42 45
42 63
42 67
43 67
43 82
44 45
44 58
44 71
44 87
45 46
45 48
45 51
45 52
45 53
45 54
45 55
45 57
45 61
45 62
45 63
45 64
45 66
45 69
45 70
45 71
45 72
45 78
45 81
45 84
45 85
45 87
45 88
46 69
46 86
47 80
48 56
48 61
49 83
49 87
50 84
51 57
51 58
51 84
52 63
52 72
53 62
54 55
54 70
54 81
55 83
56 59
57 60
58 74
58 79
59 61
59 74
60 69
61 64
61 79
62 71
62 73
63 78
63 85
64 79
66 83
66 87
66 88
67 75
70 78
71 78
71 86
72 81
73 76
73 86
73 88
74 80
75 82
77 81
77 82
79 84
80 82
83 89
88 89
