100 296
21 5 27 20 20 9 12 26 18 14 1 17 25 20 17 26 18 8 23 22 17 3 8 19 26 5 21 22 23 1 27 22 8 6 20 26 3 29 15 16 17 25 5 12 2 12 1 5 6 23 9 28 10 19 10 20 25 9 18 17 6 17 31 2 10 16 9 11 13 20 30 11 17 29 30 25 21 29 17 27 19 8 14 18 12 8 3 25 22 12 22 16 29 30 16 4 29 10 20 9 
0 5
0 6
0 8
0 9
0 12
0 38
0 59
1 59
1 68
2 29
2 55
2 91
2 97
3 21
3 24
3 48
4 5
4 32
4 50
4 52
5 42
5 52
5 74
6 8
6 10
6 20
6 28
6 42
6 49
6 50
6 55
6 66
6 89
7 10
7 28
7 50
7 66
7 72
7 90
8 62
8 64
8 82
9 26
9 27
9 31
9 32
9 50
9 71
9 75
9 97
10 48
10 65
10 66
10 90
10 93
10 94
11 20
11 22
12 69
12 76
12 79
12 92
13 43
13 81
13 82
14 17
14 48
14 57
14 98
14 99
15 66
15 67
15 71
15 90
16 40
16 56
16 58
17 18
17 24
17 40
17 57
17 60
17 63
17 81
17 83
17 85
17 96
18 19
18 29
18 63
18 81
18 82
18 98
19 48
19 52
19 62
19 69
19 76
19 84
20 24
20 35
20 47
20 51
20 52
20 65
20 66
20 86
20 98
21 62
21 68
21 73
22 27
22 61
22 70
22 71
22 75
22 81
22 98
23 39
23 40
23 52
24 41
24 42
24 52
24 57
24 73
24 75
25 87
25 92
25 93
26 38
26 53
26 78
27 56
27 96
28 50
28 60
28 65
28 66
28 79
28 90
29 38
29 49
29 61
29 66
29 89
30 66
30 87
30 97
31 52
31 69
31 90
31 95
32 41
32 95
33 79
33 82
33 83
34 53
34 72
34 89
34 92
35 69
35 93
35 94
36 57
36 61
36 67
36 69
36 70
37 42
37 58
37 61
37 82
37 88
37 92
38 49
38 75
38 77
39 47
39 52
39 60
39 64
40 43
40 77
40 98
41 80
41 87
41 94
42 59
42 60
42 93
43 78
43 84
44 53
44 65
44 77
44 81
45 62
45 77
45 81
46 49
46 52
46 99
47 60
47 64
47 96
48 68
48 79
48 87
48 89
48 97
50 61
50 65
50 66
50 68
50 71
50 79
50 90
52 80
52 88
53 66
53 95
54 69
54 70
54 95
55 65
55 66
55 90
55 95
56 67
56 95
56 98
57 69
57 74
57 91
58 68
58 71
58 86
59 86
60 74
61 62
61 78
61 87
61 89
61 96
62 65
62 78
62 83
62 89
62 92
63 80
64 74
64 88
65 66
65 70
65 77
65 85
65 90
66 90
66 98
67 87
68 83
68 84
68 91
69 94
69 95
70 84
70 86
70 97
71 73
71 79
71 85
71 89
73 80
73 92
75 84
75 97
76 79
76 83
77 96
77 98
78 79
78 86
79 82
79 83
79 93
80 97
84 87
84 88
86 97
87 91
87 92
88 97
88 98
91 97
