70 199
8 7 9 15 4 6 2 9 14 13 9 5 11 13 6 5 2 14 6 9 12 0 6 9 3 2 5 11 11 12 6 8 13 0 8 3 2 7 1 8 15 7 8 14 5 5 9 6 3 12 1 5 12 3 6 11 4 14 2 11 4 5 10 2 1 11 3 5 12 8 
0 8
0 9
0 10
0 20
0 46
0 55
1 3
1 6
1 12
1 29
1 30
1 32
1 49
1 54
1 67
2 14
2 54
2 63
3 11
3 12
3 16
3 29
3 35
3 40
3 57
3 59
4 12
4 27
4 32
4 51
4 54
4 68
5 6
5 10
5 25
5 41
5 47
5 53
6 29
6 39
6 52
6 63
7 11
7 12
7 13
7 22
7 38
8 33
8 60
9 11
9 28
9 29
9 40
9 51
9 58
9 59
9 67
10 20
10 21
10 25
11 23
11 36
12 20
12 48
12 59
13 46
13 64
14 21
14 23
14 30
14 59
14 66
15 18
15 49
16 19
16 39
16 45
16 53
16 54
16 57
17 50
17 55
17 67
17 69
18 32
18 44
18 46
18 61
19 32
19 46
19 66
20 29
20 37
20 53
20 61
21 27
22 26
22 41
22 54
23 24
23 39
23 48
23 52
24 27
24 60
24 63
24 65
25 32
25 33
25 51
25 54
25 65
26 27
26 50
26 56
26 57
26 68
26 69
27 28
27 40
27 54
27 57
27 59
27 64
28 33
28 41
28 47
28 50
28 52
28 65
28 69
29 44
29 53
29 54
29 68
30 33
30 43
30 50
30 56
30 68
31 34
31 39
31 40
31 42
31 44
31 53
31 60
31 66
32 40
32 42
32 49
32 58
32 63
33 40
33 49
33 64
34 67
35 39
35 44
35 68
35 69
36 38
36 68
38 39
38 47
38 53
38 61
38 64
38 65
39 61
40 43
40 44
40 68
41 44
41 53
43 59
44 62
44 67
45 55
45 69
47 66
48 49
49 50
49 52
49 55
50 67
51 64
51 69
52 61
53 63
54 58
55 57
56 60
56 64
57 59
58 65
59 69
61 66
67 68
