50 115
5 1 7 0 1 5 3 1 4 4 3 6 5 1 3 5 7 2 2 0 6 3 3 3 4 3 3 1 5 3 2 6 1 3 6 0 6 1 5 5 1 2 4 5 1 1 5 7 4 3 
0 9
0 32
0 49
1 7
1 34
1 35
1 36
1 40
2 3
2 7
2 25
2 26
2 39
2 41
2 46
2 49
3 12
3 15
3 44
3 48
4 34
4 35
4 37
4 40
4 44
5 14
5 22
5 28
5 30
5 40
6 7
6 24
6 27
6 29
6 43
7 16
7 26
7 40
7 42
8 39
8 46
9 20
9 23
9 27
9 47
10 21
10 30
11 14
11 24
11 43
12 19
12 31
12 45
13 17
13 20
13 23
13 29
13 46
13 48
14 30
14 36
14 44
15 29
15 42
15 45
15 47
16 23
16 27
16 35
17 29
17 38
17 47
18 21
18 30
18 34
18 44
19 42
20 31
20 49
21 33
21 49
22 26
22 41
22 46
23 25
23 47
24 25
24 26
25 29
25 38
25 45
26 36
26 41
27 32
28 37
28 41
28 44
29 34
29 39
29 48
30 41
31 42
31 48
32 43
32 47
33 34
33 36
34 40
35 47
35 48
37 38
37 47
38 41
39 45
42 49
