60 333
7 3 9 12 13 1 14 10 14 8 5 12 14 5 13 8 9 14 8 8 11 6 1 8 7 10 15 7 11 4 3 9 4 2 10 1 7 1 13 14 15 5 10 15 15 8 0 3 11 13 8 11 6 2 10 12 15 1 5 9 
0 4
0 15
0 26
0 35
0 41
0 49
1 3
1 16
1 20
1 23
1 25
1 28
1 29
1 34
1 43
1 46
1 50
2 3
2 5
2 8
2 14
2 24
2 27
2 32
2 35
2 43
2 52
2 55
3 4
3 5
3 7
3 10
3 11
3 16
3 23
3 25
3 28
3 29
3 31
3 38
3 41
3 43
3 45
3 53
3 54
4 20
4 22
4 25
4 32
4 51
4 52
5 7
5 12
5 13
5 14
5 22
5 29
5 31
5 36
5 38
5 40
5 41
5 42
5 44
5 48
5 50
5 53
5 55
5 56
6 13
6 15
6 16
6 22
6 24
6 33
6 44
6 49
6 50
6 52
7 10
7 13
7 15
7 24
7 30
7 35
7 40
7 42
7 59
8 14
8 15
8 25
8 30
8 35
8 46
8 48
8 51
8 52
8 54
8 57
8 58
9 11
9 17
9 22
9 29
9 40
9 42
9 44
9 49
9 50
9 53
9 56
10 14
10 29
10 33
10 45
10 46
10 54
11 13
11 14
11 19
11 20
11 23
11 38
11 43
11 46
11 51
11 52
11 55
12 15
12 18
12 19
12 30
12 39
12 42
12 43
12 44
12 47
12 51
12 53
12 54
12 58
13 15
13 17
13 26
13 31
13 33
13 40
13 41
13 45
13 49
13 53
13 55
13 59
14 16
14 20
14 29
14 35
14 40
14 41
14 47
14 48
15 19
15 21
15 23
15 37
15 41
15 47
15 53
15 59
16 25
16 30
16 32
16 37
16 57
17 19
17 26
17 29
17 33
17 34
17 35
17 39
17 49
17 52
18 21
18 37
18 45
18 55
18 57
19 20
19 31
19 37
19 39
19 50
19 53
19 55
19 58
20 22
20 42
20 43
20 55
21 35
21 43
21 50
21 57
22 23
22 26
22 28
22 32
22 34
22 43
22 50
22 55
23 30
23 36
23 38
23 40
23 43
23 45
23 48
24 25
24 29
24 31
24 34
24 37
24 43
24 44
24 47
24 49
25 28
25 31
25 36
25 37
25 55
25 56
25 58
26 33
26 40
26 42
26 48
26 50
26 52
26 54
27 32
27 34
27 47
27 57
28 30
28 43
28 48
28 50
28 52
28 58
29 33
29 46
29 50
29 55
30 39
30 44
30 49
30 57
31 34
31 41
31 46
31 47
31 49
31 50
31 52
31 58
32 46
32 56
32 59
33 35
33 36
33 47
33 48
33 52
33 53
33 55
34 36
34 45
34 50
34 58
34 59
35 36
36 37
36 44
36 47
36 49
36 53
36 58
36 59
37 47
37 48
38 46
38 49
38 54
39 41
39 56
39 58
40 42
40 44
40 48
41 46
41 49
41 54
41 55
42 43
42 45
42 50
42 51
42 53
42 55
42 58
43 46
43 50
43 51
43 54
44 53
44 59
45 58
46 47
46 50
46 53
46 57
46 58
48 58
51 55
52 53
53 56
53 58
54 55
55 59
56 58
