100 220
6 18 0 22 7 31 21 3 15 17 20 0 9 19 3 2 23 20 19 3 4 14 25 27 28 22 2 27 4 17 4 30 12 0 4 21 11 19 29 11 12 8 18 5 26 3 19 18 26 29 22 24 7 29 14 9 18 20 11 26 5 18 5 29 19 15 16 24 26 13 6 29 15 28 23 4 15 0 11 10 21 18 11 1 28 1 29 3 17 21 20 21 31 16 23 20 17 17 22 12 
0 10
0 22
0 87
0 94
1 23
1 77
2 12
2 24
2 46
2 83
2 91
2 99
3 18
3 19
3 20
3 65
3 67
3 98
4 6
4 23
4 50
4 67
5 10
5 37
5 49
6 16
6 81
7 20
7 71
7 77
7 79
7 82
7 89
8 24
8 35
8 67
9 11
9 23
9 68
9 77
10 20
10 32
10 75
10 77
10 86
10 97
11 58
12 55
12 85
12 89
12 94
13 43
13 55
14 24
14 61
14 67
14 69
15 61
15 67
15 96
16 26
16 46
16 82
17 37
17 85
18 23
18 25
18 67
18 70
18 74
19 22
19 45
19 74
19 78
19 88
20 25
20 36
20 40
20 44
20 89
21 62
21 76
21 77
22 27
22 69
22 91
22 95
23 71
23 98
24 51
24 63
24 90
24 92
25 71
25 78
25 99
26 33
26 53
26 60
26 78
26 81
27 36
27 86
28 54
28 57
28 68
28 72
28 76
28 95
29 34
29 48
29 97
30 32
30 45
30 75
30 90
31 43
31 57
32 89
32 94
33 41
33 63
33 82
33 85
34 71
34 73
34 85
35 38
35 47
35 63
35 82
36 44
36 61
36 84
36 98
38 86
39 40
39 50
39 64
40 48
40 62
40 71
41 42
42 47
42 68
42 79
43 66
43 89
44 56
44 84
45 76
45 84
45 94
47 72
47 78
47 81
48 62
48 63
49 58
51 58
51 64
51 69
51 83
51 91
52 69
52 72
52 86
52 94
53 87
54 61
54 69
54 95
55 65
55 98
56 92
56 98
57 67
57 86
57 88
58 75
58 77
59 78
60 85
61 64
61 65
61 68
62 64
62 84
63 73
63 83
64 67
65 88
65 92
66 75
66 85
67 77
67 90
67 93
70 75
70 94
72 91
74 91
74 99
75 77
75 83
76 78
76 81
76 97
77 82
77 91
78 82
78 85
78 94
79 92
80 81
80 95
83 85
88 95
89 99
94 99
