40 79
2 2 5 1 5 1 3 7 7 2 0 1 2 2 5 0 7 6 1 7 0 1 6 3 7 2 3 0 4 2 4 6 3 0 2 2 1 3 3 5 
0 2
0 5
0 9
0 10
0 13
0 24
0 26
0 34
1 15
1 16
1 31
2 6
2 10
2 18
2 37
3 8
3 29
4 12
4 22
4 24
5 17
5 32
6 22
6 28
6 29
7 8
7 12
7 19
7 30
7 35
8 26
8 27
8 28
8 35
9 24
10 31
11 25
12 20
12 37
13 18
14 29
14 38
15 18
15 19
15 23
15 29
15 32
15 36
16 17
16 21
16 27
17 23
17 28
17 29
17 37
18 23
18 32
19 27
19 30
19 37
19 38
20 27
20 33
20 36
20 37
21 22
21 24
21 33
22 29
22 30
22 39
24 26
24 32
24 39
25 39
27 29
28 29
28 33
28 39
