100 159
20 15 22 26 1 30 15 9 27 6 18 5 13 4 27 29 26 20 15 9 0 16 6 7 7 31 5 18 17 29 25 21 4 4 3 22 9 7 6 10 27 26 14 15 2 12 23 13 10 19 4 24 22 14 4 11 30 5 17 11 11 22 26 6 14 17 21 25 2 0 24 27 24 29 20 26 19 16 21 6 19 28 18 10 6 4 13 4 16 4 21 25 17 23 26 1 11 17 14 27 
0 28
0 42
1 14
1 36
2 36
2 59
2 92
3 17
3 72
3 73
3 86
3 92
4 17
4 80
5 42
5 61
6 27
6 59
7 72
8 45
8 76
8 85
9 10
9 60
9 75
9 87
11 29
11 38
11 40
11 59
12 49
12 71
13 31
13 50
14 36
14 88
14 92
15 40
16 63
16 72
16 82
17 40
17 55
17 84
17 92
17 96
18 74
18 94
19 39
19 76
19 86
19 99
20 47
20 48
20 62
20 78
20 85
21 23
21 35
21 43
22 75
22 78
23 41
23 68
23 76
24 89
25 51
25 60
26 49
26 54
26 63
26 91
27 82
27 83
28 63
28 69
29 30
29 48
29 89
30 78
30 90
31 36
31 59
31 66
31 88
31 92
32 33
33 77
34 39
34 80
34 86
36 51
36 92
37 57
37 85
38 59
38 78
39 65
39 69
40 60
40 72
42 98
42 99
43 99
44 45
44 47
44 77
45 48
45 87
45 96
46 79
48 78
49 54
51 57
51 60
51 65
52 70
52 74
52 86
53 62
53 71
53 86
55 92
56 74
57 99
58 93
59 63
59 64
60 70
60 77
60 96
63 88
63 91
63 92
65 83
66 83
67 74
67 97
69 95
70 72
70 86
71 73
71 83
72 79
73 90
74 87
74 88
76 92
79 86
80 96
81 85
82 97
86 92
86 94
86 96
87 97
88 92
92 93
92 96
