50 74
3 6 3 3 3 3 5 6 7 6 4 4 5 1 5 3 2 2 0 1 1 4 5 1 7 3 3 5 4 7 4 1 4 5 2 1 1 5 1 3 6 7 4 6 7 7 0 4 6 0 
0 20
0 28
0 43
0 49
1 22
1 24
1 30
2 10
2 35
2 45
3 15
3 33
3 34
3 48
4 10
4 22
4 25
5 26
5 27
5 45
6 12
6 15
6 23
7 11
7 27
8 17
8 20
8 43
9 17
10 11
10 33
11 24
11 25
11 39
11 41
13 15
13 17
13 29
13 34
14 49
15 22
16 20
16 47
17 35
17 46
18 22
18 40
19 20
19 44
19 49
21 45
22 33
22 42
24 26
24 27
25 26
27 38
27 44
28 37
30 34
31 39
32 35
32 42
33 37
33 40
33 47
34 35
35 43
35 46
36 40
40 48
41 44
44 45
45 49
