60 636
12 5 1 9 11 3 5 7 0 6 5 10 1 3 9 12 1 1 5 4 9 6 0 12 13 0 4 3 9 1 0 4 2 9 11 5 7 0 6 10 5 6 13 15 5 5 13 14 14 14 10 11 8 1 2 5 0 0 13 7 
0 1
0 2
0 4
0 5
0 13
0 17
0 18
0 19
0 21
0 25
0 26
0 27
0 32
0 33
0 36
0 38
0 40
0 48
0 53
0 54
0 55
0 58
0 59
1 4
1 10
1 15
1 18
1 20
1 21
1 27
1 33
1 34
1 36
1 41
1 42
1 45
1 46
1 49
1 51
1 55
1 56
2 6
2 7
2 8
2 10
2 11
2 15
2 17
2 24
2 27
2 30
2 31
2 32
2 34
2 35
2 37
2 40
2 45
2 48
2 50
2 54
2 58
3 5
3 6
3 10
3 12
3 13
3 16
3 18
3 20
3 21
3 24
3 26
3 27
3 30
3 31
3 32
3 33
3 36
3 38
3 41
3 44
3 45
3 46
3 49
3 50
3 54
3 55
3 56
3 59
4 5
4 6
4 8
4 9
4 10
4 12
4 15
4 18
4 23
4 26
4 40
4 41
4 43
4 46
4 47
4 50
4 51
4 53
4 54
4 56
4 57
4 59
5 7
5 12
5 18
5 22
5 25
5 28
5 29
5 31
5 34
5 35
5 36
5 38
5 39
5 41
5 42
5 44
5 46
5 49
5 50
5 51
5 53
5 54
5 56
5 57
6 8
6 9
6 10
6 11
6 12
6 18
6 20
6 21
6 23
6 30
6 32
6 33
6 37
6 38
6 41
6 46
6 47
6 49
6 52
6 56
7 12
7 15
7 17
7 19
7 24
7 26
7 27
7 30
7 32
7 34
7 38
7 45
7 46
7 52
7 58
7 59
8 10
8 15
8 22
8 27
8 29
8 32
8 34
8 35
8 37
8 38
8 40
8 46
8 54
8 55
8 56
8 58
9 11
9 12
9 16
9 22
9 23
9 26
9 27
9 33
9 35
9 37
9 38
9 39
9 41
9 42
9 52
9 53
9 54
9 55
9 56
10 11
10 12
10 13
10 17
10 18
10 20
10 22
10 26
10 32
10 34
10 36
10 39
10 46
10 49
10 50
10 51
10 53
10 54
10 59
11 13
11 14
11 17
11 25
11 26
11 27
11 37
11 39
11 42
11 43
11 44
11 53
11 54
11 56
11 58
11 59
12 14
12 15
12 18
12 27
12 33
12 37
12 41
12 42
12 47
12 49
12 51
12 52
12 53
12 57
13 14
13 18
13 20
13 30
13 32
13 33
13 37
13 38
13 43
13 45
13 46
13 48
13 57
14 15
14 23
14 29
14 30
14 46
14 47
14 49
14 54
14 56
14 57
15 18
15 20
15 22
15 23
15 26
15 30
15 34
15 36
15 39
15 41
15 43
15 44
15 45
15 48
15 51
15 53
15 54
15 58
15 59
16 21
16 26
16 27
16 29
16 31
16 33
16 34
16 36
16 37
16 39
16 41
16 44
16 45
16 47
16 51
16 53
16 56
16 57
17 20
17 25
17 31
17 43
17 46
17 47
17 48
17 55
17 58
17 59
18 19
18 20
18 22
18 28
18 31
18 35
18 38
18 40
18 41
18 44
18 46
18 52
18 54
18 55
18 57
18 58
19 21
19 22
19 24
19 35
19 36
19 37
19 40
19 41
19 43
19 44
19 45
19 46
19 48
19 50
19 52
19 53
19 55
19 56
19 59
20 24
20 27
20 28
20 30
20 32
20 36
20 38
20 39
20 41
20 45
20 46
20 47
20 53
20 58
20 59
21 24
21 25
21 26
21 38
21 40
21 45
21 46
21 47
21 53
21 55
21 58
22 24
22 32
22 34
22 35
22 40
22 42
22 45
22 51
22 53
22 58
22 59
23 25
23 30
23 31
23 36
23 37
23 43
23 46
23 50
23 51
23 54
24 26
24 27
24 32
24 34
24 37
24 40
24 42
24 48
24 51
24 52
24 54
24 59
25 29
25 30
25 33
25 34
25 35
25 37
25 38
25 41
25 42
25 46
25 47
25 50
25 51
25 55
25 56
25 58
26 29
26 32
26 33
26 39
26 40
26 43
26 46
26 47
26 50
26 51
26 52
26 53
26 54
26 57
27 29
27 36
27 37
27 38
27 40
27 44
27 45
27 48
27 51
27 54
27 57
28 29
28 34
28 36
28 38
28 42
28 44
28 45
28 47
28 48
28 59
29 35
29 43
29 44
29 46
29 56
29 58
30 32
30 33
30 37
30 45
30 51
30 53
30 59
31 34
31 37
31 38
31 43
31 49
31 50
31 51
31 55
31 57
31 58
32 33
32 36
32 37
32 38
32 40
32 48
32 51
32 53
32 54
32 55
32 56
33 34
33 36
33 39
33 40
33 41
33 51
33 52
33 53
33 54
33 56
33 57
33 59
34 42
34 43
34 50
34 51
34 52
34 53
34 55
35 38
35 40
35 42
35 44
35 48
35 49
35 51
35 54
35 56
35 57
35 58
36 38
36 39
36 40
36 41
36 42
36 43
36 46
36 49
36 50
36 51
36 53
36 54
37 38
37 43
37 50
37 52
37 56
38 40
38 46
38 49
38 59
39 40
39 41
39 42
39 47
39 48
39 49
39 51
39 56
39 58
39 59
40 43
40 44
40 46
40 47
40 50
40 59
41 43
41 45
41 46
41 50
41 53
41 54
41 56
41 57
42 43
42 46
42 47
42 51
42 52
42 53
42 56
42 57
42 58
42 59
43 44
43 45
43 48
43 52
43 55
43 56
44 45
44 53
44 56
45 46
45 55
45 58
46 49
46 51
46 53
46 54
46 55
46 56
46 57
47 49
47 57
48 51
48 56
48 58
48 59
49 50
49 51
49 54
49 55
50 52
50 54
50 55
51 52
51 56
51 59
52 55
52 56
52 57
52 59
54 55
54 56
54 57
54 59
55 57
55 58
56 59
