70 196
7 14 8 7 5 9 9 0 13 7 3 7 12 12 14 1 1 3 0 0 10 12 6 10 9 8 8 4 7 12 11 8 0 12 1 6 4 14 4 11 11 14 2 4 10 0 9 10 1 1 14 0 8 12 4 6 0 6 8 7 6 11 6 10 5 11 10 5 7 10 
0 7
0 21
0 22
0 42
0 58
0 66
0 69
1 26
1 36
1 47
1 56
2 6
2 32
2 40
2 59
2 69
3 16
3 21
3 23
3 25
3 30
3 60
4 10
4 21
4 39
5 9
5 12
5 20
5 47
5 54
5 56
5 65
5 69
6 11
6 23
6 36
6 45
6 46
6 50
6 64
7 35
7 40
7 42
7 46
7 57
7 63
7 66
8 27
8 29
8 44
8 48
8 51
8 56
8 65
9 12
9 20
9 33
9 40
9 41
9 57
9 67
10 17
10 25
10 34
10 38
10 66
11 17
11 22
11 26
11 37
11 51
11 67
12 17
12 50
13 26
13 46
14 19
14 36
14 40
14 42
14 60
15 19
15 21
15 24
16 18
16 23
16 27
16 33
16 54
16 65
17 21
17 25
17 27
17 34
17 49
17 62
17 65
18 57
18 62
19 36
19 48
19 50
19 60
20 41
20 43
20 44
20 49
20 50
20 51
20 53
21 38
21 55
21 58
22 50
22 52
22 56
23 53
23 61
23 66
24 30
24 42
24 64
24 65
24 69
25 51
25 55
25 68
26 39
26 42
26 51
27 29
27 30
27 48
27 50
27 51
27 65
28 48
28 49
28 60
28 64
28 68
29 36
29 55
29 61
30 38
30 51
31 34
31 42
31 46
31 58
32 44
32 46
35 40
35 62
37 38
37 43
37 53
37 63
37 65
38 40
38 51
38 55
38 58
38 64
39 52
40 61
40 64
40 66
41 58
43 45
43 54
44 51
44 67
45 46
45 54
45 60
45 61
45 64
46 67
47 52
47 62
47 63
48 51
48 63
49 63
49 65
52 58
54 60
54 63
55 59
58 67
59 68
62 67
64 66
65 67
66 67
