70 194
10 7 11 6 0 15 14 13 9 13 6 7 9 1 6 3 1 6 7 9 6 8 3 11 5 13 14 2 13 5 12 13 9 0 14 11 7 15 6 6 11 15 1 11 12 8 7 14 6 3 7 2 6 1 10 14 7 9 7 10 4 14 7 4 5 5 6 9 8 14 
0 61
0 64
0 66
1 7
1 21
1 24
1 46
1 58
2 8
2 10
2 44
2 46
2 62
3 14
3 21
3 37
3 54
3 60
3 61
4 14
4 31
4 36
4 64
5 13
5 17
5 46
6 44
6 50
6 65
6 68
7 21
7 32
8 9
8 14
8 23
8 28
8 38
8 47
8 48
9 50
9 51
9 65
9 66
10 18
10 21
10 38
11 18
11 22
11 29
11 44
11 60
11 61
11 63
11 65
12 24
12 33
12 40
12 45
12 59
13 23
13 25
13 27
13 37
13 50
13 52
13 59
14 38
14 42
14 66
15 42
15 49
15 58
16 23
16 41
16 44
16 46
16 58
17 20
17 31
17 35
17 37
17 39
17 66
18 26
18 58
19 46
19 56
20 22
20 24
20 25
20 28
20 45
20 50
20 55
21 29
21 31
22 43
22 44
22 55
22 64
23 38
23 47
23 50
23 66
24 37
24 44
24 54
24 56
24 66
24 68
25 35
25 42
25 47
25 49
25 50
25 52
26 42
26 45
26 57
26 65
27 33
27 45
27 46
27 52
28 36
28 56
28 66
29 58
29 65
29 69
30 50
31 44
31 52
31 56
31 57
32 40
32 45
32 52
33 46
33 54
33 65
34 37
34 54
34 66
35 45
35 55
35 57
36 50
36 53
37 40
37 46
37 55
37 60
38 40
38 44
38 51
39 43
39 45
39 66
40 44
40 57
41 58
41 68
42 66
43 54
43 55
43 67
44 45
44 62
44 69
45 52
45 62
45 67
45 68
46 47
46 54
46 67
46 68
47 55
48 51
48 68
49 54
49 58
49 60
50 58
51 53
52 53
55 69
56 64
63 64
63 65
66 67
66 69
67 69
