90 197
1 11 13 13 10 1 13 6 6 10 4 10 14 8 11 1 10 8 6 12 6 9 6 13 2 5 14 12 9 10 0 3 4 1 1 5 5 0 4 9 1 5 12 5 12 8 14 3 6 10 4 13 15 7 1 13 1 15 4 0 1 11 9 3 11 4 11 9 4 1 5 3 1 14 3 3 4 4 14 12 14 2 13 7 2 8 4 13 1 2 
0 29
0 58
0 63
0 70
0 80
1 9
1 12
1 30
1 75
1 82
2 26
2 73
3 11
3 23
3 32
3 41
3 73
4 11
4 26
4 28
4 41
4 50
4 62
4 64
5 19
5 65
5 74
5 80
6 13
6 21
6 59
6 75
7 13
7 22
7 57
8 13
8 81
8 84
9 49
9 51
9 60
9 72
10 26
10 35
10 75
10 88
11 21
11 24
11 41
11 45
11 54
11 59
12 73
13 73
14 22
14 47
14 54
15 41
16 31
16 33
16 45
16 60
17 38
17 50
17 58
17 66
17 72
18 27
18 30
18 64
19 32
19 70
19 83
20 29
20 40
20 86
21 23
21 29
21 49
21 51
21 88
22 59
23 58
24 32
24 33
24 41
24 47
24 58
24 64
25 48
25 61
25 78
26 58
26 61
27 36
27 38
27 39
28 49
28 62
28 71
28 77
28 81
28 88
29 41
29 44
29 48
29 72
30 40
31 50
31 60
31 74
32 55
32 56
32 67
32 70
33 47
34 68
34 85
35 85
36 60
36 73
36 82
37 55
37 63
38 46
38 48
38 69
38 83
38 87
39 54
39 55
40 43
40 68
40 71
41 48
41 55
41 57
41 59
41 64
41 67
41 69
41 72
42 69
42 81
43 72
44 70
46 67
46 73
46 76
46 85
47 49
47 66
47 67
47 88
48 49
48 64
48 67
49 64
49 72
49 85
50 65
50 74
50 84
52 60
52 79
53 64
54 60
54 67
54 77
55 56
55 64
58 60
58 72
58 84
58 86
60 89
61 71
61 76
63 84
64 82
67 72
67 87
68 85
69 72
69 82
69 83
71 81
72 88
73 76
75 78
75 81
76 85
77 83
79 87
79 89
81 82
87 89
