70 171
5 14 15 11 4 5 0 0 12 10 1 3 10 4 10 2 5 7 0 14 8 15 8 0 14 11 8 2 11 13 6 9 4 7 3 10 6 12 11 1 0 13 13 11 14 4 8 13 10 11 13 9 1 11 1 14 15 14 12 10 13 0 5 5 1 11 8 13 15 1 
0 27
0 28
0 49
1 19
1 32
1 42
1 59
1 63
1 69
2 5
2 34
2 36
2 44
2 60
2 66
3 12
3 64
4 10
4 12
4 42
4 44
4 52
4 53
4 59
5 20
5 38
5 58
6 10
6 11
6 60
6 67
7 27
7 40
7 41
8 48
8 49
9 39
9 41
9 47
9 49
9 67
10 16
10 23
10 37
10 49
10 56
11 15
11 42
11 59
12 57
12 62
13 28
13 41
13 65
14 17
14 36
14 41
14 43
14 49
14 59
14 68
15 26
15 37
15 40
15 48
15 67
16 17
16 24
16 32
16 38
16 47
16 50
16 54
16 61
17 20
17 50
17 51
17 69
18 26
18 30
18 39
18 67
19 23
19 27
19 60
20 25
20 30
20 57
20 61
21 27
21 40
21 48
21 50
22 25
22 33
22 41
22 45
22 50
23 28
23 42
23 47
23 51
24 34
24 46
24 53
24 57
25 30
25 36
25 64
25 67
26 27
26 31
26 32
26 42
26 51
26 68
27 36
27 50
27 60
29 52
29 62
29 68
30 37
32 36
32 67
32 68
33 44
33 60
33 69
34 68
35 46
35 50
35 60
36 69
38 69
39 41
39 61
39 63
39 69
40 44
40 53
40 66
41 58
41 66
42 49
42 60
43 64
43 65
45 58
46 55
47 53
48 57
48 63
48 66
48 67
49 60
49 65
52 60
53 65
54 55
55 61
55 63
55 67
57 62
58 61
59 63
59 64
59 67
60 61
60 68
61 64
