70 457
15 5 3 6 15 4 10 9 2 8 3 7 5 1 4 3 0 7 0 2 12 12 0 5 11 13 11 2 11 14 14 3 0 5 14 2 2 7 13 11 1 5 11 2 8 14 15 10 12 1 6 4 5 12 11 2 1 12 13 11 3 6 8 6 3 6 6 13 9 6 
0 2
0 10
0 11
0 13
0 15
0 21
0 30
0 35
0 40
0 50
0 51
0 55
0 61
0 62
1 7
1 13
1 15
1 20
1 26
1 31
1 33
1 37
1 43
1 44
1 47
1 49
1 50
1 51
1 59
1 63
1 67
2 29
2 30
2 39
2 49
2 50
2 51
2 52
2 54
2 61
3 6
3 15
3 19
3 20
3 26
3 33
3 35
3 37
3 47
3 53
3 54
3 58
3 59
3 62
3 64
4 5
4 7
4 11
4 20
4 23
4 25
4 28
4 33
4 39
4 41
4 45
4 47
4 52
4 56
4 57
4 64
4 66
5 14
5 19
5 21
5 23
5 24
5 26
5 27
5 29
5 33
5 38
5 47
5 48
5 54
5 56
5 57
5 67
6 24
6 25
6 31
6 35
6 39
6 43
6 51
6 61
7 10
7 11
7 13
7 17
7 20
7 25
7 26
7 33
7 40
7 43
7 53
7 59
8 23
8 24
8 30
8 33
8 36
8 42
8 43
8 45
8 57
8 60
8 69
9 16
9 23
9 24
9 27
9 42
9 43
9 45
9 48
9 49
9 50
9 51
9 52
9 58
9 60
9 66
9 69
10 19
10 22
10 25
10 27
10 36
10 39
10 42
10 43
10 56
10 58
11 18
11 25
11 26
11 31
11 34
11 39
11 56
11 58
11 65
12 19
12 20
12 22
12 27
12 33
12 38
12 40
12 48
12 51
12 53
12 54
12 55
12 61
12 64
12 65
12 69
13 14
13 22
13 27
13 41
13 45
13 47
13 52
13 61
14 15
14 16
14 18
14 19
14 28
14 44
14 48
14 50
14 51
15 26
15 29
15 30
15 36
15 44
15 52
16 33
16 36
16 37
16 45
16 53
16 54
16 55
16 61
16 63
17 23
17 25
17 32
17 35
17 37
17 42
17 48
17 50
17 52
17 69
18 31
18 34
19 21
19 28
19 30
19 33
19 39
19 50
20 26
20 33
20 34
20 38
20 39
20 40
20 46
20 50
20 62
20 64
20 66
20 69
21 22
21 26
21 34
21 37
21 54
21 57
21 58
21 65
22 26
22 32
22 41
22 46
22 50
23 25
23 31
23 32
23 36
23 37
23 42
23 58
24 27
24 28
24 30
24 33
24 38
24 47
24 53
24 58
24 61
24 62
24 65
24 68
24 69
25 37
25 39
25 43
25 51
25 53
25 54
25 58
26 27
26 30
26 35
26 39
26 48
26 52
26 69
27 35
27 45
27 48
27 49
27 61
27 62
27 64
27 66
28 30
28 31
28 38
28 41
28 52
28 64
28 69
29 30
29 34
29 37
29 42
29 51
29 55
29 59
30 31
30 34
30 40
30 45
30 49
30 51
30 53
30 54
30 56
30 59
30 66
30 68
31 33
31 44
31 61
32 43
32 51
32 53
32 55
32 58
32 60
32 61
32 64
32 65
33 38
33 39
33 45
33 46
33 60
33 66
33 67
33 68
34 38
34 50
34 51
34 52
34 55
34 56
34 59
34 69
35 39
35 41
35 48
35 53
35 57
35 65
35 67
36 42
36 45
36 60
36 69
37 43
37 45
37 46
37 60
38 40
38 41
38 67
39 42
39 46
39 50
39 51
39 59
40 42
40 49
40 53
40 54
40 58
40 65
40 68
41 45
41 54
41 59
41 60
41 65
41 66
41 68
42 45
42 51
42 54
42 56
43 46
43 53
43 59
43 60
43 63
43 69
44 49
44 53
44 65
45 47
45 58
45 59
45 64
45 66
46 49
46 66
46 67
47 49
47 53
47 55
47 57
47 58
47 61
47 67
48 51
48 53
48 62
48 67
49 52
49 54
49 63
49 64
49 65
50 54
50 57
50 63
50 68
51 53
51 57
51 63
51 66
51 67
51 68
52 62
52 69
53 54
53 55
53 65
53 67
53 69
54 58
54 62
54 64
54 67
55 57
55 58
55 69
56 63
56 65
57 63
57 64
58 61
58 62
58 65
59 63
60 62
60 63
60 68
61 67
61 69
62 63
62 67
63 64
64 65
65 66
