80 349
1 0 4 11 12 8 1 2 14 4 11 0 11 5 3 2 13 0 5 8 0 0 13 4 9 10 1 10 0 1 9 1 13 5 1 10 13 9 14 11 14 14 14 15 1 6 4 5 4 10 1 15 14 8 13 12 4 14 6 3 3 8 1 10 10 0 0 2 12 14 7 12 13 2 3 1 13 12 7 3 
0 7
0 8
0 11
0 33
0 41
0 47
0 52
0 56
1 4
1 28
1 33
1 49
1 58
1 69
1 72
1 74
2 11
2 36
2 70
2 75
3 14
3 16
3 19
3 38
3 61
3 75
3 79
4 14
4 25
4 33
4 39
4 41
4 43
4 51
4 52
4 65
4 66
4 74
4 77
5 12
5 16
5 22
5 37
5 38
5 50
5 60
5 69
6 8
6 18
6 32
6 33
6 37
6 42
6 59
6 60
6 64
7 8
7 23
7 33
7 36
7 52
7 60
7 64
7 68
7 73
8 13
8 16
8 36
8 47
8 56
8 60
8 71
8 76
9 12
9 37
9 50
9 55
9 60
9 62
9 74
9 76
9 77
9 78
10 16
10 26
10 34
10 39
10 53
10 55
10 57
10 62
10 67
10 76
11 35
11 56
11 62
11 73
12 17
12 19
12 21
12 22
12 25
12 43
12 46
12 51
12 65
13 16
13 17
13 18
13 32
13 37
13 42
13 54
13 56
13 58
13 71
13 79
14 22
14 27
14 31
14 34
14 36
14 40
14 50
14 53
14 55
14 60
14 62
14 63
15 34
15 36
15 44
15 46
15 70
15 79
16 20
16 32
16 37
16 39
16 41
16 44
16 47
16 64
17 19
17 20
17 21
17 42
17 58
17 71
17 76
18 31
18 34
18 66
18 69
19 20
19 22
19 39
19 50
19 58
19 71
20 22
20 25
20 36
20 55
20 58
20 71
21 22
21 25
21 27
21 46
21 51
21 56
21 59
21 66
21 76
22 24
22 25
22 40
22 51
22 66
22 67
23 29
23 33
23 41
23 48
23 68
23 75
24 61
24 66
24 70
24 74
25 49
25 50
25 51
25 65
25 66
25 67
25 72
25 74
26 29
26 41
26 47
26 73
27 36
27 50
27 53
27 55
27 62
27 69
27 76
28 31
28 32
28 35
28 37
28 65
29 31
29 43
29 67
29 73
30 40
30 45
30 78
31 39
31 44
31 49
31 60
31 64
32 37
32 42
32 52
32 58
32 61
33 38
33 41
33 47
33 66
34 66
34 74
34 78
35 44
35 57
35 59
35 74
36 38
36 42
36 50
36 51
36 55
36 60
36 61
36 71
36 76
37 38
37 40
37 60
37 64
37 71
37 72
37 73
37 78
38 49
39 47
39 53
39 55
39 62
39 64
39 67
40 48
40 61
40 75
41 44
41 47
41 52
41 56
41 67
41 70
42 47
42 50
42 58
42 71
43 46
43 49
43 68
43 73
44 55
45 46
45 57
46 47
46 49
46 73
47 56
47 60
47 76
48 64
48 73
48 77
49 60
49 61
49 66
49 70
50 56
51 52
51 58
51 66
51 67
52 64
52 67
53 55
53 62
53 64
53 66
53 72
53 76
54 63
55 77
56 60
56 76
57 59
57 63
57 65
57 68
57 69
57 72
57 74
57 78
58 60
58 71
60 76
61 62
61 75
61 77
62 64
62 76
62 78
64 66
64 67
65 69
66 67
66 70
68 70
69 73
69 77
69 79
70 75
70 77
71 79
73 74
76 77
77 79
