100 218
24 4 0 19 4 20 10 23 3 20 2 13 3 3 28 9 11 18 6 12 10 23 26 29 31 24 3 16 23 30 19 25 14 2 26 3 27 25 20 11 10 2 6 15 16 2 21 5 11 13 8 31 4 18 19 0 7 31 13 13 6 27 23 3 24 30 18 16 12 21 22 0 20 15 16 14 29 28 19 1 5 19 9 6 22 25 9 8 10 4 0 11 31 6 31 9 8 4 24 15 
0 38
0 45
0 58
1 87
1 91
2 52
2 66
2 81
2 87
2 97
3 10
3 40
3 68
3 72
3 83
4 13
4 18
4 44
4 56
4 70
4 79
4 83
5 10
5 53
5 80
6 14
6 15
6 20
6 81
6 87
7 17
7 45
7 64
8 20
8 32
8 71
9 37
9 56
9 63
9 65
9 70
9 98
10 17
10 19
10 21
10 39
10 44
10 50
10 82
10 97
11 14
11 97
12 23
12 31
12 47
12 54
12 78
13 67
13 73
14 29
14 44
14 47
15 34
16 23
16 45
16 51
17 29
17 31
17 41
17 53
17 82
18 46
18 60
18 66
18 69
18 73
19 21
19 51
19 61
19 64
20 37
20 63
20 98
21 72
22 46
22 79
22 88
23 31
23 40
24 33
24 58
24 90
25 28
25 34
25 55
25 66
25 81
26 28
26 45
27 29
27 30
28 31
28 75
29 43
29 60
29 76
30 68
30 79
31 46
31 47
31 89
32 37
32 52
32 66
32 70
33 36
33 89
33 94
35 54
35 77
35 91
35 94
36 47
36 76
37 51
37 85
38 39
38 49
38 52
40 69
40 73
41 44
41 48
42 46
42 48
42 65
43 50
43 74
43 91
44 53
45 49
45 53
45 54
45 81
45 91
45 94
46 50
46 64
46 78
46 89
47 53
47 54
47 59
47 87
48 71
49 72
51 72
51 91
51 94
52 57
52 75
52 85
52 96
53 59
53 90
54 60
54 96
55 71
56 60
56 85
57 82
57 92
57 95
58 75
58 79
59 70
59 83
59 98
60 77
60 80
60 94
61 74
62 94
62 97
63 81
64 74
64 91
65 88
65 96
66 71
67 70
67 83
69 72
69 94
70 93
71 81
72 92
73 76
74 79
75 81
76 86
76 98
77 83
77 85
77 88
77 92
77 96
80 83
83 89
84 89
86 88
86 97
87 95
87 96
89 99
93 95
93 97
94 99
