60 90
2 14 6 0 2 1 8 6 3 4 1 13 13 5 14 1 6 4 13 10 9 1 1 13 7 15 13 7 8 15 13 3 1 9 6 10 0 12 12 8 14 15 4 9 5 13 3 11 8 13 14 2 0 8 3 8 4 4 14 9 
0 7
0 31
0 41
1 19
1 37
1 40
2 4
3 6
3 55
3 57
4 9
4 41
5 10
5 47
5 58
6 11
6 25
7 29
7 34
8 14
8 15
8 22
8 28
9 51
10 21
10 37
10 38
11 12
11 27
11 56
12 14
12 25
12 36
12 52
13 55
14 35
15 26
15 51
16 17
16 26
16 42
16 59
17 35
17 46
18 20
18 36
18 51
19 30
19 54
20 22
20 27
21 31
21 33
21 49
21 58
22 51
23 35
23 46
23 54
24 41
24 55
24 57
25 55
26 28
26 48
27 36
28 42
29 31
29 53
29 58
30 32
30 40
31 43
32 46
32 54
33 49
34 41
34 57
35 42
36 44
37 47
38 50
39 53
40 47
43 56
44 48
45 48
45 53
48 49
52 57
