100 217
4 9 13 14 25 18 23 21 31 29 4 5 28 22 25 8 20 7 11 23 6 2 22 15 24 10 28 29 3 11 22 1 8 0 19 22 13 21 11 28 19 13 25 3 17 8 13 16 2 7 19 15 12 17 25 12 22 12 9 21 10 29 20 0 0 29 21 15 9 23 7 5 25 27 23 7 12 3 12 6 11 20 22 7 24 0 29 26 31 9 29 20 31 5 19 12 11 18 23 31 
0 1
0 4
0 9
0 12
0 45
0 80
0 86
0 94
1 3
1 5
1 44
1 59
1 72
2 51
3 8
3 25
3 48
3 51
3 63
3 65
3 75
3 93
4 6
4 8
4 39
4 51
4 59
4 82
5 6
5 13
5 63
5 75
5 94
6 11
6 20
6 38
6 41
6 42
6 49
6 55
6 58
6 74
6 75
7 11
7 24
7 33
7 54
7 70
7 79
7 93
8 30
8 44
8 58
8 94
8 96
9 48
9 62
9 64
10 14
10 23
10 39
10 51
10 73
11 42
11 59
11 74
11 95
12 15
12 25
12 26
12 97
14 32
14 37
14 90
14 92
14 95
15 28
15 52
15 54
15 71
15 77
15 83
15 90
16 22
16 37
16 65
16 94
17 81
18 40
18 49
18 82
18 89
19 41
19 49
19 68
19 73
19 94
20 29
21 33
21 52
21 53
21 82
22 80
22 84
22 91
22 98
23 53
23 62
24 40
24 65
25 61
25 80
25 98
26 39
26 53
26 61
27 37
27 80
27 88
28 63
29 31
30 70
31 33
31 43
31 62
31 64
32 64
33 72
33 76
33 88
34 39
34 77
35 62
35 69
35 71
36 89
37 87
38 81
39 74
39 75
39 86
40 46
40 81
40 99
41 64
41 77
42 60
42 78
42 79
42 82
43 53
43 73
43 79
44 45
44 63
44 89
45 73
45 75
45 81
46 54
46 91
46 96
47 50
47 64
48 75
48 77
49 59
49 97
49 99
50 59
50 88
51 78
51 92
51 98
52 62
52 65
52 67
54 86
55 58
55 76
55 84
55 87
56 61
57 58
57 86
57 96
58 60
58 67
58 76
58 82
58 87
58 89
62 81
64 66
65 69
67 72
67 79
69 73
69 75
69 76
69 99
71 97
73 92
73 99
74 96
75 92
78 84
78 99
79 87
79 97
81 89
81 97
83 89
83 91
85 89
88 97
92 95
