80 170
15 7 3 11 5 5 2 15 3 10 4 13 1 6 14 15 11 6 15 6 6 10 12 1 7 7 0 6 6 8 2 1 7 13 0 9 6 14 14 15 13 10 6 13 2 9 9 0 9 11 7 1 15 0 2 2 4 13 3 4 2 7 12 0 1 5 4 1 5 13 1 9 6 9 0 12 14 13 12 15 
0 1
0 48
0 79
1 5
1 22
2 5
2 41
3 4
3 18
3 22
3 30
4 34
4 61
4 63
4 74
5 11
5 15
5 20
5 24
5 43
5 48
6 10
6 32
7 22
7 40
8 10
8 32
8 50
8 55
8 58
8 63
9 14
9 26
9 30
10 32
10 76
10 79
11 28
11 45
12 34
12 39
12 42
12 57
12 73
13 65
14 39
15 21
15 22
15 29
15 39
15 48
15 56
15 78
16 24
16 34
16 75
17 28
17 31
17 36
17 41
17 67
17 70
17 75
18 31
18 64
19 21
19 23
19 27
19 76
20 64
21 30
21 49
21 55
22 33
22 55
23 41
23 65
24 68
24 73
25 32
25 65
25 76
25 79
26 35
26 68
27 36
27 37
27 39
27 67
27 78
28 36
28 38
28 39
28 58
29 35
29 44
29 76
30 34
30 56
30 76
31 42
31 66
32 35
32 38
32 65
33 39
33 43
33 61
33 72
34 35
34 47
34 49
34 68
35 43
35 45
36 40
36 41
36 52
36 65
36 79
38 61
38 63
38 65
39 50
39 64
39 77
40 43
40 45
40 53
40 59
40 60
40 64
40 65
41 65
42 64
42 79
43 59
43 75
44 62
44 74
46 74
46 77
48 65
49 56
49 65
49 69
49 76
50 61
50 75
51 56
51 65
51 69
52 54
53 77
53 79
54 59
54 75
54 79
55 76
57 69
58 71
58 79
59 76
61 66
61 68
63 78
64 66
67 76
68 75
70 72
