100 108
10 2 5 26 6 16 29 2 12 14 2 14 26 11 17 16 28 4 5 24 23 11 22 15 31 12 16 9 17 6 30 17 8 15 26 7 15 10 1 17 26 12 4 31 10 5 5 13 1 12 19 26 28 10 18 23 17 4 8 27 19 14 8 21 12 25 1 6 12 3 17 31 0 31 11 12 7 10 18 6 10 10 4 15 27 1 16 20 27 2 29 2 25 22 6 12 4 26 31 25 
0 37
0 57
1 82
2 14
2 29
3 29
3 38
4 41
4 64
4 84
4 96
5 23
5 32
5 88
6 89
7 38
8 70
9 28
9 76
10 23
11 57
12 97
13 74
13 86
14 22
14 65
14 91
15 27
15 34
16 59
16 60
17 66
17 82
18 82
19 21
19 44
20 45
20 86
21 48
21 53
22 31
22 85
23 47
23 83
23 85
24 76
25 42
26 29
26 64
26 68
27 45
28 60
30 47
30 56
30 79
31 63
31 97
32 34
32 41
33 79
33 91
35 95
36 54
36 96
38 98
39 62
40 77
42 48
42 87
43 61
44 57
45 54
45 85
46 48
47 49
47 77
48 85
48 95
49 81
50 72
50 79
51 54
52 53
54 90
55 60
57 62
57 76
57 93
58 66
58 78
60 76
61 77
64 71
67 77
69 76
70 77
73 80
73 97
74 84
75 92
76 77
77 78
77 82
77 94
87 91
89 92
92 95
98 99
