40 80
6 4 7 6 6 4 4 5 2 0 7 2 0 1 6 1 2 5 6 3 3 6 6 4 6 7 5 2 1 4 1 5 2 7 5 0 1 0 1 4 
0 4
0 5
1 5
1 9
2 39
3 10
3 20
3 30
3 32
3 37
4 5
4 12
4 15
4 16
4 31
4 34
4 39
5 16
5 18
5 30
5 36
6 20
6 26
6 30
6 31
6 32
7 13
7 31
7 34
8 10
8 16
8 27
9 10
9 30
10 14
10 21
10 22
10 29
11 35
12 13
12 18
12 23
13 16
13 17
14 22
14 38
15 18
15 24
15 28
16 22
16 35
16 36
17 22
18 26
18 31
18 37
19 25
19 30
19 34
20 37
21 26
21 29
21 34
22 27
22 32
23 24
23 31
23 33
23 34
23 39
24 25
24 35
25 29
25 33
26 28
26 33
29 39
30 33
30 34
38 39
