90 393
6 12 10 15 1 15 8 13 1 3 4 0 13 0 1 12 3 11 11 1 1 0 1 8 12 11 13 15 7 0 0 11 5 4 0 0 6 1 5 12 7 1 10 4 0 14 7 0 12 4 5 15 14 10 8 7 1 11 0 11 15 1 4 1 9 5 6 7 14 6 9 4 4 8 10 13 8 8 2 6 6 8 8 3 12 15 9 9 13 15 
0 5
0 6
0 7
0 31
0 43
0 52
0 55
0 62
0 70
0 78
1 16
1 23
1 27
1 37
1 39
1 59
1 63
1 76
2 3
3 9
3 13
3 55
3 61
3 73
3 79
3 83
4 7
4 10
4 24
4 27
4 41
4 55
4 57
4 66
4 70
5 31
5 33
5 43
5 50
5 53
5 61
5 62
5 63
6 8
6 9
6 12
6 23
6 34
6 58
6 71
6 78
7 10
7 11
7 22
7 25
7 28
7 34
7 37
7 48
7 59
7 61
7 64
7 69
7 71
7 78
7 85
7 88
8 11
8 26
8 31
8 39
8 40
8 47
8 54
8 65
8 75
8 82
9 12
9 32
9 69
9 80
9 84
9 87
10 48
10 57
10 58
10 61
10 63
10 70
10 79
10 83
11 17
11 41
12 19
12 21
12 49
12 51
12 56
12 62
12 72
12 75
12 77
12 83
12 88
13 18
13 19
13 20
13 39
13 43
13 50
13 68
13 80
14 26
15 32
15 52
15 53
15 58
15 66
16 38
16 72
17 18
17 23
17 25
17 37
17 40
17 42
17 71
18 25
18 41
18 50
18 52
18 53
18 69
18 72
18 88
19 31
19 37
19 46
19 52
19 56
19 57
19 60
19 61
19 76
19 85
19 86
19 88
20 25
20 40
20 45
20 50
20 55
20 58
20 60
20 66
20 73
20 76
20 80
21 22
21 23
21 60
21 68
21 74
21 78
22 25
22 26
22 27
22 30
22 44
22 64
22 74
23 24
23 29
23 64
23 69
23 85
24 25
24 32
24 38
24 52
24 53
24 59
24 67
24 71
24 85
25 32
25 34
25 37
25 43
25 50
25 52
25 71
25 88
25 89
26 70
26 83
27 32
27 35
27 39
27 42
27 61
27 64
27 78
27 88
28 36
28 46
28 57
28 63
28 67
28 68
28 69
28 71
28 78
29 30
29 40
29 41
29 67
29 77
29 82
30 47
30 68
31 42
31 47
31 49
31 66
31 72
31 73
31 81
31 87
32 36
32 47
32 50
32 51
32 57
32 71
32 73
32 81
32 88
33 65
33 72
33 85
33 89
34 42
34 43
34 50
34 55
34 56
34 63
34 77
35 52
35 67
35 72
35 77
35 80
36 37
36 41
36 42
36 63
36 85
37 50
38 42
38 57
38 59
38 65
39 50
39 70
39 75
39 80
39 81
39 82
40 44
40 45
40 55
40 78
40 83
41 45
41 59
41 64
41 71
41 77
41 78
42 46
42 70
42 72
42 73
42 89
43 68
43 70
43 77
43 89
44 59
44 62
44 69
44 74
44 77
44 83
45 51
45 57
45 59
45 66
45 77
45 81
46 51
47 49
47 50
47 59
47 85
47 87
48 56
48 57
48 64
49 53
49 57
49 60
49 64
50 64
50 78
50 79
50 82
50 85
51 59
51 60
51 89
52 75
52 85
53 64
53 71
53 79
53 85
53 87
54 56
54 74
54 89
55 59
55 78
55 85
55 89
56 61
57 63
57 65
57 66
57 68
57 77
58 71
58 80
58 81
58 87
59 63
59 71
59 74
59 88
60 82
61 85
61 88
62 83
62 85
63 68
63 76
64 66
64 74
65 82
66 71
66 86
66 87
67 81
68 71
69 81
69 88
69 89
70 71
70 81
70 89
72 76
72 79
72 87
73 76
74 76
74 79
74 83
74 87
75 81
75 84
75 89
77 79
77 84
77 86
78 87
78 88
79 87
80 86
82 83
84 88
85 89
