50 74
6 5 3 7 5 4 3 5 1 5 7 7 4 1 1 2 7 5 4 3 4 5 3 5 0 1 0 7 4 6 1 7 2 5 3 7 5 6 1 6 6 6 6 3 7 1 1 1 4 4 
0 12
1 11
2 13
2 25
2 31
3 30
3 45
3 46
4 11
4 16
4 28
4 29
5 17
5 35
5 43
5 49
6 17
6 24
7 45
8 17
9 12
9 21
9 22
10 22
10 38
10 42
11 24
11 39
12 40
12 41
13 36
14 15
14 16
14 41
15 31
15 35
16 20
16 27
16 35
16 48
17 30
17 32
18 25
18 37
18 48
19 37
20 25
20 31
21 34
22 29
22 40
23 48
24 28
24 48
25 26
27 40
28 32
29 47
30 42
30 44
32 48
32 49
33 34
34 35
34 47
35 43
35 44
36 37
36 45
37 42
38 47
39 44
40 41
42 45
