100 124
27 13 24 16 2 5 23 19 1 16 0 27 24 6 15 23 23 2 4 14 19 9 17 12 25 26 15 14 27 25 28 13 27 9 28 1 20 21 21 2 2 16 17 6 27 24 16 4 7 4 8 10 2 6 8 12 12 2 0 4 13 6 18 20 3 29 20 24 1 20 14 19 14 18 28 31 29 2 16 15 28 28 7 9 17 12 31 13 24 16 28 14 19 3 28 5 31 26 9 26 
0 42
0 60
0 61
0 81
1 72
2 12
2 95
2 98
3 67
3 95
4 43
4 44
5 13
5 69
6 67
7 9
7 33
7 37
7 66
8 26
8 29
9 29
9 84
10 17
10 30
10 36
11 68
11 93
12 35
12 80
12 81
13 18
13 25
14 17
14 21
15 45
15 75
16 44
16 86
17 29
17 35
17 38
17 64
17 72
17 84
18 68
19 31
19 33
19 90
20 38
20 54
20 90
21 41
22 43
23 53
23 91
24 55
24 83
25 49
25 55
25 89
26 37
26 92
27 52
27 68
27 90
28 87
29 91
30 82
31 38
31 50
32 40
32 77
33 37
34 64
34 98
35 79
36 52
36 94
37 47
38 67
38 68
39 93
40 58
40 65
40 75
40 88
42 43
42 55
42 56
42 67
42 74
42 88
44 62
45 62
46 51
46 77
47 78
47 87
48 56
48 57
48 75
51 68
52 83
52 94
53 72
55 69
56 97
57 84
59 91
63 88
65 82
66 68
66 70
67 89
71 93
73 99
74 88
76 97
78 96
79 85
82 99
84 96
87 97
