90 135
5 14 15 14 10 1 5 7 2 4 5 8 3 8 6 8 9 12 11 14 13 13 6 13 3 14 14 7 0 11 15 8 8 3 15 4 4 4 7 13 10 1 15 3 5 2 5 8 4 10 2 1 2 14 5 2 5 0 2 10 3 1 4 14 1 5 12 3 2 4 12 12 8 12 10 12 3 11 15 5 14 8 2 3 13 13 2 14 11 6 
0 6
0 18
1 18
1 22
1 48
1 70
2 25
2 30
2 84
3 27
3 55
3 60
3 62
3 65
4 31
4 73
4 86
5 10
5 24
5 50
5 71
5 75
6 26
6 28
7 48
7 56
8 12
8 15
8 18
8 27
8 48
8 58
8 78
9 38
9 42
9 45
9 65
10 40
10 43
10 86
11 41
11 48
11 51
11 60
11 69
12 41
12 58
12 60
12 68
13 47
13 59
14 58
15 40
16 71
16 82
17 22
17 48
17 54
17 81
18 34
18 48
19 80
19 86
20 43
21 37
21 49
21 65
22 25
22 26
22 87
23 27
23 36
23 79
24 54
24 66
24 76
25 48
28 39
28 41
28 45
28 48
28 74
29 65
29 81
30 44
30 54
30 66
31 34
31 46
32 33
32 81
32 89
35 85
36 64
37 67
39 43
39 55
40 62
40 71
40 75
42 44
42 60
43 60
44 56
44 81
45 63
45 77
47 49
47 63
47 82
47 87
48 57
48 87
49 54
49 80
49 83
51 73
51 88
52 87
53 63
53 87
54 80
54 83
55 75
60 65
61 81
65 75
65 85
66 70
66 71
67 88
68 77
71 77
72 74
72 86
