80 141
5 5 5 2 8 2 0 15 4 3 1 13 0 2 1 2 15 13 7 14 5 2 1 7 10 6 11 8 11 11 11 15 10 10 12 12 15 3 13 7 4 15 6 14 6 9 6 3 14 2 7 8 5 11 15 5 7 5 12 5 6 13 5 15 2 0 9 0 0 5 6 1 10 5 5 10 11 11 11 2 
0 5
1 65
1 72
2 13
2 31
2 42
2 50
2 55
2 63
3 28
3 34
3 75
3 78
4 14
4 20
4 31
4 76
5 75
6 52
7 22
7 39
7 73
7 76
8 10
8 48
8 79
9 12
9 51
10 26
10 35
10 73
11 22
11 61
11 75
12 21
12 34
12 40
12 60
12 79
13 14
13 17
14 27
14 48
14 72
15 26
15 65
15 67
15 74
16 39
16 75
17 40
18 23
18 39
18 71
19 21
19 28
19 30
19 40
19 51
19 61
20 40
20 61
21 72
22 45
22 69
23 39
23 49
23 54
23 74
24 43
24 52
24 54
25 53
26 29
26 37
26 64
26 71
27 29
27 41
28 34
28 38
28 56
28 76
29 32
29 40
29 43
29 47
29 59
29 68
29 73
29 74
30 56
31 48
31 58
31 66
31 73
31 76
32 34
32 39
32 60
33 45
33 54
34 68
35 50
35 56
35 63
36 61
38 58
39 43
39 51
39 52
39 61
39 73
41 51
42 46
42 55
43 55
43 75
44 47
45 57
46 54
46 72
47 60
47 62
52 55
53 54
53 60
54 77
55 63
55 64
55 71
56 57
60 61
61 77
62 70
62 74
62 77
63 65
69 76
69 77
70 78
