50 87
2 6 7 5 1 2 1 6 1 0 7 7 7 6 0 5 2 4 6 6 4 7 3 6 2 0 5 7 7 3 6 3 3 6 0 3 0 6 2 1 6 0 4 6 7 3 0 3 6 2 
0 11
0 21
0 34
0 35
0 38
1 46
1 47
2 10
2 29
2 30
2 39
2 43
3 13
3 15
3 18
3 19
3 20
3 36
3 43
4 24
4 40
5 33
5 38
6 23
6 44
7 21
7 35
7 42
8 31
8 45
9 20
10 32
11 17
12 27
13 17
14 17
14 25
14 26
14 45
15 22
15 34
15 36
15 38
15 43
16 39
16 41
16 45
17 24
17 49
18 27
18 38
18 42
19 37
20 21
20 34
20 43
20 47
21 43
23 26
23 44
24 26
24 29
24 43
24 46
26 37
26 43
27 33
27 35
28 44
28 46
29 41
30 46
31 34
32 46
34 43
35 49
37 43
37 45
37 46
38 43
39 49
41 42
41 44
43 46
45 48
45 49
46 49
