60 114
10 1 14 14 3 10 4 13 4 11 5 8 13 10 11 3 0 12 6 6 10 9 1 10 14 5 1 6 1 0 14 14 13 9 11 15 10 14 6 13 3 15 6 11 10 3 10 14 8 11 7 12 11 2 13 10 1 9 10 6 
0 32
0 59
1 3
1 10
1 33
1 35
1 44
2 19
2 50
2 57
2 58
3 34
3 36
3 48
3 54
3 56
4 28
4 38
4 42
4 46
5 28
5 33
5 42
6 17
6 22
6 30
6 36
6 49
6 54
7 8
7 11
7 22
7 32
7 37
7 45
8 19
8 27
8 30
9 54
9 56
10 22
10 36
10 47
10 49
10 55
11 24
12 18
12 26
12 42
12 46
12 52
13 19
14 19
14 29
15 18
15 25
15 36
15 45
16 36
16 58
17 20
17 23
18 28
18 42
18 48
18 51
19 49
19 54
19 56
20 25
20 33
20 36
20 40
20 48
20 56
21 27
21 58
22 26
22 36
22 42
23 35
23 40
23 49
23 55
23 56
24 37
24 43
26 47
27 35
28 53
29 43
29 53
30 54
31 39
31 57
32 44
32 50
33 37
33 42
33 43
33 47
36 59
37 38
37 44
38 41
40 48
42 43
43 46
44 54
46 47
49 56
50 53
50 54
52 55
