60 90
0 15 8 11 4 0 0 12 14 0 10 4 13 0 9 4 6 8 12 1 0 14 8 0 0 9 13 10 10 13 15 13 5 8 13 9 12 8 2 15 0 3 9 14 3 12 11 8 10 14 1 7 0 12 1 14 14 12 6 7 
0 11
0 24
0 59
1 2
1 24
1 56
2 38
2 42
3 42
4 29
4 46
4 57
5 8
5 17
5 55
6 7
6 8
6 25
6 48
7 12
7 52
8 37
9 10
9 21
9 41
9 51
10 15
10 33
11 13
11 42
12 16
12 26
12 34
13 20
13 59
14 31
14 53
14 58
15 49
15 51
16 28
16 52
17 23
17 27
17 43
18 46
18 47
18 56
19 35
20 30
20 33
21 30
21 33
22 36
22 48
22 54
22 57
23 44
23 55
24 42
25 37
25 52
26 28
26 36
27 30
27 49
28 39
29 35
29 45
30 59
31 32
31 40
32 44
32 58
35 54
35 57
36 39
37 55
38 47
38 56
39 54
40 50
40 53
43 44
43 58
45 46
45 47
49 50
49 53
50 51
