60 134
9 15 8 4 2 12 1 8 9 10 8 15 12 7 5 10 14 12 3 1 4 0 10 5 10 11 3 9 3 4 3 2 7 4 0 15 12 3 1 8 8 11 10 15 10 3 9 4 11 14 8 2 7 14 15 10 0 11 8 3 
0 1
0 39
0 49
1 17
1 54
2 6
2 7
2 32
2 36
2 41
2 43
2 48
3 9
3 16
3 17
3 19
3 30
3 41
3 48
3 51
4 15
4 27
4 38
4 56
5 39
5 53
5 59
6 11
7 16
7 51
8 13
8 28
8 33
9 22
9 27
9 28
9 50
9 57
10 11
10 20
10 36
10 48
10 56
11 23
11 36
11 39
12 37
12 45
12 47
12 55
13 29
13 33
13 38
13 55
14 17
14 39
14 55
15 32
15 52
16 35
16 47
16 55
17 18
17 21
17 24
17 27
17 29
17 47
17 59
18 19
18 24
18 37
18 43
19 22
19 46
19 53
20 38
20 43
20 44
20 45
21 28
22 24
22 27
22 30
23 24
23 25
23 31
23 32
23 33
23 52
25 43
26 58
27 32
27 33
27 51
27 58
28 30
28 58
29 39
29 45
30 34
30 38
30 41
30 52
31 59
32 48
32 53
33 36
33 37
33 38
33 42
34 51
35 40
35 50
36 41
36 56
37 58
38 40
38 52
39 42
39 45
41 54
41 56
41 59
42 57
43 44
44 47
46 56
46 57
46 58
47 49
52 54
53 54
56 59
