90 399
15 10 0 7 5 0 3 13 7 13 11 5 9 12 14 13 13 14 7 8 11 14 9 12 3 11 14 5 10 7 10 11 10 2 9 11 9 10 6 7 14 11 11 2 13 3 5 14 2 1 13 13 12 3 4 5 0 14 12 0 0 13 13 0 5 3 7 6 6 6 6 15 13 4 0 1 9 8 9 13 6 6 9 10 6 0 7 15 4 14 
0 2
0 5
0 6
0 29
0 41
0 60
0 66
0 72
0 83
1 11
1 17
1 25
1 29
1 31
1 46
1 61
1 66
1 70
2 10
2 25
2 27
2 34
2 55
2 80
3 4
3 21
3 32
3 38
3 55
3 68
3 69
3 75
3 77
3 80
3 83
3 87
4 5
4 18
4 22
4 23
4 26
4 32
4 38
4 48
4 55
4 64
4 69
4 85
5 7
5 44
5 51
5 65
5 83
5 87
6 13
6 37
6 39
6 40
6 57
6 62
7 8
7 10
7 11
7 15
7 26
7 30
7 34
7 55
7 64
7 72
7 76
7 85
8 17
8 29
8 32
8 33
8 41
8 52
8 68
8 71
8 75
8 77
9 10
9 20
9 23
9 56
9 60
9 71
9 89
10 13
10 16
10 23
10 42
10 78
11 37
11 78
12 13
12 31
12 32
12 57
12 60
12 63
12 70
13 36
13 44
13 49
13 83
14 18
14 40
14 42
14 47
14 53
14 57
14 71
14 72
15 20
15 22
15 24
15 40
15 54
15 72
15 73
16 32
16 52
16 53
16 56
16 80
16 82
16 89
17 18
17 33
17 41
17 47
17 60
17 64
17 68
17 71
17 77
17 80
17 86
18 21
18 28
18 33
18 41
18 58
18 71
18 72
18 74
18 86
19 22
19 46
19 58
20 23
20 41
20 51
20 59
20 67
20 70
20 83
20 88
21 25
21 29
21 30
21 33
21 34
21 37
21 72
21 74
21 76
21 82
21 86
21 88
22 36
22 55
22 80
23 36
23 68
23 80
23 81
24 29
24 72
24 80
25 27
25 31
25 57
25 67
26 30
26 34
26 41
26 55
26 63
26 64
26 76
26 81
26 85
27 32
27 44
27 49
27 59
28 30
28 52
28 70
29 31
29 42
29 46
29 59
29 62
30 34
30 39
30 43
30 52
30 56
30 64
30 72
30 73
30 74
30 76
30 77
31 33
31 46
31 65
31 69
31 70
31 85
32 38
32 56
32 66
32 68
32 69
32 72
32 75
32 77
32 82
33 41
33 42
33 45
33 55
33 57
33 58
33 71
33 74
33 86
34 39
34 72
34 74
34 75
34 76
34 86
35 62
35 76
36 53
36 65
36 84
37 42
37 47
37 51
37 56
37 59
37 64
37 66
37 73
38 55
38 64
38 69
38 75
38 85
38 86
39 44
39 49
39 56
39 60
39 63
39 66
39 74
39 75
39 76
39 79
40 53
40 59
40 78
40 79
41 68
41 71
41 75
41 77
42 54
42 56
42 81
42 88
43 58
43 68
43 76
43 88
44 78
44 80
44 86
44 87
45 46
45 60
45 67
45 74
45 82
45 84
46 58
46 62
46 66
46 78
46 81
47 49
47 56
48 52
48 56
48 61
48 62
48 88
49 54
49 64
49 67
49 70
49 73
49 75
49 82
49 86
50 69
50 76
51 79
51 83
52 53
52 57
53 63
53 66
53 70
54 56
54 69
54 89
55 58
55 64
55 65
55 69
55 80
55 85
56 64
56 71
56 81
56 82
57 59
57 77
57 78
57 84
58 59
59 75
59 76
59 78
59 85
60 70
60 73
61 63
61 65
61 67
61 80
61 84
62 67
63 89
64 76
64 85
65 69
65 89
66 68
66 71
68 71
68 75
68 76
68 77
68 88
69 74
69 75
69 77
69 85
70 72
71 74
71 80
71 85
71 86
72 74
72 76
72 86
74 80
74 84
74 86
75 77
76 83
76 85
78 80
78 81
79 89
83 87
83 89
84 88
85 89
