35 154
5 1 2 3 5 3 3 0 6 0 5 5 5 2 2 1 3 4 6 1 0 2 1 3 6 5 7 5 7 1 7 2 6 2 6 
0 7
0 9
0 10
0 12
0 15
0 16
0 19
0 29
0 31
0 32
1 14
1 23
1 29
1 34
2 12
2 14
2 15
2 18
2 21
3 4
3 7
3 9
3 12
3 16
3 21
3 22
3 23
3 26
3 30
3 31
3 32
4 10
4 24
4 27
5 6
5 13
5 16
5 19
5 25
5 31
6 21
6 28
6 30
6 31
7 9
7 10
7 12
7 16
7 17
7 22
7 26
7 27
7 31
7 33
8 13
8 15
8 21
8 26
8 34
9 12
9 14
9 19
9 26
9 29
9 31
9 33
9 34
10 11
10 13
10 14
10 16
10 19
10 21
10 23
10 29
10 32
10 34
11 12
11 16
11 19
11 22
11 23
11 29
11 32
11 34
12 21
12 22
12 25
12 26
12 28
12 29
12 31
13 18
13 29
14 19
14 20
14 24
14 27
15 18
15 22
15 23
15 24
15 25
15 30
15 34
16 20
16 21
16 22
16 23
16 26
16 34
17 23
17 25
17 27
17 28
18 24
18 31
19 21
19 26
19 29
19 31
19 32
19 34
20 23
20 26
20 32
20 34
21 33
22 23
22 24
22 26
22 29
22 34
23 26
23 31
23 32
23 34
24 31
24 33
24 34
25 30
25 34
26 28
26 34
27 28
28 30
28 33
29 31
29 32
29 33
31 32
31 33
32 33
32 34
