90 268
1 14 0 4 4 9 8 10 0 2 6 3 4 11 12 8 12 2 7 13 1 6 11 9 13 7 4 4 2 0 3 15 6 13 9 9 12 0 8 7 15 5 4 11 14 8 5 9 13 9 4 9 13 15 6 14 2 1 2 6 15 4 0 15 3 12 4 8 8 15 9 11 7 15 10 10 0 4 5 6 10 3 5 4 14 15 12 1 9 6 
0 12
0 22
0 35
0 38
0 39
0 41
0 42
0 63
1 14
1 16
1 34
1 40
1 54
2 4
2 7
2 10
2 44
2 48
2 55
2 58
2 62
2 74
3 34
3 55
3 64
3 65
3 83
4 7
4 51
4 73
4 79
4 87
5 13
5 20
5 23
5 37
5 43
5 65
5 79
6 32
6 62
6 64
6 74
6 75
6 86
7 10
7 30
7 36
7 44
7 55
7 60
7 66
8 16
8 30
8 39
8 41
8 45
8 48
8 56
9 47
9 58
9 60
10 18
10 25
10 30
10 44
10 45
10 60
10 88
11 31
11 38
11 50
11 57
11 69
12 19
12 22
12 35
12 41
12 48
12 63
13 15
13 23
13 43
13 65
13 79
13 84
13 87
14 33
14 50
14 52
14 72
14 76
14 77
14 80
15 24
15 28
15 40
15 43
15 49
15 65
15 70
16 21
16 30
16 48
17 35
17 37
17 55
17 81
17 88
18 26
19 22
19 35
19 36
19 50
19 77
19 80
20 33
20 38
20 45
20 49
20 58
20 85
21 36
21 52
21 55
22 35
22 50
22 77
22 78
23 37
23 46
23 56
23 76
23 79
23 85
24 34
24 43
24 49
24 61
24 65
24 70
24 73
25 30
25 40
25 60
25 69
25 70
25 73
25 81
26 41
26 54
26 58
26 85
27 35
27 71
27 85
29 47
29 51
29 71
30 60
30 69
30 73
31 59
31 67
31 73
32 41
32 42
32 64
32 66
32 83
32 86
33 46
33 50
33 52
33 61
33 76
33 80
33 84
35 40
35 63
35 77
36 37
36 39
37 46
37 52
37 61
37 76
37 79
38 51
38 66
39 45
39 48
39 54
39 58
39 69
40 58
41 42
41 63
41 83
42 63
42 83
42 86
42 88
43 65
43 79
44 55
44 60
44 74
45 76
46 52
46 76
46 79
46 89
47 56
47 72
47 73
47 74
49 53
49 58
49 65
49 69
49 70
49 73
50 77
50 80
51 54
51 72
51 81
52 76
52 80
54 58
55 62
55 66
55 74
55 75
55 84
56 57
56 61
57 85
58 81
59 82
59 83
60 69
61 68
62 64
62 74
62 75
63 67
63 71
63 83
64 75
64 83
64 86
67 84
68 70
69 70
69 73
69 88
70 73
71 87
72 75
72 81
74 75
75 86
77 80
78 82
83 86
87 89
