60 102
5 0 11 2 2 3 9 12 9 1 3 2 13 4 4 11 5 10 9 7 2 7 14 7 10 8 10 9 4 10 15 3 3 2 0 4 14 14 4 6 6 1 11 9 13 12 12 10 12 6 2 0 14 8 13 8 6 12 12 14 
0 32
0 56
1 5
1 12
1 15
1 20
1 29
1 39
1 53
2 21
2 29
2 34
2 58
3 31
3 35
3 49
4 33
4 42
5 39
5 42
5 43
6 13
6 24
6 33
6 50
7 12
7 14
7 40
7 53
8 14
8 31
8 40
8 42
9 42
10 11
10 18
10 48
10 57
11 17
11 45
11 55
12 19
13 40
15 24
15 38
15 50
16 48
17 42
17 47
17 49
17 52
17 53
18 20
18 25
18 54
19 22
19 26
19 44
20 32
20 43
22 27
22 29
22 58
23 44
23 47
24 36
24 38
24 53
24 54
24 58
25 41
25 45
27 41
27 57
28 43
28 45
29 59
30 48
32 37
32 41
32 44
33 40
34 37
35 42
36 40
36 58
38 42
40 47
40 55
40 58
41 46
42 57
45 56
46 58
47 48
47 50
48 55
49 51
49 57
52 53
55 56
55 59
