80 600
7 14 0 14 13 4 1 12 1 9 4 6 1 5 7 5 13 12 2 5 12 8 9 11 2 14 13 12 9 4 11 7 6 5 6 1 1 8 10 11 7 13 1 0 3 3 11 9 0 12 3 9 14 12 7 3 10 14 8 6 7 6 3 15 14 13 3 12 0 13 0 12 2 9 0 0 3 4 9 3 
0 6
0 14
0 19
0 33
0 35
0 41
0 42
0 47
0 48
0 49
0 59
0 67
0 68
0 73
0 74
0 75
0 77
1 6
1 20
1 21
1 22
1 25
1 36
1 38
1 39
1 42
1 49
1 51
1 52
1 56
1 65
1 74
1 75
2 9
2 13
2 28
2 30
2 33
2 36
2 39
2 43
2 48
2 57
2 59
2 69
2 75
2 76
2 77
2 78
3 6
3 10
3 11
3 15
3 21
3 22
3 29
3 42
3 45
3 54
3 57
3 60
3 73
4 7
4 22
4 26
4 33
4 34
4 35
4 50
4 60
4 62
4 69
4 77
5 7
5 8
5 10
5 17
5 28
5 30
5 35
5 55
5 57
5 61
5 68
5 71
5 74
5 75
5 76
5 77
6 9
6 10
6 13
6 14
6 18
6 21
6 22
6 23
6 25
6 29
6 30
6 34
6 37
6 38
6 39
6 41
6 42
6 47
6 51
6 62
6 65
6 67
6 71
7 9
7 22
7 28
7 39
7 42
7 52
7 55
7 60
7 62
7 69
7 71
7 72
7 73
7 76
7 77
8 24
8 28
8 31
8 32
8 33
8 36
8 41
8 44
8 47
8 48
8 56
8 63
8 64
8 65
8 68
8 71
8 72
9 12
9 15
9 18
9 27
9 35
9 38
9 43
9 44
9 48
9 78
10 11
10 18
10 26
10 35
10 42
10 47
10 50
10 53
10 56
10 72
11 12
11 20
11 30
11 36
11 39
11 41
11 48
11 49
11 50
11 55
11 57
11 61
11 65
11 72
11 73
11 74
12 13
12 18
12 40
12 41
12 42
12 46
12 47
12 50
12 55
12 62
12 64
12 69
12 70
12 71
12 74
12 79
13 15
13 16
13 23
13 27
13 31
13 32
13 35
13 36
13 39
13 48
13 51
13 57
13 58
13 61
13 65
13 71
13 72
13 77
14 28
14 29
14 31
14 33
14 39
14 41
14 44
14 47
14 53
14 54
14 57
14 70
14 71
14 77
15 24
15 30
15 34
15 38
15 46
15 47
15 58
15 76
16 18
16 29
16 33
16 34
16 44
16 53
16 71
16 73
16 76
17 23
17 25
17 35
17 46
17 48
17 50
17 55
17 57
17 65
17 71
17 72
17 74
17 75
17 79
18 20
18 23
18 30
18 32
18 51
18 52
18 53
18 54
18 55
18 70
18 74
18 78
19 31
19 33
19 38
19 68
19 71
19 72
19 75
19 77
19 79
20 25
20 40
20 42
20 43
20 50
20 60
20 63
20 77
21 23
21 26
21 31
21 50
21 52
21 56
21 59
21 61
21 64
21 71
21 73
22 31
22 37
22 38
22 41
22 42
22 50
22 54
22 70
23 25
23 31
23 34
23 36
23 44
23 45
23 46
23 50
23 51
23 53
23 56
23 57
23 67
23 76
24 25
24 26
24 27
24 40
24 45
24 47
24 52
24 59
24 61
24 62
24 73
24 76
25 29
25 34
25 35
25 39
25 40
25 41
25 45
25 49
25 50
25 54
25 55
25 61
25 77
26 30
26 35
26 36
26 48
26 55
26 60
26 64
26 76
26 78
27 45
27 60
27 66
27 67
27 68
27 69
27 78
28 33
28 38
28 39
28 47
28 51
28 53
28 54
28 65
28 67
28 71
28 72
28 76
29 33
29 41
29 42
29 47
29 58
29 61
29 63
29 68
29 70
29 71
29 72
29 77
30 32
30 41
30 46
30 53
30 58
30 73
31 42
31 46
31 49
31 50
31 58
31 60
31 69
32 33
32 34
32 41
32 46
32 49
32 67
32 68
32 72
32 73
33 41
33 43
33 60
33 62
33 63
33 70
33 73
33 78
34 45
34 49
34 54
34 59
34 62
34 72
34 75
34 79
35 41
35 44
35 46
35 50
35 54
35 58
35 62
35 63
35 75
35 78
35 79
36 37
36 45
36 46
36 55
36 56
36 64
36 67
36 71
36 72
36 77
37 47
37 48
37 57
37 63
37 65
37 74
38 54
38 55
38 59
38 71
39 42
39 49
39 54
39 59
39 61
39 62
39 66
39 68
39 70
39 71
40 57
40 68
40 78
41 46
41 58
41 61
41 65
41 67
41 72
41 73
41 74
42 49
42 52
42 57
42 60
42 61
42 64
42 65
42 70
42 73
43 53
43 55
43 59
43 65
44 60
44 61
44 71
44 74
44 77
45 55
45 57
45 63
45 73
45 74
46 55
46 57
46 70
46 73
46 77
47 53
47 55
47 57
47 65
47 75
48 52
48 59
48 60
48 68
49 57
49 61
49 63
49 67
49 71
49 77
49 78
50 57
50 61
50 67
50 75
50 78
51 52
51 53
51 58
51 62
51 66
51 71
52 53
52 71
52 77
53 58
53 63
54 59
54 63
54 66
54 67
54 68
54 77
55 59
55 60
55 61
55 65
55 76
55 77
56 57
56 58
56 60
56 68
56 69
57 58
57 61
57 66
57 71
57 79
58 61
58 63
58 65
58 71
59 64
59 70
59 72
59 78
60 66
60 72
60 74
60 78
60 79
61 63
61 67
61 72
61 73
62 67
62 77
62 79
63 71
63 77
64 78
65 73
65 79
66 72
66 75
66 78
67 75
68 70
68 73
68 76
68 77
69 75
69 76
70 76
70 78
72 74
73 74
75 78
75 79
76 79
