60 180
11 15 4 7 4 14 4 14 7 0 9 12 8 5 4 7 15 11 2 2 14 4 6 15 12 7 15 7 2 7 6 5 6 1 7 1 0 2 12 8 10 5 6 4 11 8 5 3 13 1 10 4 1 13 10 11 7 3 8 6 
0 1
0 23
0 30
0 31
0 38
0 55
1 30
1 31
1 38
1 47
1 51
1 56
2 4
2 11
2 22
2 26
2 43
2 46
3 15
3 24
3 28
3 33
3 44
3 54
4 14
4 21
4 22
4 43
4 46
5 9
5 13
5 19
5 34
5 36
5 57
6 17
6 26
6 32
6 41
6 49
6 59
7 24
7 28
7 38
7 44
7 47
7 51
7 53
8 12
8 15
8 35
8 40
8 42
8 54
8 58
9 10
9 27
9 34
9 36
9 39
9 50
10 29
10 34
10 39
10 50
10 52
11 17
11 22
11 26
11 27
11 41
11 46
12 14
12 18
12 35
12 42
12 58
13 19
13 20
13 27
13 34
13 36
13 57
14 18
14 21
14 27
14 42
14 43
15 33
15 35
15 54
15 58
16 51
17 26
17 32
17 41
17 46
18 21
18 42
18 43
18 58
19 20
19 36
19 49
19 57
20 32
20 49
20 57
20 59
21 22
21 42
21 43
21 56
22 43
22 46
23 25
23 31
23 45
23 48
23 55
24 28
24 33
24 44
24 54
25 29
25 39
25 45
25 48
25 52
26 41
26 46
26 53
26 56
27 38
27 43
28 44
28 47
28 51
29 39
29 48
29 50
29 52
30 31
30 38
30 47
30 55
31 37
31 45
31 55
32 41
32 49
32 59
33 35
33 44
33 54
34 36
34 50
35 54
35 58
36 50
37 48
38 47
38 51
39 50
39 52
40 42
40 55
41 59
42 58
44 51
45 48
45 52
45 55
47 51
48 52
48 55
49 57
49 59
52 53
57 59
