70 105
1 13 13 1 0 9 0 4 5 8 11 8 6 1 9 5 10 11 9 9 2 7 4 9 5 6 7 14 6 0 12 5 5 15 14 3 13 5 4 0 14 2 11 0 7 10 13 8 5 14 10 14 15 4 5 10 7 7 5 13 14 6 15 15 6 12 15 1 4 12 
0 16
0 17
0 18
0 43
0 51
1 4
1 14
1 34
1 53
2 8
2 21
2 39
2 46
2 54
3 41
3 54
3 58
4 48
4 60
5 15
5 31
5 34
6 26
7 39
8 19
8 47
8 50
8 68
9 40
9 57
10 33
10 36
10 49
10 62
11 22
12 32
12 37
12 54
12 58
13 15
13 31
13 49
13 53
15 29
15 34
17 33
17 45
17 59
17 69
18 20
18 55
18 64
18 67
21 48
21 60
22 37
22 43
22 55
23 28
23 33
24 61
25 31
25 36
25 55
26 37
26 51
27 46
27 55
28 55
28 56
28 60
28 64
29 48
29 68
30 31
30 43
32 56
33 46
33 51
33 61
33 64
34 43
34 44
35 61
38 43
39 49
39 62
40 49
41 49
42 59
43 45
44 45
44 53
44 65
47 66
48 53
49 54
49 69
50 53
51 62
52 68
53 63
54 60
55 63
61 63
