70 451
15 9 1 7 9 12 4 6 2 12 3 7 14 13 4 9 11 9 14 2 11 11 4 8 1 11 0 3 3 7 15 15 12 9 11 8 7 9 10 14 5 12 0 2 5 3 2 11 0 3 14 13 4 11 0 11 12 12 11 8 1 12 5 1 13 7 10 3 14 12 
0 2
0 4
0 36
0 37
0 39
0 47
0 59
0 65
0 68
1 3
1 10
1 18
1 24
1 26
1 41
1 60
1 65
2 10
2 12
2 18
2 24
2 33
2 35
2 38
2 43
2 46
2 55
2 60
2 63
2 69
3 9
3 12
3 17
3 19
3 21
3 27
3 28
3 31
3 39
3 41
3 47
3 48
3 49
3 54
3 62
3 67
3 68
4 6
4 7
4 13
4 28
4 38
4 54
4 65
5 8
5 16
5 25
5 26
5 35
5 37
5 44
5 45
5 47
5 53
5 68
6 7
6 25
6 26
6 32
6 36
6 43
6 48
6 52
6 57
6 60
6 61
6 62
6 64
6 65
7 10
7 14
7 15
7 25
7 26
7 28
7 29
7 31
7 33
7 34
7 37
7 38
7 39
7 42
7 48
7 50
7 60
7 63
8 10
8 21
8 47
8 50
8 52
8 57
8 63
9 14
9 15
9 21
9 31
9 43
9 47
9 52
9 58
9 66
9 67
9 69
10 11
10 16
10 19
10 27
10 39
10 44
10 45
10 49
10 51
10 57
10 59
10 65
10 67
10 68
11 19
11 22
11 24
11 26
11 33
11 56
11 59
11 60
11 62
12 14
12 20
12 28
12 31
12 37
12 43
12 47
12 50
12 67
12 69
13 14
13 19
13 20
13 21
13 31
13 44
13 47
13 56
13 60
13 66
13 68
13 69
14 19
14 23
14 32
14 35
14 38
14 40
14 41
14 45
14 46
14 48
14 60
14 61
14 62
14 66
14 69
15 24
15 25
15 40
15 41
15 43
15 52
15 55
15 57
15 64
15 67
16 17
16 19
16 27
16 37
16 38
16 53
16 62
16 65
17 38
17 40
17 41
17 46
17 52
17 58
17 59
18 20
18 21
18 23
18 25
18 28
18 30
18 33
18 36
18 38
18 48
18 57
18 59
19 29
19 42
19 45
19 47
19 48
19 49
19 51
19 52
19 64
19 68
20 30
20 41
20 45
20 55
20 59
20 60
20 61
20 64
20 68
21 24
21 29
21 31
21 33
21 37
21 39
21 45
21 53
21 56
21 58
21 66
21 68
21 69
22 28
22 37
22 40
22 56
22 58
22 61
22 62
22 65
23 38
23 39
23 42
23 45
23 51
23 52
23 68
23 69
24 27
24 30
24 38
24 40
24 69
25 33
25 38
25 44
25 46
25 55
25 61
25 66
26 30
26 37
26 38
26 39
26 42
26 53
27 29
27 40
27 41
27 44
27 52
27 58
27 66
27 68
28 34
28 35
28 37
28 48
28 52
28 53
28 55
28 57
28 58
28 64
28 66
28 67
29 31
29 36
29 51
29 60
29 63
29 67
30 34
30 43
30 44
30 51
30 54
30 66
31 32
31 52
31 57
31 62
31 64
32 36
32 44
32 47
32 52
32 55
32 58
32 60
32 65
32 69
33 34
33 42
33 44
33 47
33 49
33 52
33 54
33 59
33 68
34 44
34 48
34 64
34 65
34 66
34 68
34 69
35 37
35 41
35 43
35 46
35 49
35 50
36 39
36 40
36 42
36 55
36 57
36 58
36 60
36 64
36 66
37 38
37 40
37 41
37 42
37 46
37 53
38 40
38 45
38 47
38 51
38 56
38 67
39 43
39 49
39 57
39 63
40 50
40 54
40 63
41 45
41 49
41 53
42 46
42 48
42 49
42 50
42 57
42 61
43 49
43 53
43 66
44 55
44 59
44 66
44 69
45 48
45 50
45 56
45 62
46 52
46 54
46 55
46 56
46 60
46 69
47 48
48 49
48 51
48 55
48 58
48 68
49 52
49 60
49 61
49 67
50 51
50 57
50 62
50 66
50 67
51 55
51 56
51 58
51 67
51 69
52 65
53 55
53 58
54 56
54 62
54 64
54 68
55 60
55 66
55 69
56 61
56 63
56 67
56 68
57 59
57 64
57 67
58 60
58 66
58 68
58 69
60 61
60 66
60 67
60 69
61 64
61 65
62 63
64 69
65 69
67 69
