90 178
10 10 1 12 11 5 9 7 2 11 7 9 3 4 6 9 6 13 10 5 7 9 3 13 7 14 2 10 11 11 9 11 1 6 7 14 4 7 5 11 11 10 13 5 4 14 12 12 0 10 8 1 12 15 9 10 12 5 6 12 7 3 14 11 15 5 10 14 6 7 11 10 9 14 13 8 9 10 0 8 10 0 5 4 12 4 5 14 1 10 
0 9
0 11
0 73
0 81
0 85
1 6
1 12
1 52
1 59
2 23
2 45
2 53
3 11
3 20
3 27
4 17
4 43
4 45
4 77
4 80
5 35
5 48
5 51
5 53
6 24
6 76
7 18
8 20
8 29
8 30
8 52
8 57
8 86
9 18
9 66
9 84
10 16
10 17
10 25
10 73
10 75
11 67
11 68
11 78
12 43
12 77
13 27
13 35
13 37
13 54
13 85
14 21
14 40
14 54
14 83
15 16
15 46
15 49
16 45
16 75
16 77
17 27
17 37
17 55
18 40
18 44
18 80
18 83
19 32
19 36
19 39
19 50
19 88
21 42
21 46
21 53
21 79
22 33
22 54
22 60
22 61
23 38
23 63
23 72
24 29
24 52
24 69
25 28
25 56
26 33
26 87
27 66
27 79
28 31
28 62
28 73
28 86
29 41
29 60
30 40
30 54
30 60
31 39
31 50
32 38
32 44
32 63
32 82
33 70
33 72
34 46
34 64
35 47
35 68
35 72
36 56
36 87
36 89
37 47
37 75
38 61
38 66
38 74
38 88
39 53
39 73
40 57
41 69
41 70
42 54
42 61
42 88
43 52
43 57
43 88
44 59
45 47
45 49
45 84
46 58
47 48
47 89
48 62
49 58
49 81
50 71
50 82
51 68
51 78
53 55
53 88
55 59
55 73
55 79
56 75
57 80
58 64
58 67
58 77
60 70
61 72
62 87
62 89
63 74
64 65
65 67
65 78
66 83
66 85
67 81
68 85
69 76
74 82
75 89
79 83
80 84
80 86
81 84
