70 870
13 9 15 15 1 9 13 3 14 11 2 10 15 7 9 1 9 8 8 5 12 6 7 9 0 0 1 14 12 0 8 13 13 11 2 12 1 14 1 5 9 1 2 4 3 12 15 8 0 13 13 6 1 4 15 11 10 6 11 11 6 10 3 11 0 8 7 6 14 3 
0 7
0 8
0 10
0 14
0 16
0 19
0 20
0 21
0 23
0 24
0 32
0 35
0 37
0 39
0 40
0 42
0 43
0 45
0 46
0 48
0 51
0 55
0 62
0 65
1 18
1 19
1 20
1 26
1 29
1 32
1 34
1 35
1 36
1 40
1 41
1 43
1 44
1 45
1 47
1 48
1 58
1 59
1 61
1 63
1 66
1 68
1 69
2 8
2 10
2 12
2 15
2 16
2 17
2 19
2 20
2 22
2 25
2 26
2 27
2 29
2 30
2 32
2 33
2 36
2 38
2 41
2 42
2 43
2 46
2 50
2 61
2 65
2 68
3 7
3 8
3 10
3 11
3 14
3 16
3 17
3 25
3 26
3 30
3 32
3 33
3 36
3 40
3 41
3 42
3 44
3 45
3 46
3 47
3 49
3 52
3 53
3 54
3 55
3 56
3 57
3 58
3 59
3 61
3 65
3 66
3 67
3 68
4 5
4 6
4 13
4 18
4 21
4 22
4 23
4 25
4 26
4 28
4 29
4 30
4 33
4 40
4 42
4 45
4 46
4 47
4 48
4 56
4 57
4 58
4 59
4 60
4 65
5 6
5 7
5 11
5 12
5 15
5 16
5 18
5 24
5 25
5 28
5 31
5 36
5 37
5 43
5 46
5 56
5 63
5 65
6 8
6 10
6 12
6 15
6 16
6 19
6 21
6 22
6 24
6 30
6 31
6 32
6 37
6 38
6 44
6 46
6 48
6 55
6 58
6 60
6 63
6 64
7 10
7 11
7 17
7 18
7 20
7 22
7 26
7 29
7 32
7 33
7 34
7 36
7 43
7 44
7 48
7 52
7 53
7 54
7 59
7 63
7 65
7 67
8 9
8 10
8 11
8 12
8 14
8 15
8 19
8 21
8 22
8 28
8 42
8 46
8 51
8 52
8 53
8 56
8 59
8 61
8 65
8 66
8 67
8 68
9 11
9 13
9 16
9 18
9 19
9 20
9 23
9 28
9 31
9 32
9 41
9 42
9 45
9 47
9 48
9 50
9 53
9 54
9 55
9 57
9 58
9 59
9 65
9 66
9 69
10 11
10 12
10 16
10 17
10 19
10 26
10 27
10 30
10 31
10 32
10 33
10 34
10 39
10 49
10 62
10 64
10 65
10 68
11 13
11 14
11 15
11 19
11 20
11 21
11 22
11 24
11 26
11 28
11 33
11 36
11 38
11 40
11 43
11 44
11 45
11 46
11 47
11 48
11 52
11 58
11 59
11 60
11 64
11 65
11 67
11 69
12 19
12 24
12 27
12 28
12 30
12 32
12 35
12 38
12 40
12 42
12 43
12 45
12 46
12 48
12 49
12 50
12 52
12 54
12 55
12 56
12 57
12 60
12 63
12 65
12 67
13 18
13 19
13 20
13 24
13 26
13 32
13 33
13 36
13 43
13 44
13 48
13 52
13 55
13 57
13 65
13 69
14 15
14 16
14 17
14 20
14 22
14 23
14 24
14 29
14 32
14 39
14 50
14 56
14 61
14 63
14 64
14 67
14 69
15 24
15 25
15 29
15 30
15 31
15 37
15 42
15 44
15 45
15 47
15 54
15 60
15 63
15 65
15 67
16 19
16 22
16 25
16 27
16 32
16 33
16 35
16 36
16 38
16 39
16 40
16 41
16 42
16 43
16 44
16 48
16 50
16 53
16 55
16 61
16 66
16 69
17 18
17 19
17 21
17 22
17 23
17 26
17 28
17 30
17 31
17 32
17 38
17 39
17 40
17 41
17 42
17 44
17 46
17 50
17 55
17 56
17 61
17 65
17 66
17 67
17 69
18 26
18 29
18 32
18 36
18 39
18 42
18 51
18 53
18 61
18 63
18 65
18 67
19 21
19 22
19 23
19 25
19 26
19 28
19 29
19 30
19 31
19 32
19 37
19 39
19 43
19 57
19 59
19 60
19 63
19 64
19 69
20 22
20 25
20 26
20 27
20 30
20 31
20 32
20 37
20 41
20 45
20 46
20 55
20 56
20 58
20 59
21 24
21 29
21 30
21 31
21 35
21 36
21 41
21 42
21 44
21 47
21 51
21 53
21 55
21 57
21 68
22 23
22 24
22 25
22 26
22 28
22 30
22 31
22 32
22 36
22 38
22 40
22 43
22 44
22 50
22 51
22 53
22 55
22 59
22 60
22 61
22 64
22 68
23 24
23 27
23 31
23 32
23 34
23 37
23 40
23 43
23 45
23 51
23 52
23 55
23 65
23 66
23 67
23 68
23 69
24 25
24 27
24 28
24 30
24 38
24 42
24 46
24 49
24 51
24 52
24 56
24 61
24 63
24 65
24 66
24 67
24 68
25 27
25 28
25 29
25 31
25 32
25 33
25 36
25 37
25 40
25 41
25 47
25 49
25 50
25 57
25 59
25 61
25 65
25 66
26 28
26 30
26 31
26 32
26 33
26 35
26 39
26 42
26 47
26 49
26 50
26 55
26 59
26 60
26 64
26 66
26 67
26 69
27 28
27 30
27 33
27 34
27 39
27 40
27 45
27 48
27 50
27 53
27 58
27 59
27 60
27 61
27 62
27 66
28 33
28 37
28 38
28 39
28 42
28 44
28 46
28 49
28 51
28 53
28 56
28 57
28 59
28 65
28 69
29 34
29 35
29 37
29 39
29 42
29 44
29 45
29 47
29 48
29 49
29 51
29 57
29 58
29 59
29 60
29 65
29 66
30 33
30 39
30 43
30 46
30 47
30 49
30 51
30 52
30 53
30 63
30 67
30 69
31 32
31 44
31 47
31 48
31 50
31 51
31 53
31 58
31 63
31 64
31 69
32 33
32 39
32 40
32 42
32 44
32 50
32 52
32 53
32 56
32 57
32 58
32 62
32 64
32 68
32 69
33 34
33 38
33 39
33 40
33 42
33 43
33 50
33 51
33 53
33 55
33 57
34 36
34 40
34 41
34 44
34 45
34 48
34 49
34 51
34 53
34 55
34 60
34 62
34 65
34 67
34 68
34 69
35 40
35 46
35 50
35 51
35 58
35 64
35 68
36 37
36 39
36 46
36 47
36 49
36 52
36 53
36 55
36 56
36 61
36 62
36 63
36 69
37 39
37 46
37 52
37 57
37 59
37 63
37 65
37 66
37 67
38 42
38 49
38 50
38 52
38 55
38 57
38 60
38 61
38 63
38 65
38 69
39 41
39 43
39 44
39 45
39 47
39 51
39 56
39 57
39 58
39 60
39 68
40 43
40 45
40 47
40 48
40 52
40 55
40 58
40 60
40 64
40 65
40 66
40 68
40 69
41 42
41 51
41 55
41 64
41 67
41 69
42 43
42 45
42 46
42 50
42 52
42 57
42 61
42 65
42 67
43 45
43 48
43 51
43 53
43 55
43 57
43 64
44 48
44 54
44 55
44 57
44 62
44 69
45 48
45 52
45 54
45 55
45 61
45 65
45 66
45 68
45 69
46 49
46 51
46 52
46 53
46 55
46 58
46 61
46 62
46 67
47 55
47 61
47 62
47 63
47 66
47 69
48 52
48 54
48 55
48 56
48 63
48 64
48 67
49 53
49 55
49 58
49 59
49 60
49 61
49 69
50 53
50 57
50 68
50 69
51 54
51 55
51 58
51 59
51 61
51 62
51 69
52 54
52 56
52 57
52 61
52 64
52 68
53 55
53 56
53 62
53 65
54 57
54 59
54 60
54 64
54 66
54 69
55 58
55 62
55 65
55 67
56 57
56 58
56 59
56 60
56 61
56 66
56 67
56 68
57 67
57 69
58 61
58 62
58 68
58 69
59 61
59 63
59 66
59 67
59 68
60 61
60 62
60 63
60 66
60 68
60 69
61 62
61 65
61 69
62 63
63 66
63 67
63 68
64 65
64 66
65 69
67 68
