70 459
8 10 12 4 10 8 2 0 4 4 15 1 5 0 8 3 13 12 10 11 10 9 13 9 12 0 15 6 8 14 9 2 2 10 13 7 8 5 3 15 1 5 10 7 1 4 10 15 12 1 14 13 3 12 13 15 9 5 5 6 7 6 9 14 5 5 4 8 11 2 
0 2
0 5
0 6
0 18
0 22
0 23
0 25
0 36
0 43
0 44
0 50
0 55
0 63
0 64
0 65
0 67
1 10
1 14
1 16
1 18
1 21
1 24
1 26
1 29
1 32
1 34
1 41
1 45
1 46
1 51
1 57
1 68
2 6
2 16
2 18
2 29
2 34
2 51
2 59
2 69
3 7
3 14
3 28
3 31
3 36
3 37
3 38
3 45
3 48
3 49
3 54
3 61
3 62
3 63
3 64
3 66
3 67
4 8
4 15
4 16
4 18
4 19
4 20
4 21
4 35
4 40
4 43
4 47
4 48
4 50
4 52
4 54
4 56
4 58
5 8
5 10
5 12
5 14
5 20
5 22
5 28
5 43
5 44
5 48
5 54
5 55
5 60
5 63
5 64
5 66
6 13
6 22
6 23
6 24
6 29
6 31
6 36
6 46
6 69
7 10
7 14
7 15
7 17
7 19
7 20
7 21
7 22
7 32
7 33
7 36
7 44
7 56
7 64
8 12
8 14
8 20
8 25
8 29
8 31
8 35
8 37
8 40
8 55
9 10
9 13
9 24
9 25
9 26
9 28
9 31
9 38
9 45
9 48
9 52
9 62
10 16
10 18
10 20
10 23
10 26
10 33
10 34
10 35
10 37
10 42
10 43
10 47
10 57
10 61
11 17
11 19
11 27
11 28
11 31
11 35
11 39
11 46
11 47
11 55
12 19
12 22
12 23
12 28
12 29
12 34
12 38
12 39
12 50
12 51
12 54
12 64
13 18
13 22
13 26
13 28
13 35
13 38
13 42
13 53
13 54
13 63
14 17
14 22
14 24
14 28
14 35
14 39
14 48
14 50
14 52
14 56
15 16
15 44
15 57
15 62
16 18
16 19
16 22
16 32
16 33
16 40
16 47
16 53
16 55
16 58
16 68
17 19
17 25
17 32
17 33
17 49
17 54
17 59
17 64
17 65
18 20
18 21
18 26
18 38
18 66
18 67
19 22
19 25
19 32
19 36
19 41
19 49
19 55
19 64
19 69
20 25
20 34
20 44
20 45
20 49
20 51
20 55
20 60
21 24
21 27
21 29
21 38
21 44
21 59
21 65
21 66
21 67
22 26
22 27
22 33
22 36
22 38
22 43
22 59
22 68
23 30
23 35
23 36
23 54
23 62
23 67
24 29
24 30
24 41
24 44
24 48
24 50
24 52
24 53
24 54
24 55
24 61
24 66
25 31
25 41
25 47
25 50
25 52
25 55
25 56
25 61
26 42
26 45
26 47
26 54
26 59
26 60
26 66
26 69
27 31
27 33
27 34
27 35
27 39
27 46
27 57
27 59
27 60
27 61
27 67
28 29
28 30
28 33
28 35
28 53
28 57
28 58
28 63
28 64
28 65
29 33
29 37
29 39
29 49
29 53
30 37
30 42
30 49
30 54
30 55
30 56
31 33
31 38
31 61
31 67
32 43
32 47
32 48
32 49
32 57
32 59
32 63
32 66
32 69
33 34
33 35
33 41
33 45
33 61
33 64
33 67
34 42
34 45
34 52
34 56
34 61
35 38
35 40
35 42
35 45
35 48
35 54
35 63
35 68
36 37
36 41
36 51
36 59
36 60
36 64
36 68
36 69
37 41
37 46
37 61
37 68
37 69
38 42
38 45
38 48
38 51
38 57
38 62
38 68
39 40
39 48
39 49
39 54
39 61
40 44
40 49
40 55
40 57
40 61
40 63
40 64
41 47
41 48
41 49
41 58
41 60
41 67
42 43
42 55
42 62
43 53
43 54
44 45
44 53
44 55
44 56
44 62
44 66
44 69
45 53
45 54
46 50
46 55
46 58
46 65
47 48
47 53
47 58
47 69
48 49
48 50
48 54
48 56
48 60
48 66
48 68
49 54
49 56
49 64
49 65
50 53
50 58
50 64
51 53
51 54
51 57
52 53
52 61
52 64
52 65
52 68
53 54
53 65
54 59
54 64
54 66
54 68
54 69
55 63
55 67
56 61
56 65
56 66
57 68
57 69
60 65
60 66
60 69
61 63
61 66
62 65
63 68
63 69
64 69
