60 334
13 10 10 15 9 9 8 12 3 1 0 5 15 1 8 2 14 14 14 0 4 14 7 13 9 5 14 15 1 1 4 5 14 3 11 0 14 8 9 11 7 0 6 5 3 10 15 0 15 13 9 5 14 0 12 8 14 15 0 4 
0 1
0 5
0 8
0 16
0 26
0 40
0 51
0 53
1 4
1 7
1 22
1 29
1 30
1 38
1 41
1 44
1 47
1 53
1 59
2 6
2 9
2 10
2 14
2 16
2 17
2 31
2 32
2 33
2 46
2 51
3 4
3 5
3 6
3 10
3 11
3 13
3 21
3 26
3 30
3 38
3 40
3 57
4 10
4 11
4 14
4 28
4 31
4 36
4 37
4 39
4 41
4 44
5 14
5 16
5 17
5 19
5 27
5 31
5 38
5 42
5 44
5 46
5 50
5 56
6 7
6 13
6 20
6 25
6 38
6 48
6 50
6 59
7 10
7 22
7 26
7 36
7 39
7 42
7 43
7 45
7 48
7 49
7 56
7 58
8 13
8 16
8 18
8 19
8 27
8 30
8 32
8 34
8 43
8 47
8 51
8 56
8 59
9 19
9 20
9 28
9 31
9 52
9 57
9 59
10 11
10 18
10 19
10 24
10 28
10 30
10 34
10 42
10 52
10 55
10 57
11 18
11 29
11 30
11 39
11 48
11 51
11 59
12 18
12 21
12 22
12 30
12 36
12 39
12 52
12 54
13 17
13 20
13 23
13 29
13 32
13 39
13 43
13 54
14 19
14 25
14 26
14 27
14 32
14 45
14 51
14 59
15 20
15 26
15 27
15 38
15 40
15 55
15 58
16 21
16 24
16 35
16 40
16 44
16 50
16 52
16 55
16 58
16 59
17 19
17 28
17 34
17 39
17 44
17 46
17 51
17 55
17 56
17 57
18 19
18 25
18 26
18 28
18 29
18 32
18 40
18 43
18 59
19 27
19 28
19 31
19 36
19 37
19 40
19 44
19 49
19 52
19 57
20 21
20 26
20 30
20 33
20 37
20 38
20 39
20 40
20 47
20 53
20 58
21 24
21 28
21 30
21 42
21 44
21 50
22 27
22 33
22 38
22 44
22 47
23 35
23 39
23 41
23 48
23 56
23 59
24 25
24 28
24 29
24 35
24 36
24 46
24 50
24 52
24 57
24 58
25 26
25 39
25 40
26 27
26 30
26 35
26 36
26 41
26 43
26 45
26 47
26 56
27 31
27 32
27 34
27 53
27 59
28 31
28 34
28 44
28 47
28 49
28 56
28 57
28 59
29 34
29 39
29 45
29 59
30 32
30 33
30 35
30 38
30 40
30 41
31 35
31 36
31 38
31 39
31 54
32 39
32 42
32 47
32 53
32 57
33 35
33 58
33 59
34 36
34 37
34 39
34 49
34 56
35 44
35 45
36 45
36 47
36 48
36 54
37 47
38 39
38 44
38 46
38 47
38 59
39 40
39 43
39 47
39 53
40 42
40 44
40 45
40 46
40 50
40 58
41 57
41 58
42 47
42 48
43 44
43 56
44 45
44 47
44 48
44 57
44 59
45 47
45 56
45 58
46 47
47 48
47 49
47 55
49 59
50 53
50 54
51 55
51 57
52 53
53 57
54 57
54 58
56 59
57 59
