50 117
5 7 5 1 5 1 0 6 1 4 4 0 0 0 7 3 6 3 4 7 5 1 2 1 1 4 7 0 5 2 3 5 4 3 1 0 6 7 3 6 1 4 3 2 1 2 7 6 3 0 
0 6
0 12
0 17
0 20
0 22
0 32
1 20
1 29
1 34
1 39
1 44
1 48
2 3
2 24
2 30
2 35
2 36
2 41
2 44
3 21
4 23
4 31
4 36
5 21
5 25
5 26
5 28
5 39
5 41
5 44
6 21
6 25
6 29
7 13
7 41
8 19
8 45
8 47
9 13
9 15
9 24
9 29
10 22
10 23
10 36
10 37
10 42
11 15
11 37
11 41
12 23
12 26
12 27
12 29
12 35
13 16
13 24
13 44
13 45
14 31
14 38
14 44
14 47
15 16
15 20
15 37
15 41
16 39
17 27
17 49
18 27
18 30
18 39
18 46
19 24
19 25
19 40
19 48
20 24
21 41
21 42
21 43
22 32
22 44
22 45
22 48
23 26
23 28
23 32
23 38
23 42
25 30
25 38
25 42
25 44
26 27
26 40
26 42
26 47
27 30
27 33
27 46
29 32
29 40
30 40
30 46
31 46
32 37
32 46
32 49
33 39
33 42
36 37
37 39
38 45
41 44
46 47
