30 132
6 0 3 2 5 1 4 3 0 5 1 7 0 1 2 1 6 1 1 1 7 0 5 6 2 3 6 2 0 1 
0 8
0 9
0 12
0 15
0 17
0 28
1 2
1 4
1 6
1 7
1 9
1 11
1 15
1 16
1 17
1 18
1 22
1 26
1 29
2 6
2 8
2 10
2 11
2 16
2 18
2 20
2 21
2 24
2 26
2 27
2 28
2 29
3 8
3 13
3 15
3 19
3 22
3 25
4 6
4 8
4 9
4 11
4 12
4 15
4 21
4 22
4 23
4 26
4 27
4 29
5 14
5 18
5 20
6 9
6 11
6 12
6 14
6 18
6 22
6 24
6 26
6 27
6 28
7 14
7 25
8 24
8 25
8 29
9 11
9 12
9 14
9 15
9 16
9 20
9 27
10 20
10 25
10 27
11 16
11 20
11 26
11 27
12 15
12 18
12 19
12 20
12 24
12 25
12 26
12 27
12 28
12 29
13 14
13 15
13 21
14 15
14 18
14 19
14 22
14 28
15 16
15 17
15 19
15 20
15 23
15 24
15 27
15 29
16 20
16 24
16 26
16 29
17 19
17 28
18 19
18 21
18 27
19 21
20 24
20 25
20 27
20 29
21 25
22 23
22 25
23 25
23 26
23 29
24 26
24 27
24 29
26 29
