70 235
4 6 8 5 3 7 4 0 9 10 2 1 4 9 6 12 0 6 13 13 15 5 1 1 0 13 15 4 9 1 7 0 11 12 7 6 11 14 13 3 15 4 0 15 6 5 2 1 10 14 9 11 9 10 15 1 11 1 9 3 15 10 7 12 2 6 0 11 14 4 
0 27
0 50
0 54
0 69
1 6
1 9
1 33
1 55
1 68
2 4
2 13
2 15
2 25
2 29
2 52
2 56
2 60
3 8
3 17
3 20
3 21
3 38
3 51
3 54
3 59
3 62
4 8
4 9
4 15
4 16
4 19
4 23
4 33
4 37
4 56
4 65
4 69
5 10
5 32
5 40
6 17
6 33
6 38
6 40
7 13
7 20
7 26
7 68
7 69
8 11
8 13
8 14
8 22
8 30
8 37
8 44
8 51
8 58
9 16
9 32
9 36
9 38
9 41
9 54
9 65
10 24
10 27
10 44
10 51
11 19
11 30
11 34
11 37
11 47
11 59
11 69
12 14
12 19
12 32
12 44
12 60
13 42
13 54
13 61
14 20
14 23
14 26
15 36
15 59
15 69
16 31
16 32
16 52
16 54
16 60
17 19
17 36
17 48
17 55
18 24
18 36
18 40
18 48
18 59
18 65
19 38
20 34
20 35
21 31
21 37
21 46
21 54
21 62
22 44
22 46
22 59
23 24
23 41
23 46
23 47
23 48
23 49
23 52
24 28
24 29
24 32
24 47
24 52
24 54
24 63
24 68
25 30
25 55
25 68
26 54
26 63
27 33
27 37
28 43
29 40
29 56
29 66
30 38
30 44
30 51
30 55
30 62
30 65
31 43
31 63
32 33
32 46
32 52
32 54
32 55
33 52
33 53
33 59
33 62
34 36
34 57
34 59
34 64
35 36
35 62
35 67
36 37
36 42
36 47
36 53
36 59
37 38
37 43
37 58
37 62
38 41
39 42
39 46
39 47
39 53
39 57
39 62
39 63
40 44
40 45
40 51
40 66
41 64
42 43
42 46
42 63
42 69
43 49
43 53
43 56
43 66
43 67
44 69
45 56
46 55
46 62
46 66
47 49
47 51
47 54
47 57
47 58
47 64
48 57
48 63
49 50
49 52
50 62
51 54
52 59
52 63
52 64
52 67
53 59
53 67
54 68
55 57
55 58
55 63
56 59
56 64
57 66
57 67
58 65
58 66
58 67
60 61
60 65
60 66
61 69
