90 255
5 15 2 4 15 3 7 11 3 0 10 8 2 14 13 15 7 11 10 6 6 11 7 6 5 15 6 10 15 4 3 10 13 9 13 7 9 14 8 12 5 12 13 8 3 12 5 0 12 13 5 3 9 7 5 4 4 11 15 15 11 1 6 7 14 13 2 7 7 9 9 2 5 14 10 6 6 2 5 7 7 2 5 10 11 0 3 4 2 8 
0 14
0 28
0 63
0 78
1 6
1 28
1 33
1 42
1 57
1 66
2 16
2 30
2 81
3 60
3 65
4 30
4 38
4 45
4 70
5 18
5 22
5 28
5 38
5 42
5 62
5 63
5 79
6 11
6 13
6 21
6 29
6 41
6 58
6 59
6 89
7 19
7 40
7 45
7 52
7 77
8 39
8 41
8 49
8 54
8 58
8 84
8 88
9 13
9 27
9 28
9 33
9 59
9 73
9 80
9 81
10 14
10 56
10 60
11 44
11 51
11 57
11 61
11 62
11 74
11 80
12 35
12 42
12 51
12 65
12 76
13 21
13 52
13 56
13 58
13 75
14 32
14 39
14 52
15 23
15 45
15 52
15 72
15 76
15 81
15 86
16 30
16 31
16 45
16 73
16 75
17 18
17 42
17 47
17 48
17 56
18 30
18 36
18 39
18 48
19 20
19 40
19 52
19 65
19 87
19 89
20 58
20 61
21 32
21 33
21 37
21 44
21 62
21 69
21 73
22 30
22 44
22 51
22 72
22 89
23 25
23 29
24 33
24 61
25 44
25 49
25 85
26 42
26 48
26 73
26 85
27 46
28 39
28 50
28 58
28 63
28 86
29 39
29 83
30 43
30 52
30 55
30 78
31 65
31 82
32 41
32 54
32 59
32 68
32 81
33 77
34 35
34 49
34 67
34 68
34 81
35 52
36 38
36 51
36 60
37 39
37 40
37 50
37 79
38 76
38 78
38 80
39 48
39 49
39 62
39 66
39 74
39 76
40 54
40 78
40 84
41 53
41 65
41 66
41 80
42 87
42 89
43 55
43 56
44 50
44 59
44 75
45 54
45 58
45 59
45 75
45 78
46 47
46 66
46 73
47 65
47 70
47 85
47 89
48 54
48 57
48 72
49 61
50 62
50 67
50 74
50 86
51 61
51 66
52 67
52 71
52 74
52 88
53 74
53 83
55 67
55 68
55 79
56 63
56 71
56 85
56 87
56 88
57 58
57 71
57 77
57 79
57 84
58 63
59 64
59 74
61 69
61 88
62 77
62 81
62 85
63 71
63 77
63 87
64 79
64 82
65 86
66 72
66 84
66 89
67 85
68 74
68 80
68 84
69 75
73 85
75 88
79 89
80 84
81 82
86 88
