80 181
10 13 5 1 6 15 1 12 11 10 11 5 11 1 5 7 7 2 12 8 1 8 10 1 13 14 6 13 15 11 12 6 7 0 14 1 11 6 3 0 12 0 12 11 14 2 1 2 6 12 11 4 5 6 14 7 11 6 2 2 6 7 13 15 7 14 14 5 9 13 9 12 5 11 12 0 3 5 14 13 
0 8
0 55
0 67
0 79
1 53
1 62
1 70
1 71
2 4
2 57
2 59
2 76
3 4
3 18
3 36
3 42
3 56
3 68
4 15
5 25
5 50
5 75
6 27
6 31
6 63
7 23
7 40
7 44
7 71
8 10
8 51
8 74
9 79
10 52
10 61
11 22
11 29
11 37
11 49
11 72
12 23
12 33
12 63
13 32
13 44
13 62
14 17
14 26
14 40
14 49
14 71
14 76
15 77
16 27
16 38
16 39
16 40
16 51
16 58
17 37
17 68
17 73
18 33
18 48
18 49
18 50
18 60
18 72
19 41
20 37
20 39
20 41
20 57
21 34
21 37
21 77
22 24
22 27
22 75
23 42
23 46
23 66
24 34
24 37
24 47
24 53
25 33
25 54
25 78
26 29
26 42
26 43
26 61
26 63
26 73
27 36
27 53
27 58
28 60
28 76
29 41
29 56
29 78
30 36
30 47
30 63
30 68
30 69
31 71
32 49
32 54
32 64
32 75
32 76
32 79
33 66
34 41
34 57
34 62
34 72
35 68
36 41
36 43
36 46
36 74
36 78
37 40
37 60
37 77
38 44
38 56
38 60
38 66
39 51
40 42
40 55
41 45
41 63
41 67
41 70
42 57
42 60
42 77
42 78
43 44
43 47
43 75
44 50
45 49
45 70
45 74
46 53
47 53
48 77
48 78
49 69
49 74
50 71
52 72
53 62
53 63
54 58
54 70
55 59
55 75
58 61
58 65
59 60
61 65
62 71
63 64
63 69
64 78
66 68
67 68
67 75
67 76
68 72
68 79
73 75
73 77
