80 140
1 15 6 2 4 13 0 8 9 5 12 8 9 12 6 10 5 3 9 9 4 3 13 0 11 0 13 9 14 15 6 11 2 12 11 15 5 8 13 1 3 2 12 0 7 4 13 12 9 11 1 10 10 3 0 7 8 7 3 13 5 12 2 8 0 8 4 12 8 7 8 13 13 15 4 6 11 14 12 5 
0 34
0 35
0 47
0 59
0 68
1 7
1 33
1 42
1 50
1 58
1 70
1 79
2 17
2 38
2 40
2 49
2 72
3 32
3 38
3 72
4 26
4 33
4 48
4 50
4 59
5 61
5 66
5 78
6 28
6 33
6 66
7 13
7 17
7 27
8 19
8 23
8 34
9 10
9 60
9 62
9 63
10 18
10 26
10 66
10 70
10 74
11 33
11 72
12 18
12 28
12 40
12 53
13 30
13 39
13 76
14 16
14 23
14 40
14 66
14 72
15 16
15 22
15 41
15 48
16 28
16 62
17 21
17 39
17 50
17 65
18 45
20 23
20 42
21 46
21 66
22 40
22 55
22 72
23 30
23 32
23 55
24 55
24 66
25 47
25 73
26 57
27 58
27 76
28 54
28 60
29 32
31 33
31 59
31 61
31 78
32 40
33 64
34 44
34 47
34 73
35 75
36 52
36 72
37 40
37 65
37 77
38 39
38 43
40 48
40 50
41 42
41 46
43 63
45 64
46 51
48 51
48 62
48 70
50 71
51 67
53 55
53 70
53 77
53 78
54 55
54 64
54 75
56 62
56 74
57 58
57 71
58 64
59 62
59 75
60 63
60 78
61 64
61 69
66 77
72 77
