70 312
7 3 11 10 12 11 8 15 8 12 6 15 10 7 9 14 5 2 4 2 10 0 14 12 14 8 13 13 5 1 8 4 11 9 11 14 7 11 13 11 5 2 9 8 4 9 2 3 10 10 11 1 12 8 4 0 8 1 5 13 1 9 6 2 6 2 11 9 9 6 
0 3
0 11
0 19
0 23
0 46
0 53
0 61
0 66
0 67
1 2
1 6
1 15
1 27
1 28
1 29
1 36
1 41
1 50
2 10
2 20
2 34
2 42
2 46
2 61
2 63
2 64
2 66
3 11
3 13
3 15
3 16
3 23
3 27
3 33
3 47
3 53
4 7
4 9
4 25
4 26
4 32
4 37
4 51
4 62
5 9
5 55
5 60
5 67
6 7
6 10
6 15
6 28
6 29
6 36
6 41
6 48
6 50
6 52
6 58
7 14
7 19
7 28
7 29
7 35
7 36
7 38
7 48
7 56
7 67
8 12
8 15
8 20
8 31
8 42
8 47
8 59
8 65
9 15
9 18
9 19
9 20
9 25
9 26
10 34
10 46
10 49
10 61
10 63
10 64
10 66
10 67
11 14
11 16
11 21
11 23
11 27
11 33
11 40
11 49
11 53
11 59
11 67
12 17
12 63
12 64
12 67
13 14
13 17
13 19
13 22
13 30
13 35
13 37
13 42
13 52
13 56
13 63
13 65
14 19
14 22
14 30
14 35
14 37
14 42
14 55
14 56
14 65
15 16
15 27
15 33
15 41
15 48
15 50
15 63
16 22
16 23
16 25
16 27
16 33
16 41
16 53
16 58
17 22
17 31
17 39
17 47
17 63
18 22
18 33
18 38
18 47
18 48
19 28
19 29
19 35
19 36
19 44
19 49
19 56
20 38
20 44
20 49
20 54
21 24
21 38
21 58
21 62
22 26
22 30
22 35
22 42
22 56
22 63
22 64
23 46
23 53
23 56
23 57
23 58
23 61
23 62
23 67
23 68
24 38
24 43
24 49
24 65
24 66
25 49
25 55
25 65
26 57
26 59
27 33
27 41
27 42
27 49
27 50
28 29
28 35
28 36
28 46
28 56
29 36
29 40
29 41
29 50
29 60
29 66
30 33
30 34
30 35
30 42
30 48
30 63
30 64
31 40
31 53
31 54
31 56
32 53
32 58
32 62
33 41
33 43
33 50
33 53
33 55
33 69
34 42
34 50
34 58
34 61
34 63
34 64
34 66
35 39
35 44
35 53
35 55
35 56
36 50
36 56
36 61
37 39
37 43
37 47
37 48
37 61
38 62
38 68
39 59
39 60
39 63
40 44
40 52
40 67
41 48
41 50
41 58
41 64
41 69
42 43
42 44
42 60
42 63
42 64
42 69
43 48
43 53
43 62
43 67
43 69
44 54
44 62
44 64
45 50
45 54
45 57
45 67
46 48
46 53
46 61
46 66
46 67
47 49
47 58
48 68
49 57
51 54
51 57
51 64
52 57
52 60
52 63
52 68
53 65
53 67
54 56
54 59
54 69
55 61
55 67
57 59
57 69
60 65
61 66
61 67
63 64
63 65
64 66
66 67
