70 311
9 9 8 0 1 8 12 14 2 3 0 6 13 5 11 8 5 2 2 7 15 6 7 3 11 2 14 11 9 9 13 14 14 13 2 7 6 5 5 12 2 9 11 12 5 14 8 10 15 9 2 3 8 2 7 15 8 1 14 7 2 8 2 14 13 15 14 1 11 11 
0 5
0 6
0 14
0 17
0 20
0 22
0 36
0 39
0 41
0 48
1 5
1 7
1 8
1 13
1 15
1 33
1 42
1 46
1 47
1 48
1 65
2 9
2 36
2 44
2 64
3 19
3 39
3 48
3 53
3 60
4 15
4 16
4 25
4 45
4 68
5 13
5 17
5 22
5 30
5 39
5 40
5 47
5 48
5 66
6 12
6 13
6 25
6 32
6 35
6 56
6 59
6 64
6 66
7 8
7 9
7 13
7 25
7 33
7 42
7 47
7 51
7 61
8 9
8 13
8 21
8 24
8 33
8 42
8 55
8 57
8 61
8 62
8 65
9 23
9 33
9 35
9 38
9 42
9 57
9 61
9 68
10 18
10 37
10 49
10 53
10 57
10 59
10 62
11 19
11 22
11 32
11 44
12 13
12 19
12 34
12 61
12 64
13 31
13 33
13 39
13 47
13 48
13 51
14 17
14 21
14 22
14 36
14 41
14 57
14 68
14 69
15 35
15 53
15 57
15 58
16 19
16 34
16 45
16 53
16 54
16 60
16 65
17 22
17 36
17 38
17 39
17 40
17 41
17 68
18 19
18 20
18 22
18 29
18 35
18 38
18 50
18 52
18 57
18 65
18 66
18 67
19 25
19 29
19 31
19 32
19 46
19 47
19 49
19 52
19 63
19 66
20 27
20 29
20 35
20 38
20 52
20 57
20 61
20 66
21 25
21 31
21 34
21 36
21 37
21 46
21 49
21 58
21 68
21 69
22 30
22 39
22 41
22 47
22 48
23 24
23 28
23 32
23 37
23 48
23 53
23 54
24 43
24 44
24 50
24 57
25 31
25 36
25 46
25 49
25 68
25 69
26 31
26 32
26 39
26 45
26 50
26 58
27 45
27 64
28 55
28 62
29 31
29 46
29 48
29 49
29 52
29 56
29 66
30 40
30 58
30 66
30 67
30 68
31 46
31 49
31 52
31 66
32 53
32 55
32 61
33 40
33 42
33 47
33 48
33 49
33 64
34 37
34 52
34 56
34 63
34 67
35 38
35 41
35 42
35 52
35 57
35 60
35 61
35 63
36 41
36 43
36 61
36 65
36 67
36 68
36 69
38 52
38 57
38 59
38 61
38 66
39 41
39 47
39 48
39 50
39 52
39 56
40 41
40 67
40 69
41 60
41 68
41 69
42 57
42 61
42 69
43 44
43 47
43 50
43 64
45 65
45 66
46 49
46 66
46 67
46 69
47 48
48 53
49 54
49 68
49 69
50 54
50 56
50 62
51 53
51 60
52 55
52 62
52 66
53 55
53 67
54 55
54 61
54 65
54 69
55 62
55 65
56 61
56 62
56 63
56 64
57 58
57 61
57 62
57 64
58 60
58 63
58 66
60 65
65 67
68 69
