100 234
13 4 24 10 28 2 10 1 30 5 11 17 13 25 28 18 3 23 2 6 15 22 22 19 10 25 30 2 7 31 17 21 25 10 8 6 11 15 1 7 10 11 0 18 26 28 0 2 4 0 3 21 24 8 19 26 2 12 2 14 3 18 18 27 12 5 20 25 24 14 16 7 29 26 11 2 4 16 30 1 16 2 18 8 13 2 24 9 14 21 8 11 26 1 9 21 25 26 30 20 
0 14
0 25
0 32
0 49
0 68
0 87
0 92
1 27
1 49
1 88
1 91
1 94
2 8
2 61
2 64
2 76
3 4
3 14
3 23
3 43
3 49
3 57
3 68
3 84
4 5
4 7
4 9
4 16
4 52
4 77
5 6
5 12
5 36
5 37
5 51
5 75
6 43
6 51
6 60
6 78
6 90
7 17
7 21
7 22
7 37
7 42
7 70
8 20
8 50
8 63
8 70
8 85
8 92
8 98
10 37
10 40
10 53
11 68
11 97
12 49
12 69
13 28
13 52
13 55
13 83
14 21
14 36
14 49
14 94
15 37
15 49
15 51
15 53
15 88
15 94
15 97
16 22
16 69
16 84
16 91
17 19
17 61
17 97
18 25
18 27
18 38
18 40
19 47
19 62
19 78
20 21
20 24
20 28
20 43
20 46
20 58
20 68
20 83
20 93
21 23
21 30
21 84
21 86
21 96
22 46
22 74
22 82
23 37
23 41
23 60
23 85
23 94
24 36
25 53
25 72
25 84
25 86
25 99
26 46
26 73
26 97
27 47
28 56
28 91
29 58
29 61
30 32
30 34
30 64
30 83
30 85
30 89
31 80
31 93
31 98
32 43
32 48
33 38
33 59
33 88
34 38
34 78
34 84
35 51
35 76
35 77
35 79
35 81
35 91
35 97
36 39
36 40
36 64
37 59
38 87
39 46
39 86
40 69
40 75
40 78
40 95
41 46
41 89
41 90
42 77
42 86
42 95
43 81
44 65
44 73
44 93
45 79
45 92
45 95
46 49
46 53
46 59
46 65
46 83
46 98
47 54
47 66
47 72
47 98
48 69
48 71
48 75
49 87
49 95
50 56
51 61
51 92
52 70
53 75
53 76
54 67
54 72
55 79
55 96
55 98
56 60
56 72
57 59
57 63
58 63
58 82
59 70
61 68
61 81
61 82
61 93
63 99
66 76
66 98
67 75
68 75
68 94
69 75
70 85
70 95
71 78
72 99
73 85
73 86
74 92
75 84
75 92
77 85
86 88
86 98
88 90
88 92
93 99
95 98
