40 92
7 1 2 6 4 0 6 4 3 2 6 3 5 2 3 1 0 5 3 4 0 1 0 1 2 7 6 3 3 4 7 3 7 7 1 1 4 6 7 6 
0 4
0 8
0 19
0 22
0 23
0 35
1 9
1 12
1 19
1 24
2 13
2 14
2 32
2 37
3 6
3 9
3 15
3 34
4 14
4 25
4 37
4 39
5 14
5 38
6 28
6 31
6 36
6 37
7 8
7 36
7 38
8 25
8 34
8 38
8 39
9 12
9 33
9 36
10 18
10 22
10 23
10 28
10 31
10 33
11 13
11 15
11 17
11 20
11 30
11 32
12 14
12 15
12 20
12 32
12 36
13 18
13 22
13 35
13 36
14 21
14 22
14 24
14 33
15 22
15 26
15 31
16 29
17 18
17 21
17 24
17 28
17 31
18 27
19 24
21 28
21 32
22 34
23 24
23 25
23 27
24 29
25 27
25 28
27 30
27 35
27 36
28 34
29 32
30 36
33 34
33 39
35 37
