50 236
4 7 0 5 7 2 2 5 5 4 6 3 5 2 3 6 1 5 0 4 0 6 4 0 3 7 7 7 7 4 5 6 4 6 4 0 5 2 6 6 3 1 3 2 7 0 5 5 4 2 
0 8
0 11
0 12
0 14
0 20
0 23
0 25
0 28
0 35
0 42
1 6
1 11
1 22
1 35
1 36
1 38
1 41
2 14
2 23
2 26
2 27
2 31
2 43
2 48
3 6
3 7
3 10
3 11
3 15
3 19
3 26
3 29
3 38
3 39
3 44
3 48
3 49
4 13
4 15
4 16
4 24
4 25
4 29
4 39
5 10
5 27
5 30
5 35
5 37
5 41
5 42
6 22
6 35
6 39
6 45
6 46
7 18
7 19
7 31
7 36
7 38
7 46
8 23
8 24
8 26
8 30
8 43
8 44
8 48
9 16
9 21
9 29
9 33
9 44
9 45
9 46
10 11
10 19
10 23
10 27
10 36
10 40
10 43
10 47
10 49
11 12
11 13
11 16
11 18
11 20
11 22
11 24
11 28
11 32
11 46
12 14
12 22
12 29
12 35
12 38
12 42
12 45
13 14
13 19
13 20
13 29
13 32
13 34
13 45
13 47
14 29
14 30
14 38
14 39
14 40
15 16
15 17
15 26
15 29
15 31
15 32
15 36
15 37
16 20
16 23
16 32
16 33
16 34
16 47
16 48
16 49
17 20
17 21
17 23
17 28
17 31
17 32
17 38
17 40
17 44
18 20
18 26
18 27
18 32
18 33
18 36
18 37
18 41
18 48
18 49
19 20
19 22
19 24
19 30
19 31
19 36
19 38
19 40
20 22
20 24
20 31
20 45
20 47
21 22
21 45
21 47
22 25
22 27
22 28
22 30
22 31
22 33
22 34
22 37
22 43
23 25
23 27
23 38
23 43
23 48
24 25
24 28
24 31
24 37
24 48
25 33
26 27
26 30
26 37
26 45
27 37
27 48
28 36
28 39
28 42
28 48
29 32
29 38
29 39
29 45
29 49
30 33
30 37
30 38
30 47
30 49
31 35
31 41
31 42
31 48
32 39
32 44
32 47
32 48
33 36
33 39
33 42
33 44
33 48
35 36
35 39
35 42
35 46
35 48
36 47
37 45
37 48
40 44
40 48
41 43
41 46
42 44
43 46
45 46
45 48
46 49
