70 170
13 7 9 10 1 4 10 4 15 2 13 4 5 6 7 0 0 3 11 12 1 11 2 5 6 8 6 10 5 14 7 5 5 8 0 6 13 4 0 15 10 11 15 2 10 8 7 7 5 5 11 8 2 11 6 7 3 14 15 15 5 9 8 11 1 3 11 7 9 9 
0 6
0 9
0 18
0 38
0 43
0 47
1 17
1 27
1 49
2 6
2 47
2 67
3 5
3 7
3 15
3 25
3 32
3 39
3 58
3 61
3 67
4 41
4 46
4 54
4 57
5 42
5 46
6 30
6 35
6 40
6 43
6 60
6 63
6 64
6 65
7 8
8 22
8 25
8 29
8 36
8 52
8 61
8 63
9 11
9 12
9 37
10 25
10 32
10 49
10 50
10 51
11 23
11 35
13 31
13 54
13 56
13 65
14 26
14 28
14 35
14 44
14 53
15 19
15 33
15 39
15 48
16 45
16 53
17 27
17 37
17 49
17 58
18 24
18 35
18 38
19 23
19 43
19 48
19 54
19 59
20 37
20 44
20 55
20 63
20 65
21 52
21 60
22 32
22 34
22 40
22 51
22 62
23 31
23 32
24 26
24 27
24 40
24 46
25 29
26 60
26 63
27 33
27 37
27 40
27 52
27 60
27 63
28 40
28 49
28 51
28 54
28 61
28 67
29 34
29 57
29 59
29 64
30 37
30 42
30 46
30 58
30 62
30 64
30 66
31 47
33 42
33 44
34 40
34 68
35 42
35 43
35 44
35 52
35 66
35 67
36 42
36 45
36 67
37 55
37 69
38 45
38 47
38 50
38 67
39 40
39 48
40 49
41 42
42 44
42 55
43 54
43 60
44 60
44 69
46 65
47 59
47 62
48 51
48 60
49 56
49 63
50 61
50 63
51 64
53 60
53 66
56 57
56 64
60 69
64 68
