100 273
7 5 0 30 22 14 16 0 18 21 3 24 20 16 8 25 26 10 31 5 27 6 1 23 11 4 6 11 27 10 9 0 13 28 19 9 12 3 30 3 22 4 13 5 0 16 0 7 6 13 7 29 3 11 24 22 17 21 10 24 23 8 2 22 25 8 2 12 16 5 0 1 28 5 24 2 28 5 7 23 8 4 31 2 28 23 25 0 22 3 1 20 12 10 17 16 16 15 4 22 
0 25
0 38
0 51
0 78
1 11
1 19
2 25
2 38
2 62
2 81
2 84
2 91
3 15
3 18
3 23
3 24
3 56
3 65
3 97
4 41
4 44
4 50
4 70
4 72
4 89
4 92
5 51
5 87
5 94
6 34
6 42
6 55
6 71
6 82
6 90
7 14
7 23
7 34
7 36
7 82
8 31
8 72
8 88
8 95
9 12
9 24
9 30
9 59
9 71
9 81
9 85
10 11
10 19
10 28
10 38
11 22
12 35
12 48
12 64
13 15
13 16
13 20
13 28
13 37
13 54
13 65
13 70
13 87
13 98
14 35
14 48
14 64
14 79
14 81
15 21
15 24
15 39
15 58
15 74
15 93
16 25
16 33
16 41
16 52
16 70
17 27
17 51
17 72
17 78
17 89
18 23
18 48
18 67
18 74
19 23
19 58
19 62
19 70
19 73
20 25
20 51
20 72
20 91
21 28
21 50
21 54
21 55
21 89
22 30
22 44
22 50
22 55
22 77
22 90
23 29
23 30
23 49
23 73
24 27
24 39
24 46
24 48
24 56
24 99
25 36
25 66
25 67
25 80
26 31
26 51
26 57
26 61
26 91
26 96
27 30
27 37
27 45
27 65
27 70
27 73
28 31
28 33
28 70
28 91
28 92
29 57
29 58
29 82
29 90
30 38
30 60
30 62
30 78
31 37
31 42
31 55
31 75
31 77
32 34
32 54
32 59
32 85
32 88
33 50
33 77
33 83
33 89
34 64
34 68
34 73
35 45
35 85
36 88
37 39
37 51
37 62
37 94
38 41
38 83
38 84
38 85
39 53
39 55
39 63
39 71
39 99
40 44
40 86
41 56
41 83
42 43
42 61
42 62
42 84
43 52
43 57
43 63
43 67
43 76
43 77
43 90
44 46
44 48
44 50
44 68
44 73
45 54
45 75
45 98
47 67
47 90
48 53
48 80
48 83
49 75
49 98
50 93
51 80
52 59
53 64
53 68
53 74
53 86
54 65
54 74
55 68
56 60
56 97
57 59
57 84
57 95
58 95
59 98
60 94
61 63
61 66
61 76
61 80
62 71
62 80
64 71
65 72
66 70
66 84
66 95
67 71
67 97
68 89
69 80
69 98
71 81
71 86
71 94
73 90
74 89
75 84
76 79
76 80
76 95
76 96
77 94
77 96
77 98
78 80
80 85
81 82
81 85
82 84
83 91
83 96
86 98
87 98
93 95
