80 197
8 7 5 10 1 14 7 4 5 3 0 2 10 9 1 4 10 1 9 8 8 3 6 13 12 11 10 1 8 0 2 9 6 0 5 9 4 5 11 4 3 11 1 8 15 14 4 4 5 5 8 1 15 4 14 3 9 14 11 0 11 9 2 7 12 3 15 15 2 6 8 14 9 5 6 1 14 8 13 7 
0 19
0 27
0 36
1 12
1 52
1 62
2 6
2 21
2 64
2 74
3 11
3 45
3 67
3 70
4 5
4 15
4 56
4 57
4 64
4 67
4 69
5 23
5 41
5 64
5 66
6 46
6 60
6 63
7 8
7 11
7 35
7 38
7 68
7 69
7 70
8 18
8 33
8 51
8 62
8 67
8 69
8 72
8 74
9 58
9 60
9 75
10 51
10 65
10 78
10 79
11 21
11 31
11 50
11 57
11 58
11 66
11 67
12 15
12 26
12 53
12 54
12 69
12 74
13 30
13 32
13 33
13 70
13 71
14 21
14 30
14 51
14 57
15 20
15 41
15 42
15 46
15 65
15 67
15 69
16 36
16 41
17 25
17 34
17 37
17 60
17 75
18 37
18 44
18 45
18 48
19 39
19 57
19 68
21 22
21 24
21 28
21 29
21 52
21 59
22 35
22 57
22 73
23 65
23 79
24 26
24 38
24 50
24 65
24 79
25 36
25 48
25 59
25 70
25 77
27 28
27 34
27 37
27 38
27 48
28 29
28 36
28 61
28 74
29 48
29 51
29 72
29 76
30 52
31 48
31 57
31 77
32 48
32 61
32 62
33 50
33 66
33 79
34 51
34 62
35 53
35 55
36 39
36 66
36 71
37 43
37 72
37 77
38 63
38 78
39 43
39 48
39 60
39 79
40 58
40 70
41 76
42 62
42 67
42 70
43 78
44 47
45 51
45 79
46 54
46 63
47 52
47 61
49 62
50 71
50 74
51 52
51 75
51 78
52 54
52 62
52 69
52 74
53 77
55 62
57 67
57 72
57 75
58 61
58 63
58 73
59 66
59 79
63 66
64 74
66 67
66 76
69 76
69 78
70 75
71 76
73 79
74 78
