90 270
5 6 10 13 5 14 13 8 13 1 9 3 3 5 5 2 12 11 5 11 9 6 7 15 14 2 13 5 7 5 11 10 0 8 13 15 11 11 11 4 12 15 13 3 15 9 6 13 0 12 5 6 9 15 2 5 10 9 14 2 3 7 10 10 7 6 5 8 14 7 10 2 11 12 13 9 10 1 7 8 3 0 5 9 14 12 0 11 3 1 
0 4
0 7
0 47
0 61
0 70
0 85
1 8
1 27
1 28
1 40
1 42
1 88
2 11
2 14
2 30
2 36
2 57
2 59
2 63
2 68
3 24
3 50
3 56
3 60
3 75
3 77
3 87
4 7
4 12
4 33
4 58
4 68
4 85
5 13
5 21
5 49
5 53
5 66
5 72
6 13
6 21
6 48
6 49
6 62
6 64
7 12
7 33
7 70
7 85
8 27
8 28
8 43
8 46
8 82
8 88
9 19
9 29
9 41
9 45
9 65
9 79
10 17
10 32
10 38
10 51
10 54
10 78
11 14
11 23
11 31
11 63
11 69
12 33
12 58
12 85
12 86
13 21
13 49
13 62
13 66
14 23
14 31
14 57
14 63
14 89
15 17
15 25
15 35
15 38
15 54
15 76
16 36
16 39
17 32
17 38
17 54
17 78
18 20
18 30
18 46
18 59
18 81
18 82
19 41
19 45
19 65
19 71
19 79
20 30
20 36
20 57
20 59
20 81
20 82
21 49
21 62
21 64
22 26
22 37
22 44
22 55
22 67
22 69
23 31
23 55
23 63
23 69
24 37
24 50
24 60
24 77
24 87
25 35
25 38
25 42
25 54
25 76
26 37
26 44
26 55
26 67
26 87
27 40
27 42
27 76
27 88
28 46
28 81
28 82
28 88
29 36
29 41
29 47
29 61
29 65
29 70
30 57
30 59
30 63
31 55
31 67
31 69
32 43
32 51
32 58
32 78
32 86
33 51
33 58
33 86
34 53
34 56
34 66
34 72
34 74
34 80
35 38
35 39
35 40
35 42
35 76
36 39
36 44
37 44
37 60
37 87
38 54
38 73
39 46
39 60
39 73
40 42
40 75
40 76
40 88
41 47
41 61
41 65
42 76
43 66
44 60
44 67
44 87
45 71
45 79
45 83
45 84
46 81
46 82
46 88
47 61
47 70
47 85
48 62
48 64
48 71
48 83
48 84
49 53
49 66
49 75
50 56
50 74
50 75
50 77
50 80
51 58
51 78
51 86
52 73
53 66
53 72
53 80
54 68
54 78
54 89
55 67
55 69
56 74
56 77
56 80
57 59
57 63
58 86
59 81
60 77
60 87
61 65
61 70
62 64
62 84
64 83
64 84
65 79
66 72
67 69
68 79
70 85
71 79
71 83
71 84
72 74
72 80
74 77
74 80
75 89
78 86
79 83
81 82
83 84
