90 134
5 5 11 11 15 1 10 14 3 9 2 3 4 13 5 8 0 4 1 5 14 3 8 14 11 15 15 6 10 6 1 15 5 13 15 2 0 15 15 12 3 15 9 14 4 6 2 14 11 12 5 7 13 8 9 4 3 1 2 15 3 9 8 10 13 6 14 11 14 0 14 8 1 5 12 11 1 2 3 6 5 13 10 0 2 9 10 12 10 2 
0 1
0 4
0 11
0 22
1 30
1 33
1 66
1 71
1 82
2 33
2 45
2 48
3 70
4 37
4 38
4 62
4 86
5 20
5 31
5 34
5 36
5 72
5 89
6 20
6 40
6 41
6 43
6 53
6 77
6 83
7 63
7 66
8 73
9 46
10 12
10 25
10 40
10 45
11 34
11 38
12 34
12 56
12 64
12 86
13 30
14 42
14 72
15 53
16 21
16 40
16 86
17 22
17 51
17 66
17 80
18 60
19 23
19 25
19 70
20 41
22 31
22 79
23 25
23 47
23 58
24 39
25 55
26 36
26 41
26 71
26 77
26 85
27 36
28 37
28 38
29 54
29 71
29 87
30 52
30 55
30 75
31 63
32 81
32 83
33 67
33 75
34 35
35 66
36 46
36 70
36 77
36 83
39 49
39 65
40 44
40 45
41 49
42 68
42 70
42 73
45 57
45 71
46 69
46 73
47 61
47 83
48 57
48 62
49 67
49 75
49 84
50 56
51 73
53 76
58 71
59 71
59 75
60 81
62 77
62 80
64 78
66 72
67 74
67 79
69 70
69 79
70 73
70 78
72 86
73 82
73 83
74 83
76 88
79 89
