100 273
13 18 6 2 25 7 21 21 23 19 2 15 7 17 30 30 28 21 28 14 2 10 8 10 19 14 7 29 22 8 24 10 23 17 5 30 14 11 7 30 11 21 25 4 8 27 23 9 14 7 19 21 20 28 28 4 19 16 16 10 25 22 7 29 16 23 23 7 20 5 16 21 28 21 6 30 28 21 14 23 22 31 4 20 29 30 11 17 6 5 17 27 26 25 10 21 20 12 11 16 
0 95
1 5
1 20
1 35
1 54
1 68
1 78
2 5
2 13
2 18
2 35
2 70
3 13
3 28
3 56
3 59
3 79
3 96
4 9
4 10
4 11
4 24
4 55
5 57
5 90
5 94
6 25
6 35
6 61
7 8
7 28
7 35
7 57
7 95
8 24
8 30
8 36
8 38
8 49
8 66
8 73
8 89
9 15
9 19
9 45
9 64
9 65
9 77
9 78
9 81
9 87
10 17
10 31
10 58
10 70
10 72
10 78
11 36
11 39
11 60
12 25
12 29
12 46
12 90
13 62
13 94
14 17
14 37
14 84
15 66
15 83
15 88
16 20
16 35
16 53
16 75
16 90
17 19
17 48
17 54
17 68
17 76
18 24
18 36
18 52
18 77
18 80
18 83
19 52
19 59
19 66
19 85
19 90
19 93
20 30
20 46
20 69
20 95
21 38
21 49
21 54
22 40
22 66
22 69
22 88
22 90
22 96
23 33
24 63
24 75
24 79
25 76
26 60
26 96
27 31
27 36
27 48
27 57
27 64
27 67
28 42
28 43
28 51
28 59
28 73
28 95
28 97
29 56
30 34
30 44
30 54
30 65
30 73
30 77
31 48
31 59
31 72
32 37
32 60
32 63
32 78
32 80
32 81
32 83
33 35
33 59
33 98
34 44
34 45
34 52
34 54
34 64
34 73
34 85
34 95
35 57
35 68
35 88
35 98
36 64
36 68
36 74
36 78
36 81
36 95
37 82
37 97
39 66
39 90
40 49
40 58
40 71
41 48
41 70
41 95
42 49
42 50
42 70
43 46
43 57
43 73
44 48
44 57
44 79
45 59
45 60
46 63
46 89
46 98
47 91
48 49
48 82
48 95
49 57
49 88
50 71
50 90
51 70
51 80
51 85
51 87
52 66
52 83
53 63
53 93
55 79
55 83
55 90
55 93
56 59
56 62
56 65
56 70
56 74
56 82
57 93
58 61
58 77
58 80
58 82
58 98
59 82
59 87
59 91
59 92
60 73
60 83
60 89
60 92
61 97
62 66
62 95
64 65
64 69
64 83
64 84
64 87
65 70
65 77
65 89
66 90
67 70
67 86
68 80
69 98
70 75
70 79
71 83
71 87
72 74
72 82
72 87
72 88
73 93
74 96
75 82
75 91
76 89
76 94
76 96
76 98
77 93
78 87
79 91
81 98
82 99
84 91
84 97
85 91
86 97
87 96
89 94
94 97
