90 135
10 2 0 2 5 6 4 2 8 10 9 1 5 10 6 10 13 9 3 9 8 11 13 9 15 14 15 4 3 12 4 1 15 12 11 6 0 6 0 12 12 9 15 9 0 1 15 15 0 13 12 5 7 15 13 14 10 3 4 3 1 9 7 8 14 12 4 9 5 0 7 0 12 4 15 4 8 14 14 7 4 1 2 15 6 1 9 12 7 1 
0 20
0 69
0 77
1 45
1 82
1 88
2 85
3 20
3 42
3 77
4 5
4 6
4 23
4 27
4 73
4 75
5 69
5 76
6 20
6 68
6 70
6 87
7 85
8 16
8 35
9 54
9 58
9 64
10 29
10 37
10 53
10 66
11 13
11 19
11 52
12 42
13 24
13 41
14 36
14 37
14 45
14 61
15 74
16 27
16 49
16 58
16 87
17 21
17 47
17 57
17 86
18 21
18 43
19 24
19 72
20 50
21 45
21 61
21 65
22 24
23 70
23 87
24 60
25 35
25 55
25 56
25 61
26 34
26 42
26 77
27 35
27 61
27 65
28 68
28 76
29 40
29 89
30 46
30 71
31 87
32 75
33 42
33 63
33 81
34 40
34 51
34 53
34 58
34 72
36 67
37 76
37 78
37 89
38 81
39 62
39 63
39 75
40 75
41 52
41 80
42 51
44 85
45 47
46 76
46 89
48 85
49 60
51 69
52 71
52 84
54 75
54 86
55 68
55 71
56 69
57 77
57 82
59 64
59 67
59 75
61 69
61 79
62 83
63 70
64 81
67 82
67 83
71 80
74 89
75 83
75 86
79 89
81 87
83 88
84 85
