70 448
15 5 6 14 3 7 1 0 14 9 2 0 5 10 4 14 10 15 7 4 1 1 4 10 12 15 5 6 11 9 6 10 0 3 2 4 2 10 4 11 8 2 6 3 13 11 8 13 0 15 14 0 0 13 10 11 7 8 3 13 6 0 10 5 1 11 13 3 5 13 
0 10
0 13
0 17
0 18
0 19
0 20
0 27
0 28
0 35
0 44
0 45
0 47
0 50
0 56
0 58
0 64
0 65
0 67
1 3
1 10
1 18
1 22
1 27
1 28
1 32
1 33
1 39
1 48
1 50
1 56
1 57
1 58
1 59
2 13
2 15
2 17
2 19
2 32
2 42
2 44
2 51
2 62
3 6
3 10
3 11
3 16
3 26
3 27
3 31
3 38
3 40
3 42
3 44
3 46
3 53
3 55
3 56
3 62
4 9
4 10
4 13
4 18
4 19
4 31
4 40
4 41
4 45
4 53
4 57
4 65
4 68
5 11
5 20
5 30
5 34
5 40
5 48
5 52
6 13
6 23
6 27
6 29
6 36
6 40
6 64
6 68
7 10
7 11
7 13
7 21
7 22
7 29
7 32
7 35
7 55
7 58
7 62
7 64
8 12
8 15
8 20
8 22
8 24
8 29
8 30
8 36
8 39
8 50
8 56
8 61
9 25
9 28
9 32
9 37
9 44
9 47
9 52
9 54
9 61
9 62
9 67
10 12
10 18
10 21
10 35
10 36
10 37
10 43
10 45
10 48
10 56
10 57
10 62
10 69
11 13
11 23
11 27
11 28
11 36
11 37
11 39
11 40
11 46
11 56
11 62
11 67
11 68
12 15
12 21
12 22
12 28
12 44
12 45
12 47
12 51
12 66
13 14
13 17
13 18
13 23
13 25
13 33
13 38
13 41
13 48
13 49
13 50
13 65
14 15
14 19
14 22
14 24
14 27
14 28
14 31
14 34
14 40
14 42
14 45
14 46
14 47
14 49
14 53
14 58
14 59
14 66
14 68
15 17
15 20
15 24
15 31
15 34
15 38
15 43
15 47
15 57
15 65
16 17
16 22
16 26
16 28
16 30
16 32
16 33
16 34
16 40
16 43
16 55
16 69
17 18
17 19
17 27
17 30
17 37
17 51
17 64
18 23
18 25
18 30
18 35
18 44
18 48
18 50
18 54
18 59
18 66
18 69
19 21
19 38
19 44
19 46
19 48
19 52
19 54
19 64
20 23
20 32
20 38
20 47
20 60
20 66
21 22
21 46
21 54
21 68
22 24
22 25
22 35
22 50
22 58
23 29
23 44
23 45
23 49
23 64
24 25
24 53
24 55
24 56
24 68
25 28
25 41
25 46
25 47
25 52
26 29
26 34
26 42
26 51
26 54
26 57
26 59
26 60
26 67
26 68
26 69
27 28
27 31
27 48
27 49
27 64
28 33
28 35
28 36
28 40
28 48
28 51
28 52
28 55
28 64
28 65
28 67
29 33
29 34
29 43
29 44
29 46
29 49
29 51
29 54
29 56
29 61
29 63
29 68
30 31
30 34
30 45
30 52
30 59
30 61
30 68
31 38
31 49
31 50
31 66
31 67
31 68
32 55
32 56
32 62
32 68
32 69
33 51
33 53
33 60
33 61
33 66
33 68
34 68
35 50
35 51
35 64
36 38
36 41
36 44
36 48
36 57
36 62
36 63
36 68
37 39
37 43
37 45
37 51
37 54
37 55
37 61
38 42
38 43
38 44
38 67
39 60
40 44
40 47
40 54
40 58
40 59
41 43
41 53
41 61
41 63
41 66
41 67
42 45
42 46
42 47
42 49
42 57
42 59
42 65
42 68
43 50
43 55
43 56
43 58
43 64
43 69
44 51
44 60
45 47
45 52
45 57
45 61
46 48
46 58
46 68
47 51
47 54
47 64
47 66
48 53
48 55
48 56
48 61
48 67
48 68
49 50
49 51
49 52
49 53
49 57
49 62
49 65
49 66
49 67
50 57
50 62
51 64
51 66
51 68
52 57
52 60
52 63
52 66
52 67
53 55
53 57
53 58
53 62
53 69
54 59
54 69
55 56
55 57
55 65
55 68
55 69
56 58
56 61
56 67
57 61
57 62
57 68
57 69
58 65
59 60
59 64
59 65
59 68
59 69
60 63
60 68
62 64
62 68
63 65
63 69
64 65
65 69
