70 105
0 13 0 4 7 13 8 12 2 13 12 14 14 6 11 11 2 5 3 9 3 6 8 6 15 13 4 11 10 2 10 13 3 11 14 6 7 4 8 0 6 2 3 14 1 4 10 7 14 11 5 2 9 15 5 9 4 1 12 2 6 9 7 11 4 1 15 15 8 8 
0 32
0 69
1 28
1 34
2 22
2 30
2 44
2 47
2 50
3 50
4 7
4 9
4 33
4 34
4 35
4 43
4 54
5 52
6 27
7 28
7 41
7 68
8 21
8 39
9 19
9 32
9 52
10 32
10 41
10 50
11 39
11 40
12 18
12 22
12 31
12 47
13 31
14 44
14 55
14 60
14 61
14 69
15 54
16 33
16 41
16 53
16 67
17 65
17 67
18 40
18 59
18 61
19 53
19 60
20 25
21 65
22 26
23 46
23 61
23 66
24 31
24 47
24 63
24 69
25 30
26 30
26 35
26 52
27 41
27 55
29 51
29 63
30 38
31 39
31 43
31 66
32 33
32 38
33 41
36 60
36 67
37 56
38 52
39 41
39 43
41 64
41 65
42 44
45 49
45 62
48 53
48 55
49 57
49 61
49 66
51 61
52 69
54 62
56 69
58 69
60 69
63 66
63 68
64 66
64 68
