100 150
1 13 15 26 9 2 2 6 22 6 4 30 5 20 9 31 31 16 6 28 23 0 24 27 1 11 4 26 17 28 31 3 0 26 11 0 11 29 19 0 10 25 22 20 25 25 19 11 31 21 20 11 23 29 6 19 2 27 8 27 18 10 13 10 30 28 30 18 1 27 31 11 14 24 1 9 15 20 7 13 31 22 28 15 24 10 7 13 19 21 26 30 5 29 20 7 0 18 10 4 
0 50
0 76
0 81
1 75
2 13
2 53
2 71
2 84
2 89
2 96
3 23
3 81
4 16
4 34
4 54
4 94
5 36
5 42
5 65
6 23
6 77
7 17
7 24
7 33
7 72
7 93
8 48
8 96
9 13
9 18
9 50
9 76
9 83
10 42
10 49
10 55
11 60
11 67
12 67
13 20
13 25
13 77
14 43
14 67
14 74
15 96
16 37
17 36
17 63
18 22
18 54
19 66
19 67
19 98
20 25
20 89
21 55
21 57
21 65
21 80
21 95
23 27
23 91
24 46
24 55
24 67
26 53
26 56
27 28
27 79
28 43
28 67
28 69
28 75
28 87
28 88
29 37
29 38
29 81
29 83
29 90
30 39
30 88
30 89
31 44
32 40
32 42
32 45
32 80
32 95
32 97
34 94
34 97
34 98
35 55
35 84
35 92
37 88
38 68
38 82
39 47
41 71
41 85
42 59
42 88
43 59
43 91
44 55
45 57
46 76
46 83
46 85
47 81
49 64
49 67
49 72
49 77
49 88
49 94
49 96
50 88
51 68
52 54
52 99
55 61
55 96
56 77
58 64
58 71
58 97
60 82
60 92
61 63
61 91
62 94
64 69
66 90
67 68
67 81
67 91
70 75
73 83
74 95
78 84
80 91
80 96
80 98
83 99
86 98
88 95
