100 120
6 6 27 22 10 18 18 16 4 19 25 10 29 13 1 16 11 31 18 25 29 17 23 3 7 19 2 28 7 11 28 12 8 21 11 29 25 5 27 1 2 1 25 12 23 30 20 4 23 23 27 10 14 31 24 27 27 12 1 0 27 15 21 19 3 9 29 18 11 24 5 0 27 14 21 24 12 13 14 19 28 26 28 12 14 27 26 7 16 1 17 17 9 18 26 8 19 20 10 6 
0 9
0 21
0 73
0 79
0 89
1 19
1 27
1 78
2 28
3 20
3 34
3 56
3 65
3 78
4 15
4 24
4 90
5 16
5 18
5 36
6 32
7 9
7 10
7 59
7 64
8 72
8 98
9 11
9 22
9 32
9 47
9 51
9 68
9 72
10 39
12 23
12 64
13 71
14 38
14 78
14 91
15 51
15 58
15 77
16 17
16 62
17 22
17 29
18 69
18 94
19 40
20 39
20 87
21 46
21 56
22 41
22 85
23 26
23 32
23 92
24 38
25 32
25 33
26 98
27 42
27 67
27 68
28 59
28 60
29 66
29 84
30 45
31 52
33 72
35 64
36 77
37 86
38 86
38 87
40 64
41 44
41 88
42 56
43 57
44 52
45 79
47 82
48 72
49 51
49 62
50 97
51 70
53 72
53 93
54 68
55 81
55 87
57 72
58 60
59 63
60 80
60 92
61 76
68 76
68 87
68 93
69 81
70 71
70 96
72 79
72 80
72 99
73 81
74 99
75 85
80 83
82 83
82 91
87 97
92 95
