70 311
1 7 10 1 12 11 8 10 11 15 9 11 1 15 8 11 10 12 1 10 2 1 7 4 10 8 10 14 12 11 9 9 5 6 3 12 9 8 15 3 5 8 3 15 4 11 1 0 1 7 13 11 8 14 9 5 7 7 8 11 10 2 4 12 12 9 15 12 0 0 
0 5
0 16
0 27
0 30
0 32
0 35
0 37
0 50
0 66
1 3
1 14
1 18
1 19
1 20
1 46
1 58
1 64
1 65
2 52
2 58
2 65
3 5
3 12
3 25
3 32
3 36
3 46
3 52
3 67
3 69
4 19
4 29
4 30
4 35
4 39
4 43
4 52
4 53
4 57
5 15
5 16
5 17
5 18
5 24
5 26
5 30
5 32
5 50
5 58
5 66
6 16
6 19
6 21
6 24
6 34
6 35
6 42
6 49
6 57
6 64
6 69
7 10
7 14
7 26
7 57
7 60
8 10
8 11
8 13
8 14
8 15
8 51
8 60
9 11
9 22
9 25
9 44
9 47
9 68
10 28
10 30
10 31
10 33
10 56
10 64
11 23
11 31
11 35
11 48
11 53
11 63
11 68
12 13
12 15
12 18
12 23
12 28
12 39
12 42
12 45
12 46
12 47
12 49
12 57
13 16
13 18
13 23
13 33
13 44
13 47
13 48
13 51
14 19
14 20
14 27
14 28
14 31
14 34
14 35
14 63
14 64
14 65
14 67
15 20
15 26
15 30
15 32
15 46
15 55
15 59
15 67
15 68
16 26
16 30
16 32
16 42
16 43
16 50
16 55
16 66
17 27
17 43
17 44
17 52
17 54
17 62
17 66
18 27
18 30
18 33
18 40
18 50
18 51
18 52
18 53
18 54
18 58
18 62
19 21
19 35
19 36
19 50
19 64
19 65
20 50
20 62
20 65
20 67
20 68
21 29
21 31
21 32
21 35
21 38
21 44
21 64
21 65
21 66
21 69
22 31
22 40
22 59
22 62
23 41
23 58
23 63
24 26
24 36
24 44
24 52
24 54
24 55
24 69
25 30
25 37
25 58
25 60
25 66
25 69
26 36
26 40
26 42
26 46
26 50
26 60
26 63
26 66
26 69
27 43
27 50
27 52
27 59
27 61
27 62
28 39
29 34
29 35
29 41
29 51
29 57
30 32
30 46
30 64
30 66
30 69
31 56
31 62
32 43
32 44
32 46
32 47
32 67
33 54
33 56
34 47
34 59
35 36
35 37
35 39
35 60
35 65
36 44
36 47
36 54
36 69
37 48
37 53
37 60
38 54
38 61
38 64
38 68
39 54
39 64
39 65
40 43
40 50
40 59
40 62
40 63
40 65
40 66
41 57
41 61
42 47
42 56
42 67
43 57
43 61
43 62
43 64
43 65
44 54
44 55
44 62
44 69
46 50
46 54
46 67
47 57
47 59
47 65
47 67
47 68
48 55
49 59
49 62
49 64
50 56
50 67
51 63
52 54
52 55
52 58
52 62
52 64
53 62
53 67
54 55
54 56
54 62
54 69
55 62
55 69
57 60
57 67
59 67
60 63
62 63
64 65
65 67
