90 178
4 6 7 7 10 9 0 9 10 15 12 9 4 2 3 14 5 0 4 13 12 7 9 5 6 5 12 6 10 0 1 2 4 5 9 7 9 8 5 5 5 4 10 7 0 7 10 1 1 6 2 4 2 6 4 12 2 2 13 3 4 12 13 6 3 5 3 1 0 14 6 13 4 8 1 10 3 9 15 2 1 3 0 10 2 13 6 9 14 11 
0 6
0 12
0 23
0 27
0 77
0 82
1 33
1 43
1 53
1 54
1 59
2 3
2 28
2 74
2 76
3 27
3 81
4 36
4 54
5 20
5 28
5 64
5 69
5 77
5 79
5 84
6 15
6 21
6 38
6 41
6 55
6 56
6 84
7 68
8 12
8 40
8 55
9 26
10 34
10 66
10 89
11 17
11 28
11 48
11 57
11 76
11 83
12 34
12 40
12 73
13 52
13 53
13 85
14 36
14 38
14 45
14 67
15 43
15 59
15 79
16 24
16 38
16 66
16 68
16 82
17 71
17 78
18 54
18 60
18 62
18 70
18 73
18 80
19 51
19 54
20 21
20 32
20 78
21 71
21 76
21 86
22 26
22 41
22 76
23 58
23 68
24 64
24 70
24 75
25 43
25 56
25 64
25 79
26 28
27 29
28 37
28 87
28 88
29 32
29 33
29 43
29 56
29 80
29 83
30 31
30 67
30 70
31 36
31 42
31 49
32 36
32 77
32 85
33 41
33 84
34 38
34 69
34 71
34 85
35 52
35 64
36 40
36 44
36 61
36 83
37 44
37 55
37 83
37 84
39 53
39 63
41 51
41 54
42 51
42 52
42 54
42 55
43 58
43 66
44 61
44 67
44 72
44 84
45 79
45 81
46 84
47 60
47 77
48 57
48 79
49 54
49 59
50 53
50 62
51 55
51 64
51 76
52 59
54 89
55 86
56 61
56 63
56 88
57 77
60 87
61 75
61 86
64 65
64 75
68 78
72 76
73 83
76 84
78 79
78 89
81 86
83 84
83 88
