70 134
4 3 13 15 11 5 13 5 10 14 11 14 12 8 5 6 9 12 4 12 13 6 6 1 14 4 2 10 0 5 9 11 11 7 2 8 15 10 13 3 3 2 1 12 2 7 10 5 2 1 7 14 9 6 6 1 11 3 14 10 10 13 0 6 9 4 0 2 10 14 
0 43
0 58
1 4
1 15
1 21
1 41
1 65
2 9
2 20
2 40
3 13
4 14
4 53
4 56
4 65
5 35
5 44
5 63
6 20
6 22
6 24
6 29
6 42
6 61
7 14
7 22
7 33
7 56
8 16
8 20
8 32
8 40
8 57
8 59
9 15
9 31
9 53
9 65
10 17
10 19
10 42
10 48
10 49
11 13
11 29
11 36
12 46
12 47
12 69
13 35
14 16
14 48
15 38
16 21
16 29
16 46
16 60
16 65
16 66
17 31
17 46
17 52
18 22
18 32
18 44
18 55
18 56
19 54
20 22
20 33
21 34
21 48
21 50
22 31
22 39
22 48
23 25
23 35
23 37
23 40
23 63
25 41
25 54
25 55
25 60
26 45
26 62
27 36
27 39
27 67
28 39
28 61
28 63
29 58
29 68
30 53
30 55
30 59
31 47
31 48
31 66
32 36
32 48
33 42
33 43
33 44
33 48
33 63
34 40
35 67
36 39
37 65
39 55
39 56
41 61
42 54
43 57
45 59
46 48
46 50
46 57
47 52
47 61
48 64
49 50
50 52
51 54
51 64
53 67
53 68
55 63
56 62
56 67
63 65
