100 275
16 1 17 0 31 29 19 19 24 6 29 19 29 22 26 17 25 21 9 24 5 23 14 3 7 9 27 25 31 5 5 28 10 2 14 14 18 9 16 26 11 23 18 15 20 7 21 1 4 10 18 31 10 6 20 25 30 23 12 7 27 23 18 12 17 6 25 9 5 23 13 11 20 30 10 8 19 16 16 10 7 23 8 16 1 30 7 14 10 19 20 14 19 16 19 20 7 13 29 29 
0 38
0 75
0 89
0 93
0 95
0 96
1 6
1 7
1 40
1 51
1 60
1 64
2 12
2 16
2 20
2 21
2 51
2 64
3 7
3 20
3 26
3 42
3 51
3 52
3 60
4 31
4 55
4 63
4 76
4 92
4 93
5 25
5 31
5 33
5 36
5 50
5 63
6 33
6 50
6 91
6 95
6 96
7 21
7 25
7 46
7 48
7 50
7 54
7 65
7 70
7 87
8 58
8 77
8 81
9 31
9 33
9 39
9 63
9 72
9 78
9 84
9 91
9 99
10 51
10 64
10 70
10 84
11 37
11 62
11 66
11 67
11 84
11 91
12 27
12 66
12 67
12 71
12 74
13 76
13 79
13 96
14 27
14 71
14 99
15 33
15 55
15 58
15 85
16 39
16 53
16 67
16 78
16 91
16 95
17 40
17 60
17 69
17 82
18 19
18 47
18 48
18 68
18 88
18 96
19 41
20 27
20 94
20 97
20 99
21 53
21 61
21 71
21 99
22 33
22 34
22 39
22 89
22 95
23 62
23 72
23 91
23 97
24 35
24 61
24 75
24 94
24 99
25 29
25 47
26 45
26 54
26 58
26 65
26 70
27 49
27 52
27 76
28 31
28 49
28 58
28 74
28 81
29 33
29 89
29 96
30 49
30 53
30 61
30 69
32 62
32 63
32 84
32 96
33 79
33 86
34 58
34 87
34 90
35 40
35 44
35 50
35 62
35 63
35 65
35 68
35 72
35 91
36 63
36 93
36 99
37 56
37 64
37 86
38 44
38 58
38 77
38 87
39 49
39 80
39 81
39 90
40 48
40 55
40 93
40 96
40 98
41 46
41 53
41 57
41 58
41 67
41 71
41 79
42 83
42 88
43 62
45 46
45 52
46 62
46 65
46 66
46 73
46 81
46 83
47 48
47 50
47 95
47 96
48 82
49 57
49 67
49 70
49 84
51 65
51 66
51 91
52 61
52 66
52 69
52 79
53 58
53 86
53 90
54 60
54 82
55 86
56 67
56 68
56 95
56 97
57 90
57 97
58 61
58 95
59 96
59 98
60 71
60 75
60 86
60 94
60 96
61 64
61 72
61 73
61 77
63 70
63 90
64 78
64 93
64 94
64 95
65 68
65 80
66 80
68 71
69 75
69 93
69 94
70 76
70 78
73 79
74 84
74 88
74 94
75 77
76 88
77 90
77 93
79 96
81 84
83 98
84 85
87 88
87 89
89 96
