40 120
7 4 1 3 1 4 7 3 0 6 5 5 3 4 3 5 3 5 3 1 5 5 1 2 6 5 2 1 2 7 5 5 7 2 4 7 2 6 1 4 
0 4
0 10
0 12
0 15
0 16
0 24
1 28
1 37
2 3
2 8
2 11
2 19
2 25
2 26
2 31
2 38
3 6
3 8
3 22
3 31
4 15
4 16
4 36
4 39
5 13
5 18
5 21
5 25
5 33
5 34
6 11
6 22
6 29
6 30
6 31
7 8
7 10
7 12
7 19
7 25
7 36
8 10
8 19
8 25
9 15
9 18
9 25
9 33
9 37
9 39
10 12
10 16
10 23
10 36
11 16
11 22
11 23
11 25
11 31
11 36
12 19
12 23
12 25
12 27
12 36
13 14
13 21
13 28
13 33
13 38
14 18
14 21
14 25
14 33
14 38
15 20
15 37
15 39
16 23
16 36
16 39
17 26
17 28
17 32
17 35
18 33
18 37
18 39
19 23
19 25
19 34
20 22
20 29
21 23
21 28
21 34
21 38
22 24
22 30
22 35
23 25
24 30
24 35
25 29
25 32
26 27
26 35
26 38
27 28
27 29
28 31
28 38
30 31
30 32
30 35
32 35
32 36
33 37
34 37
37 39
