40 94
2 5 1 2 2 2 0 4 4 0 0 1 7 2 4 1 2 3 1 1 4 6 5 4 2 4 6 5 3 1 0 1 5 4 0 7 3 0 0 5 
0 13
0 15
1 9
1 29
1 35
1 39
2 13
2 15
2 30
3 16
3 17
3 19
3 20
3 35
4 13
4 16
4 17
4 20
5 10
5 15
5 30
5 32
5 33
6 24
6 27
6 31
6 35
7 17
7 21
7 22
7 33
8 18
8 20
8 21
8 29
8 31
8 39
9 10
9 11
9 32
10 14
10 20
10 31
10 35
10 39
11 16
11 17
11 18
11 20
11 29
11 31
12 25
12 35
13 26
14 22
14 25
14 38
15 17
15 28
16 24
16 31
16 37
16 38
17 20
17 24
17 36
18 39
19 25
20 21
20 24
20 29
20 31
20 35
20 36
21 23
21 28
21 29
21 36
22 33
22 35
22 39
23 26
23 31
24 25
24 28
24 35
26 30
27 30
28 31
28 32
28 34
31 39
32 36
35 36
