90 403
8 3 7 12 6 11 14 10 15 7 0 6 6 5 6 6 15 4 7 12 8 9 4 13 10 5 14 8 13 0 3 13 11 13 9 2 11 11 14 12 14 14 11 2 10 5 12 13 0 0 7 10 14 0 9 12 12 11 1 8 9 4 13 10 3 4 5 0 10 6 12 4 8 13 15 5 10 1 3 14 12 2 12 1 7 1 0 11 15 12 
0 32
0 34
0 37
0 55
0 64
0 65
0 70
0 80
1 2
1 3
1 6
1 27
1 28
1 30
1 31
1 35
1 40
1 50
1 57
1 63
1 64
1 76
1 77
1 87
2 16
2 26
2 28
2 30
2 36
2 45
2 46
2 47
2 52
2 55
2 61
2 68
2 76
3 30
3 40
3 41
3 55
3 56
3 64
3 77
4 25
4 28
4 51
4 55
4 69
4 78
4 81
4 83
5 10
5 13
5 26
5 31
5 32
5 34
5 37
5 58
5 59
5 66
5 84
5 88
6 17
6 27
6 31
6 37
6 44
6 63
6 70
6 79
7 23
7 25
7 42
7 53
7 54
7 71
7 73
7 82
8 12
8 13
8 21
8 28
8 40
8 43
8 51
8 59
8 68
8 75
8 89
9 36
9 42
9 60
9 76
9 85
10 26
10 28
10 32
10 34
10 35
10 37
10 58
10 62
10 65
11 13
11 19
11 20
11 48
11 56
11 73
11 88
12 13
12 21
12 40
12 49
12 68
12 75
13 20
13 24
13 38
13 48
13 58
13 63
13 68
13 75
13 79
14 26
14 38
14 43
14 45
14 77
15 16
15 17
15 23
15 44
15 45
15 67
15 73
15 74
15 83
15 88
16 48
16 73
16 74
16 82
16 83
16 88
17 27
17 38
17 44
17 53
17 67
17 70
17 74
18 42
18 54
18 57
18 66
18 82
18 86
19 45
19 55
19 65
19 66
19 72
20 35
20 48
20 61
20 67
20 68
20 73
20 75
20 81
20 89
21 28
21 29
21 33
21 40
21 41
21 56
21 68
21 75
21 82
21 88
22 30
22 32
22 35
23 25
23 42
23 45
23 53
23 54
23 71
23 79
24 35
24 39
24 43
24 46
24 47
24 49
24 69
24 81
25 45
25 51
25 54
25 62
25 82
26 32
26 34
26 59
26 66
27 63
27 64
27 65
27 70
27 71
27 74
28 30
28 31
28 40
28 41
28 55
28 78
28 86
29 33
29 41
29 49
29 52
29 72
29 80
29 88
30 41
30 47
30 50
30 55
30 64
31 36
31 50
31 55
31 61
31 64
31 67
31 76
31 88
31 89
32 34
32 36
32 37
32 65
32 87
33 37
33 43
33 46
33 52
33 55
33 72
33 80
34 37
34 59
34 76
34 79
35 70
36 57
36 60
36 61
36 85
37 60
37 63
37 65
37 72
38 49
38 53
39 43
39 46
39 47
39 49
39 69
39 76
39 81
40 41
40 56
40 75
40 80
41 55
42 53
42 57
42 70
42 71
42 78
42 79
42 85
43 46
43 49
43 52
43 69
43 78
44 67
44 70
44 74
44 87
44 88
45 51
45 53
45 54
45 82
46 49
46 75
46 81
47 48
47 62
47 69
47 81
47 82
48 68
48 73
48 83
49 52
49 80
49 84
50 52
50 58
50 59
50 66
50 72
51 54
51 62
51 73
51 81
52 64
52 72
52 77
52 86
53 54
53 57
53 71
54 67
54 71
55 56
55 64
55 66
55 76
55 80
56 58
56 72
56 74
56 76
57 60
57 63
57 71
57 79
57 85
58 59
58 64
58 66
58 76
59 66
59 72
59 77
60 61
60 76
60 79
60 85
61 64
61 76
61 85
62 69
62 76
62 81
62 82
62 89
63 64
63 65
63 68
63 70
64 76
64 83
65 70
65 85
66 77
67 73
67 74
67 89
68 89
69 76
69 81
70 74
71 79
72 77
72 80
73 78
73 83
73 84
74 89
76 80
76 85
77 80
78 81
79 85
83 88
83 89
86 87
87 88
