40 117
1 5 2 1 7 6 1 2 1 5 1 0 7 4 4 0 1 0 0 6 7 1 6 6 5 2 3 2 2 7 5 7 7 6 4 4 2 1 4 4 
0 4
0 7
0 30
0 32
0 36
0 38
1 12
1 15
1 33
1 35
1 36
2 3
2 4
2 8
2 27
3 13
3 16
3 17
3 21
4 17
4 23
4 31
4 35
5 35
6 8
6 9
6 11
6 14
6 15
6 20
6 26
6 27
6 32
7 21
7 22
7 25
7 35
8 31
8 35
9 11
9 19
9 20
9 26
9 27
9 37
10 11
10 13
10 18
10 19
10 26
10 33
10 34
10 37
11 18
11 19
11 20
11 37
12 17
12 38
14 16
14 23
14 29
14 30
14 35
15 22
15 24
15 28
15 31
15 34
15 38
16 17
16 26
16 31
17 22
17 23
17 35
18 19
18 32
18 33
18 36
19 23
19 26
19 28
19 30
19 33
19 37
20 26
20 27
20 28
20 32
20 39
21 35
21 36
21 37
21 38
22 24
22 27
22 34
23 29
23 34
24 30
24 37
24 39
25 34
25 35
26 27
26 32
26 34
27 32
28 31
29 32
29 34
31 32
31 38
32 33
34 39
38 39
