70 859
7 8 14 4 4 7 8 15 12 0 14 7 10 15 5 1 6 3 3 3 13 5 8 5 7 1 8 13 12 1 12 12 12 11 3 7 0 7 8 12 7 11 13 13 4 3 7 14 4 10 6 5 15 8 3 10 3 14 5 3 0 10 8 2 3 12 14 15 9 0 
0 5
0 7
0 8
0 9
0 12
0 13
0 18
0 21
0 29
0 31
0 32
0 33
0 34
0 36
0 39
0 43
0 45
0 47
0 48
0 50
0 55
0 58
0 59
0 62
0 68
0 69
1 6
1 7
1 8
1 10
1 13
1 19
1 20
1 21
1 31
1 32
1 40
1 44
1 45
1 46
1 47
1 50
1 53
1 56
1 57
1 61
1 65
1 68
1 69
2 6
2 8
2 11
2 16
2 17
2 21
2 24
2 26
2 31
2 36
2 37
2 40
2 41
2 44
2 48
2 51
2 53
2 55
2 57
2 62
2 66
2 69
3 4
3 6
3 7
3 9
3 10
3 11
3 13
3 14
3 15
3 16
3 17
3 18
3 27
3 31
3 38
3 39
3 41
3 50
3 53
3 54
3 55
3 56
3 58
3 62
3 63
3 64
3 65
3 67
3 68
3 69
4 8
4 9
4 11
4 12
4 17
4 21
4 22
4 25
4 32
4 35
4 40
4 48
4 49
4 51
4 53
4 58
4 59
4 61
4 63
4 67
5 6
5 7
5 9
5 10
5 13
5 15
5 20
5 21
5 22
5 24
5 26
5 28
5 30
5 31
5 32
5 33
5 35
5 37
5 38
5 39
5 41
5 45
5 46
5 50
5 52
5 55
5 60
5 69
6 14
6 16
6 17
6 21
6 25
6 31
6 35
6 36
6 38
6 41
6 42
6 43
6 44
6 52
6 53
6 54
6 55
6 56
6 57
6 62
6 67
6 68
7 13
7 15
7 16
7 27
7 28
7 30
7 34
7 37
7 38
7 42
7 43
7 45
7 58
7 59
7 62
7 65
8 13
8 15
8 20
8 21
8 26
8 28
8 31
8 35
8 36
8 37
8 38
8 41
8 44
8 47
8 50
8 52
8 54
8 56
8 57
8 60
8 62
8 66
9 17
9 18
9 29
9 31
9 33
9 35
9 37
9 38
9 39
9 47
9 48
9 51
9 55
9 56
9 57
9 63
9 64
9 67
9 68
10 11
10 13
10 15
10 16
10 17
10 20
10 21
10 23
10 25
10 26
10 29
10 34
10 43
10 58
10 66
11 12
11 13
11 15
11 16
11 24
11 25
11 26
11 32
11 33
11 36
11 38
11 41
11 42
11 43
11 47
11 51
11 52
11 53
11 61
11 63
11 66
12 13
12 14
12 17
12 18
12 23
12 26
12 27
12 28
12 29
12 32
12 35
12 36
12 43
12 45
12 47
12 52
12 53
12 54
12 57
12 58
12 59
12 60
12 61
12 63
12 66
12 67
12 68
13 15
13 16
13 29
13 30
13 37
13 38
13 40
13 41
13 44
13 49
13 50
13 51
13 55
13 64
13 65
13 66
13 69
14 16
14 24
14 28
14 30
14 33
14 35
14 36
14 37
14 45
14 47
14 48
14 52
14 55
14 64
14 65
14 68
15 21
15 23
15 24
15 30
15 35
15 37
15 42
15 47
15 48
15 50
15 56
15 61
15 64
15 66
15 68
15 69
16 19
16 21
16 23
16 25
16 26
16 27
16 29
16 31
16 36
16 38
16 41
16 43
16 49
16 50
16 51
16 52
16 53
16 56
16 58
16 62
16 67
16 69
17 18
17 23
17 25
17 29
17 30
17 31
17 32
17 33
17 38
17 39
17 42
17 43
17 49
17 53
17 56
17 62
17 67
18 23
18 25
18 28
18 32
18 34
18 45
18 51
18 52
18 53
18 55
18 59
18 67
18 69
19 23
19 24
19 28
19 31
19 41
19 42
19 44
19 45
19 55
19 57
19 59
19 61
19 63
19 66
19 67
19 69
20 22
20 23
20 24
20 25
20 27
20 36
20 40
20 47
20 48
20 53
20 59
20 61
20 62
20 68
20 69
21 23
21 25
21 26
21 27
21 28
21 30
21 32
21 35
21 39
21 41
21 42
21 44
21 45
21 48
21 55
21 56
21 58
21 63
21 65
22 24
22 27
22 29
22 33
22 36
22 38
22 41
22 44
22 45
22 47
22 48
22 49
22 51
22 52
22 53
22 54
22 56
22 60
22 65
22 66
22 67
23 26
23 29
23 32
23 33
23 37
23 39
23 40
23 43
23 46
23 49
23 50
23 52
23 58
23 59
23 60
23 61
23 65
24 26
24 28
24 32
24 33
24 34
24 36
24 37
24 38
24 39
24 41
24 46
24 47
24 50
24 51
24 55
24 60
24 61
24 62
24 63
24 64
24 65
25 29
25 30
25 31
25 32
25 38
25 39
25 40
25 51
25 54
25 60
25 62
25 64
25 67
26 27
26 29
26 30
26 31
26 33
26 38
26 39
26 43
26 44
26 47
26 48
26 51
26 53
26 58
26 59
26 60
26 61
26 66
26 68
26 69
27 28
27 29
27 31
27 34
27 35
27 37
27 39
27 40
27 44
27 50
27 53
27 61
27 64
27 67
27 68
27 69
28 30
28 33
28 37
28 38
28 39
28 42
28 43
28 55
28 57
28 59
28 62
28 69
29 31
29 35
29 37
29 38
29 44
29 46
29 49
29 52
29 54
29 58
29 64
29 65
29 69
30 36
30 39
30 42
30 43
30 45
30 47
30 49
30 56
30 58
30 59
30 63
30 65
30 68
30 69
31 35
31 36
31 38
31 40
31 42
31 46
31 49
31 50
31 52
31 55
31 56
31 59
31 65
31 66
31 67
32 34
32 37
32 38
32 39
32 42
32 46
32 51
32 53
32 56
32 60
32 62
32 67
32 68
32 69
33 36
33 40
33 41
33 44
33 45
33 47
33 59
33 60
33 63
33 67
33 69
34 38
34 50
34 51
34 57
34 61
34 62
34 65
34 66
35 36
35 38
35 40
35 41
35 42
35 43
35 45
35 46
35 47
35 48
35 52
35 54
35 56
35 57
35 61
35 65
35 68
36 41
36 43
36 44
36 46
36 47
36 49
36 50
36 52
36 53
36 54
36 55
36 56
36 57
36 59
36 63
36 64
36 65
36 66
36 69
37 39
37 41
37 47
37 50
37 52
37 53
37 63
37 67
37 68
38 41
38 44
38 45
38 47
38 49
38 50
38 55
38 56
38 57
38 64
38 68
39 41
39 45
39 46
39 47
39 51
39 52
39 54
39 65
39 67
39 68
40 42
40 43
40 44
40 47
40 51
40 56
40 61
40 62
40 63
40 64
40 65
40 67
41 44
41 45
41 49
41 50
41 54
41 55
41 61
41 62
41 63
41 64
41 66
41 68
41 69
42 43
42 45
42 48
42 55
42 57
42 62
42 65
43 44
43 47
43 53
43 55
43 58
43 62
43 63
43 66
43 67
44 46
44 52
44 56
44 58
44 59
44 60
44 63
44 66
44 68
45 48
45 52
45 58
45 59
45 65
46 47
46 51
46 54
46 56
46 57
46 59
46 62
46 64
46 65
47 51
47 52
47 61
47 66
47 68
47 69
48 49
48 50
48 52
48 57
48 58
48 60
48 68
49 51
49 57
49 58
49 62
49 63
49 67
49 68
50 51
50 53
50 55
50 56
50 57
50 58
50 59
50 61
51 52
51 53
51 54
51 60
51 61
51 63
51 64
52 57
52 60
52 61
53 57
53 60
53 61
53 65
53 68
54 55
54 57
54 58
54 63
54 64
54 65
54 67
55 57
55 58
55 59
55 60
55 61
55 64
55 65
55 67
55 68
56 60
56 62
56 69
57 59
57 62
57 63
57 65
58 59
58 63
58 65
59 60
59 69
60 63
60 65
60 66
60 68
60 69
61 62
61 69
62 64
62 69
63 64
63 65
63 69
64 65
64 66
64 67
64 68
65 66
65 69
66 67
67 69
68 69
