70 104
7 9 7 8 13 15 1 12 3 12 14 13 4 11 0 12 15 5 6 14 11 8 6 7 2 5 6 9 9 5 15 3 6 9 15 12 0 0 7 8 11 6 8 1 8 1 2 4 14 13 9 0 0 11 9 7 4 14 4 8 2 8 7 13 13 0 4 15 0 10 
0 12
0 26
0 37
0 60
1 8
1 13
1 29
2 44
3 10
3 23
3 36
3 57
3 58
3 64
4 5
4 43
4 60
5 40
6 61
7 50
8 18
8 27
8 41
8 57
8 65
9 18
9 30
9 57
9 67
10 33
11 36
11 46
12 20
13 15
13 34
13 41
13 52
13 69
14 15
14 41
14 67
15 59
16 48
16 68
17 19
17 25
18 63
20 55
21 69
22 59
22 63
24 31
24 63
25 39
25 57
25 65
27 43
27 56
28 39
29 35
29 49
29 58
29 60
30 59
31 62
32 44
32 52
32 60
33 47
33 52
33 60
35 68
37 38
37 42
37 51
37 61
39 62
40 58
42 53
42 63
43 52
44 45
44 54
44 66
45 49
45 57
47 57
48 68
50 64
51 57
51 58
51 67
52 59
53 66
55 66
56 59
57 66
58 60
59 68
60 61
61 67
63 65
63 66
65 68
