70 132
0 14 2 7 12 8 7 11 15 14 14 13 5 14 0 5 5 9 15 0 2 14 4 5 7 3 7 10 7 5 14 9 7 5 4 7 15 5 6 6 14 7 2 14 2 2 12 6 2 0 11 0 1 5 7 6 11 5 12 1 7 15 8 3 13 4 3 3 1 4 
0 36
0 41
0 45
1 10
1 27
1 33
1 47
1 55
1 57
1 68
2 8
2 18
3 26
3 34
3 39
4 35
4 47
4 50
5 10
5 23
5 27
5 33
5 47
6 9
6 22
6 24
6 27
6 45
7 41
7 65
7 69
8 44
8 59
9 39
9 45
9 47
10 33
10 55
10 56
10 59
11 29
11 38
11 43
11 68
12 17
12 26
12 33
12 48
13 22
13 55
13 65
14 26
15 27
15 58
16 24
16 44
16 54
16 62
17 20
17 24
17 61
18 37
19 45
19 47
19 50
20 21
20 33
20 51
22 35
22 36
22 65
22 69
23 56
23 63
23 67
23 69
24 64
25 67
26 40
26 52
26 56
27 33
27 67
28 66
28 67
30 68
31 37
31 57
31 60
32 42
32 51
33 37
33 38
33 40
33 48
33 52
33 65
34 43
35 40
36 41
37 38
37 40
37 42
37 43
37 52
38 41
38 48
38 62
38 65
39 52
39 60
40 47
40 48
41 42
42 58
44 62
46 64
47 60
47 65
48 57
49 50
49 58
49 59
50 66
53 65
55 56
55 67
56 64
59 62
65 66
66 68
66 69
