100 253
5 0 2 2 13 14 14 31 14 17 9 27 27 21 0 13 8 8 17 29 30 8 24 5 13 26 23 25 20 27 14 13 22 17 20 13 21 28 30 18 26 28 10 9 28 4 23 15 9 19 17 18 26 29 2 0 12 1 5 0 18 31 25 24 8 4 9 27 0 30 17 22 25 13 16 23 18 22 29 2 19 7 14 18 22 11 10 19 31 8 18 11 1 12 18 30 31 15 6 6 
0 36
0 60
0 62
0 77
0 78
0 93
1 22
1 27
1 38
1 65
1 73
1 80
1 89
2 8
2 16
2 25
2 50
2 63
2 64
2 65
2 69
2 91
3 11
3 38
3 40
3 50
3 54
3 68
3 76
3 84
4 23
4 39
4 57
5 45
5 58
5 69
5 86
6 8
6 29
6 37
6 50
6 53
6 59
6 70
6 80
6 88
6 99
7 12
7 19
7 20
7 48
7 70
7 96
8 38
8 46
8 89
9 42
9 44
9 84
9 91
10 28
10 43
10 69
10 76
10 82
11 30
11 78
11 93
12 17
12 38
12 89
13 15
13 24
13 34
13 63
13 72
14 62
14 65
14 73
15 22
15 38
15 46
15 57
15 96
16 35
16 59
16 88
16 91
17 70
17 75
17 78
17 99
18 27
18 56
19 55
20 27
20 31
20 39
20 49
20 59
21 25
21 43
21 57
21 74
21 93
22 41
22 67
22 94
23 42
23 67
24 38
24 45
24 81
25 27
25 36
25 50
25 73
25 76
25 77
26 49
27 82
27 87
28 32
28 51
28 58
28 94
29 36
29 48
29 87
30 45
30 67
31 40
31 85
32 73
32 76
32 77
32 85
32 99
33 63
33 64
33 85
33 96
34 80
35 46
35 63
36 40
36 79
36 95
37 86
37 90
38 54
38 61
38 75
38 89
39 45
39 52
39 56
39 66
39 68
39 81
40 84
40 91
41 50
41 53
41 58
42 60
42 86
43 46
43 86
44 71
44 73
45 51
45 54
45 59
45 69
45 99
46 81
47 73
47 80
48 53
48 55
48 65
49 53
49 71
49 72
49 93
49 94
50 56
50 64
50 85
51 57
51 80
52 82
52 98
54 88
54 97
55 77
55 80
55 83
55 93
55 96
56 73
56 74
56 88
57 58
57 77
57 93
58 67
58 80
58 97
59 64
59 89
60 69
60 99
61 86
62 70
62 95
62 96
63 72
63 78
63 95
64 65
65 77
65 83
65 89
66 69
66 92
67 94
68 80
69 74
69 81
69 93
70 79
71 83
72 78
73 74
73 80
73 83
74 96
74 97
75 81
76 83
77 89
78 84
79 87
81 98
83 85
84 93
87 96
89 98
91 93
93 99
97 99
