70 154
0 0 4 1 13 14 0 7 13 11 10 5 0 9 14 12 6 7 0 10 1 14 7 5 13 3 10 12 2 2 11 4 1 7 15 3 14 3 14 15 11 10 1 4 5 3 10 8 14 4 13 2 14 10 10 9 9 12 11 14 8 13 10 3 13 1 9 9 3 15 
0 1
0 14
1 40
1 42
2 32
2 63
2 68
3 19
4 5
4 24
4 32
4 44
4 63
4 68
5 19
6 8
6 9
6 27
6 57
6 60
6 61
7 23
7 48
7 50
8 12
8 21
8 39
8 58
9 26
9 28
9 48
9 51
10 19
10 50
10 53
11 38
11 48
11 60
12 17
12 27
12 29
12 38
13 14
13 24
13 36
13 41
13 48
13 51
13 66
14 29
14 45
15 37
15 65
16 35
16 41
16 47
16 62
17 19
17 32
17 33
17 60
18 22
18 28
19 31
19 56
20 21
20 24
20 32
20 42
20 44
20 68
21 44
22 31
22 32
22 55
22 64
23 32
24 44
24 46
24 50
24 52
24 58
24 66
24 68
25 29
25 34
25 68
26 28
26 59
26 69
27 39
27 48
27 60
27 62
29 50
29 58
30 45
30 51
30 67
31 41
31 55
31 59
32 47
32 53
33 46
34 35
34 47
35 53
35 55
35 61
36 46
36 48
36 49
36 52
36 68
37 46
37 54
38 42
38 53
39 48
39 50
41 57
41 64
43 59
43 62
43 69
44 47
44 52
44 68
45 49
45 62
45 66
46 50
46 58
47 50
47 60
47 63
50 52
50 58
50 64
51 61
51 69
52 66
53 69
54 59
55 61
55 66
56 60
56 64
58 66
59 64
59 69
60 66
66 69
