80 346
12 14 6 7 0 11 6 10 8 14 5 9 14 8 9 3 14 2 0 2 3 13 13 7 14 10 14 7 3 1 15 11 8 3 7 10 8 3 14 2 6 12 14 1 1 0 3 6 10 6 6 9 15 11 12 2 3 1 1 10 11 9 8 8 14 11 10 4 0 4 7 14 13 8 4 13 6 0 14 14 
0 2
0 4
0 13
0 28
0 32
0 48
0 54
0 60
0 65
0 68
0 69
0 70
1 5
1 19
1 27
1 32
1 34
1 37
1 39
1 50
1 60
1 69
2 10
2 26
2 27
2 30
2 34
2 45
2 53
2 56
2 57
2 61
2 67
2 70
3 26
3 28
3 42
3 48
3 50
3 53
3 56
3 57
3 67
3 69
4 16
4 19
4 32
4 33
4 45
4 48
4 49
4 50
4 68
4 70
4 74
5 10
5 17
5 34
5 38
5 45
5 48
5 50
5 74
6 53
6 66
6 67
6 78
7 8
7 17
7 26
7 29
7 57
7 77
8 11
8 22
8 46
8 52
9 10
9 19
9 24
9 25
9 44
9 47
9 59
9 75
10 17
10 19
10 27
10 31
10 45
10 53
10 56
11 19
11 25
11 35
11 37
11 46
11 74
12 13
12 18
12 31
12 40
12 52
12 70
12 73
12 74
12 79
13 15
13 29
13 45
13 56
13 59
13 60
13 69
14 20
14 27
14 39
14 46
14 58
15 16
15 33
15 37
15 40
15 47
15 63
15 71
15 76
16 30
16 40
16 42
16 46
16 63
16 69
17 19
17 32
17 50
17 57
17 67
17 68
17 70
17 72
18 24
18 34
18 36
18 37
18 42
18 65
18 77
19 27
19 32
19 41
19 50
19 56
19 68
20 38
20 48
20 63
20 64
20 70
20 71
20 72
20 74
21 22
21 24
21 35
21 49
21 70
21 73
22 26
22 33
22 40
22 43
22 67
22 77
23 28
23 35
23 48
23 75
23 78
24 28
24 30
24 39
24 45
24 50
24 60
24 71
24 74
24 75
25 29
25 51
25 54
25 57
25 66
25 72
25 77
25 78
26 31
26 37
26 40
26 42
26 49
26 51
26 52
26 54
26 63
27 28
27 50
27 72
28 45
28 48
28 54
28 56
28 67
28 69
28 70
29 34
29 51
29 52
29 77
30 31
30 32
30 38
30 63
30 77
30 79
31 33
31 54
31 60
32 45
32 47
32 50
32 60
32 67
32 69
33 72
33 77
34 45
34 49
34 51
34 53
34 57
34 61
34 69
34 72
34 76
35 52
35 58
35 63
35 71
35 73
35 78
36 37
36 38
36 50
36 69
37 47
37 50
37 51
37 59
37 71
38 43
38 57
38 71
38 72
39 76
39 77
40 61
40 64
40 69
41 42
41 46
41 63
41 76
42 44
42 72
42 79
44 54
44 68
44 70
45 53
45 56
45 61
45 72
45 75
46 59
46 71
46 73
47 64
47 65
47 77
48 52
48 67
48 70
48 73
48 79
49 50
49 61
50 51
50 52
50 62
50 68
51 56
51 79
53 56
53 67
53 68
53 72
53 73
54 55
54 63
54 65
54 67
54 72
55 56
55 73
55 78
56 67
56 69
56 72
56 76
57 67
57 69
57 70
58 60
58 63
59 67
60 73
61 70
62 68
63 65
63 67
64 66
65 75
65 79
66 78
68 69
68 70
69 70
69 76
69 79
70 72
71 72
71 79
73 76
76 78
77 79
