50 113
3 2 4 2 0 0 0 3 5 2 1 2 6 0 4 1 0 1 3 7 0 3 2 6 6 7 2 3 0 4 3 4 6 0 7 5 3 6 3 1 0 1 6 2 6 2 4 0 2 1 
0 2
0 5
0 6
0 15
0 25
1 16
1 27
1 33
1 38
2 5
2 12
2 13
2 20
2 21
2 22
2 23
2 24
2 34
3 12
3 13
3 29
3 30
3 32
3 34
3 36
3 41
3 43
3 46
3 47
3 48
3 49
4 7
4 10
4 21
4 27
4 31
5 7
5 26
5 39
6 7
6 41
7 10
7 30
7 32
7 38
8 19
8 31
8 33
8 44
8 46
9 11
9 13
9 35
9 39
10 13
10 24
10 26
10 28
10 33
10 35
10 36
10 45
11 26
12 26
12 30
13 20
13 22
13 43
13 46
14 48
15 18
15 39
16 36
16 49
17 18
18 31
19 28
19 30
19 33
19 40
19 42
19 47
20 25
21 38
21 40
22 40
23 32
24 28
24 48
25 36
25 46
26 38
26 46
27 35
28 35
28 44
29 42
30 34
30 47
32 36
32 48
34 43
35 42
36 46
37 41
37 46
38 45
38 48
39 42
43 47
44 46
46 48
48 49
