70 463
12 0 10 6 3 8 5 7 11 13 13 11 8 14 6 8 3 4 1 12 6 0 5 7 4 7 7 8 4 9 15 0 10 14 1 6 9 12 7 14 4 13 5 15 15 14 3 12 0 5 2 0 10 1 6 8 5 9 1 12 8 5 7 3 9 15 2 1 13 15 
0 15
0 16
0 26
0 33
0 37
0 38
0 41
0 43
0 44
0 45
0 53
0 55
0 61
0 62
0 63
1 14
1 46
1 54
1 61
1 64
1 69
2 3
2 9
2 10
2 16
2 26
2 52
2 54
2 55
2 56
2 58
2 60
2 64
3 5
3 8
3 11
3 15
3 17
3 20
3 26
3 32
3 33
3 34
3 35
3 40
3 55
3 56
3 58
3 63
3 68
4 6
4 17
4 30
4 31
4 32
4 34
4 36
4 41
4 57
4 63
5 10
5 13
5 17
5 23
5 30
5 36
5 39
5 40
5 44
5 46
5 47
5 48
5 50
5 56
5 62
5 63
6 7
6 8
6 17
6 18
6 19
6 21
6 25
6 41
6 43
6 48
6 59
6 68
7 11
7 17
7 19
7 24
7 32
7 33
7 44
7 46
7 57
7 59
7 61
8 9
8 10
8 16
8 18
8 21
8 23
8 24
8 26
8 40
8 50
8 57
8 61
8 64
8 65
9 16
9 21
9 33
9 37
9 39
9 46
9 50
9 61
9 68
10 11
10 14
10 27
10 34
10 56
10 61
10 63
10 66
10 67
11 14
11 15
11 17
11 25
11 26
11 31
11 43
11 47
11 51
11 68
12 19
12 23
12 24
12 29
12 30
12 32
12 33
12 34
12 35
12 40
12 48
12 57
12 60
12 61
12 64
12 65
12 69
13 15
13 26
13 30
13 31
13 36
13 39
13 41
13 54
13 59
13 62
14 19
14 21
14 22
14 25
14 30
14 34
14 35
14 41
14 65
15 17
15 19
15 20
15 22
15 26
15 32
15 34
15 37
15 49
15 56
15 61
15 64
16 18
16 19
16 26
16 34
16 48
16 53
16 56
16 57
16 59
16 67
17 19
17 31
17 38
17 42
17 61
17 63
18 19
18 21
18 26
18 28
18 40
18 43
18 53
18 58
18 60
18 62
18 63
18 67
19 21
19 22
19 24
19 27
19 39
19 40
19 43
19 50
19 52
19 60
19 64
19 66
20 30
20 33
20 37
20 39
20 46
20 50
20 60
20 65
21 23
21 27
21 33
21 53
21 61
21 63
22 35
22 40
22 44
22 45
22 50
22 52
22 58
22 59
22 63
22 65
22 66
22 69
23 24
23 33
23 34
23 35
23 38
23 41
23 45
23 51
23 53
23 55
23 56
23 68
24 26
24 27
24 34
24 37
24 39
24 41
24 42
24 45
24 50
24 59
24 65
24 69
25 30
25 40
25 46
25 51
26 40
26 53
26 57
26 61
26 65
27 32
27 35
27 37
27 41
27 43
27 44
27 45
27 50
27 57
27 62
27 63
27 64
28 38
28 47
29 38
29 45
29 62
29 64
29 66
29 68
30 37
30 38
30 44
30 51
30 53
30 59
30 64
30 68
30 69
31 34
31 36
31 39
31 44
31 45
31 59
31 62
31 67
31 69
32 38
32 45
32 52
32 60
32 63
33 48
33 49
33 50
33 61
33 63
33 64
33 66
34 38
34 40
34 43
34 49
34 53
34 61
34 65
34 66
34 68
35 38
35 57
35 64
35 66
35 69
36 39
36 43
36 46
36 54
36 55
36 62
36 64
36 67
37 44
37 53
37 57
37 61
37 64
38 39
38 43
38 46
38 56
39 50
39 52
39 53
39 55
39 56
39 58
39 61
40 41
40 46
40 47
40 62
41 42
41 44
41 45
41 47
41 48
41 52
41 55
41 61
41 63
41 67
42 49
42 52
42 58
42 68
43 45
43 46
43 49
43 54
44 52
44 65
44 69
45 49
45 57
45 62
45 64
45 65
46 51
46 52
46 56
46 60
46 64
47 55
47 58
47 60
47 62
47 68
48 51
48 55
48 58
48 64
49 53
49 57
49 65
49 69
50 52
50 53
50 57
50 65
51 53
51 60
51 62
51 64
52 68
53 57
53 62
53 63
53 64
53 67
53 68
54 69
55 61
55 68
56 61
56 64
57 59
57 67
58 68
59 68
60 61
60 64
61 64
62 63
62 65
62 66
63 64
63 65
63 68
64 65
64 66
65 67
66 69
67 68
67 69
