90 222
12 8 4 11 9 7 7 10 2 1 9 6 14 4 11 4 13 6 7 13 8 1 4 14 0 13 4 6 5 3 5 7 1 5 2 9 6 1 8 15 6 12 8 4 1 15 10 11 11 7 8 5 13 15 13 9 9 3 7 7 6 8 2 8 10 12 2 2 0 2 1 14 10 0 6 15 10 11 6 12 12 3 10 13 2 5 4 7 15 10 
0 6
1 2
1 19
1 20
1 47
1 57
1 81
1 87
2 23
2 32
2 42
2 60
2 75
3 10
3 24
3 44
3 71
3 74
3 77
3 83
4 18
4 69
4 77
5 36
5 76
6 7
6 8
6 41
6 63
6 82
7 11
7 27
7 40
8 15
8 18
8 42
8 45
8 50
8 55
8 57
8 76
9 84
10 34
10 37
10 49
10 74
11 36
11 50
11 85
11 87
12 17
12 62
13 37
13 46
13 60
13 76
14 18
14 34
14 43
14 49
14 61
14 85
15 32
15 34
15 72
15 74
15 86
16 18
16 33
16 55
17 19
17 46
17 62
17 63
17 81
18 27
18 43
19 45
19 65
19 79
19 81
19 89
20 23
20 40
20 41
20 43
20 53
20 60
21 23
21 27
21 45
21 84
22 27
22 52
22 80
22 84
22 86
23 61
23 79
24 44
24 49
24 50
24 63
24 69
25 29
25 31
25 39
25 45
25 52
25 66
26 39
26 41
26 53
27 74
28 29
28 31
28 34
28 35
28 42
28 78
28 85
28 89
29 57
29 88
30 33
30 46
31 75
32 33
32 41
32 54
32 55
32 72
33 68
33 73
33 89
34 48
34 79
35 52
35 74
36 73
37 40
37 46
37 59
38 45
38 50
38 51
38 52
39 62
40 49
40 65
40 68
40 77
42 58
44 65
44 83
45 74
45 83
46 65
46 72
46 83
46 87
47 56
47 72
48 71
48 75
48 80
49 58
49 61
49 64
49 71
50 64
50 67
50 74
50 77
51 87
52 79
52 88
53 67
54 75
54 84
54 86
55 75
56 59
56 67
56 86
57 70
57 74
57 77
58 66
58 68
60 83
61 63
62 65
62 66
62 81
62 86
63 64
63 87
64 75
64 79
64 88
65 67
66 70
66 73
66 75
67 69
67 79
67 89
68 86
69 71
69 78
69 80
70 74
71 73
73 81
73 82
74 77
75 76
76 86
77 80
78 80
82 88
