70 137
11 9 4 11 15 15 7 14 15 13 9 9 4 6 14 15 14 4 4 9 7 9 9 4 15 13 1 10 5 4 4 12 14 1 3 8 3 11 0 5 13 7 7 11 4 8 6 6 13 12 4 10 0 7 7 9 6 10 14 6 3 0 0 14 0 12 14 6 0 9 
0 14
0 35
0 47
1 3
1 23
1 37
1 57
1 60
2 6
2 22
3 7
3 39
4 17
4 39
4 62
5 10
5 31
5 61
5 65
6 8
6 17
6 18
6 48
6 60
7 11
7 57
8 12
8 54
8 65
9 11
9 33
9 35
9 37
9 47
10 32
10 40
11 20
11 56
11 61
12 32
12 41
12 48
13 19
13 47
13 68
14 15
14 16
14 43
15 24
15 35
15 68
16 31
16 42
16 69
17 44
17 54
17 62
18 37
18 52
18 55
19 34
20 23
20 44
21 49
21 65
21 66
22 43
22 51
22 56
22 64
23 33
24 27
24 44
24 54
24 66
24 67
25 31
25 53
26 28
26 30
26 37
26 50
26 66
27 40
27 53
28 38
28 48
28 56
28 61
29 36
29 54
29 61
29 65
29 67
30 45
30 69
32 58
32 65
34 62
37 39
37 62
38 61
38 67
39 55
40 50
40 58
41 42
41 58
41 59
41 63
41 64
42 43
42 59
42 64
43 47
43 49
44 52
44 63
45 50
45 58
45 59
46 48
46 65
47 56
47 69
48 51
48 64
51 57
51 60
52 61
52 62
53 57
56 57
59 69
60 62
64 69
65 68
