100 233
26 4 26 29 1 1 25 22 7 27 0 18 17 29 4 5 28 1 28 23 10 23 3 26 15 0 15 28 21 26 2 22 22 17 19 9 26 9 6 3 30 1 6 24 7 0 25 22 29 2 26 9 14 13 9 18 9 30 23 25 10 6 11 7 13 10 0 31 23 4 23 13 29 2 17 26 11 11 12 16 17 18 4 23 12 5 15 27 6 23 14 17 21 9 14 1 22 25 29 23 
0 58
0 85
0 95
1 10
1 30
1 46
1 49
1 64
1 87
2 7
2 12
2 20
2 25
2 28
2 55
2 76
2 78
2 81
2 82
2 83
2 96
2 98
3 21
3 29
3 47
3 48
3 50
3 92
3 94
4 17
4 22
4 28
4 38
4 61
4 89
4 99
5 13
5 38
5 48
5 76
6 27
6 28
6 30
6 34
6 61
6 84
6 95
7 8
8 32
8 83
8 96
9 53
9 65
9 92
9 97
10 24
10 41
10 42
10 52
10 61
10 98
10 99
11 39
11 76
11 90
11 96
12 17
12 88
13 19
13 38
14 41
14 78
14 98
15 21
15 26
15 51
15 71
16 27
16 57
16 71
16 79
17 46
17 71
17 89
17 94
18 29
18 38
18 74
18 78
19 76
19 87
19 95
20 29
20 85
21 86
23 27
23 61
23 79
23 92
24 54
24 92
25 48
25 53
25 62
25 63
25 81
25 95
26 50
26 67
26 90
26 98
27 40
28 41
28 53
28 60
28 66
28 83
29 34
30 40
30 76
30 77
30 87
30 98
31 67
31 71
31 81
32 55
32 65
33 44
33 51
33 52
35 61
35 72
36 60
36 68
36 76
37 83
37 85
37 90
37 93
38 40
38 59
38 79
39 42
39 48
40 61
40 83
41 75
42 45
42 48
42 76
42 87
43 60
43 81
43 90
43 99
44 57
44 70
45 57
45 73
45 82
46 58
46 75
46 91
47 54
47 59
47 63
47 86
47 93
48 78
49 57
50 59
51 72
52 66
52 87
52 97
52 98
53 86
53 88
54 89
55 81
55 87
56 80
56 83
56 87
57 60
57 83
58 61
58 85
58 89
58 90
58 98
60 64
60 96
61 78
61 84
61 98
62 71
62 74
63 64
63 68
63 70
63 72
63 96
64 71
64 76
64 80
65 74
65 75
65 87
66 73
66 85
67 69
68 72
68 91
68 99
69 73
69 76
69 77
70 83
75 81
76 78
76 90
77 86
78 90
80 83
81 86
82 85
83 87
87 92
87 94
88 99
90 99
