60 635
8 5 8 6 7 12 6 9 3 3 10 15 11 15 2 0 7 14 3 12 13 9 10 9 8 10 10 8 1 14 6 7 11 6 7 9 7 10 15 8 8 5 0 14 4 13 0 10 14 14 13 9 6 13 14 15 7 10 14 14 
0 3
0 4
0 5
0 19
0 22
0 25
0 26
0 27
0 29
0 31
0 34
0 35
0 36
0 45
0 51
0 53
0 55
0 59
1 6
1 10
1 13
1 14
1 16
1 17
1 18
1 20
1 28
1 32
1 33
1 34
1 37
1 41
1 42
1 45
1 56
1 58
2 4
2 5
2 6
2 16
2 20
2 21
2 23
2 24
2 29
2 34
2 39
2 42
2 43
2 46
2 47
2 48
2 50
2 55
3 4
3 5
3 6
3 7
3 9
3 10
3 15
3 17
3 19
3 20
3 23
3 24
3 30
3 34
3 45
3 48
3 52
3 53
3 54
3 57
3 59
4 5
4 6
4 7
4 10
4 14
4 15
4 17
4 22
4 23
4 26
4 27
4 29
4 32
4 34
4 36
4 38
4 42
4 47
4 49
4 52
4 53
4 54
4 56
4 57
5 10
5 11
5 15
5 17
5 18
5 21
5 26
5 29
5 31
5 36
5 38
5 41
5 42
5 44
5 47
5 48
5 49
5 53
5 54
5 57
5 58
6 8
6 10
6 13
6 15
6 16
6 17
6 18
6 19
6 21
6 22
6 23
6 24
6 26
6 30
6 40
6 41
6 42
6 44
6 46
6 47
6 53
6 56
6 57
6 59
7 9
7 10
7 12
7 15
7 16
7 17
7 23
7 24
7 25
7 27
7 29
7 31
7 33
7 38
7 39
7 40
7 49
7 50
7 52
7 53
7 57
8 9
8 13
8 14
8 17
8 21
8 25
8 29
8 32
8 33
8 36
8 37
8 38
8 42
8 44
8 45
8 47
8 48
8 49
8 53
8 54
9 20
9 25
9 26
9 27
9 28
9 32
9 41
9 42
9 45
9 46
9 52
9 54
9 56
10 12
10 15
10 18
10 19
10 21
10 24
10 26
10 27
10 29
10 30
10 32
10 33
10 34
10 37
10 39
10 43
10 46
10 54
10 59
11 13
11 15
11 17
11 18
11 19
11 23
11 24
11 25
11 28
11 30
11 32
11 42
11 43
11 48
11 53
11 56
12 14
12 16
12 17
12 19
12 22
12 23
12 24
12 25
12 27
12 28
12 30
12 33
12 38
12 40
12 42
12 43
12 44
12 48
12 51
12 52
12 55
12 56
12 57
12 59
13 22
13 23
13 24
13 28
13 37
13 38
13 43
13 47
13 51
13 52
13 54
13 55
13 57
14 19
14 23
14 24
14 26
14 27
14 31
14 33
14 34
14 36
14 37
14 41
14 44
14 47
14 48
14 50
14 52
14 54
14 58
15 16
15 18
15 20
15 21
15 24
15 25
15 36
15 43
15 47
15 52
15 55
15 57
15 58
15 59
16 17
16 19
16 20
16 22
16 23
16 25
16 28
16 32
16 34
16 38
16 47
16 48
16 53
16 54
16 58
17 18
17 19
17 20
17 27
17 28
17 30
17 31
17 34
17 42
17 44
17 46
17 47
17 50
17 56
17 57
17 58
17 59
18 20
18 23
18 25
18 26
18 27
18 29
18 34
18 36
18 39
18 43
18 52
18 56
18 59
19 21
19 23
19 24
19 29
19 34
19 36
19 43
19 45
19 46
19 49
19 54
19 55
19 56
19 58
20 21
20 23
20 26
20 27
20 28
20 31
20 33
20 36
20 40
20 44
20 46
20 47
20 48
20 50
20 52
20 53
20 54
20 58
20 59
21 24
21 25
21 27
21 37
21 39
21 42
21 43
21 49
21 52
21 54
21 55
21 59
22 23
22 25
22 26
22 29
22 33
22 44
22 50
22 51
22 52
22 53
22 58
23 26
23 29
23 38
23 42
23 43
23 46
23 47
23 52
23 57
23 58
23 59
24 27
24 30
24 31
24 33
24 39
24 41
24 45
24 46
24 49
24 52
24 53
24 56
24 57
24 58
25 27
25 29
25 30
25 32
25 35
25 38
25 40
25 41
25 44
25 46
25 47
25 52
25 54
25 56
25 58
26 27
26 29
26 31
26 34
26 39
26 40
26 43
26 46
26 47
26 49
26 52
26 53
26 54
26 55
26 59
27 29
27 34
27 35
27 42
27 46
27 47
27 49
27 51
27 52
27 56
27 58
27 59
28 29
28 40
28 45
28 47
28 49
28 50
28 51
28 54
28 57
29 30
29 31
29 33
29 35
29 42
29 44
29 47
29 49
29 54
29 55
29 56
29 57
30 32
30 35
30 38
30 44
30 45
30 47
30 52
30 53
30 55
30 56
30 58
31 32
31 33
31 34
31 40
31 41
31 46
31 47
31 48
31 56
31 58
32 34
32 36
32 38
32 40
32 42
32 44
32 53
33 38
33 40
33 44
33 45
33 49
33 52
33 56
33 57
33 58
34 35
34 38
34 40
34 42
34 51
34 53
34 54
34 57
34 59
35 41
35 44
35 46
35 49
36 37
36 38
36 39
36 41
36 47
36 48
36 57
36 59
37 44
37 45
37 47
37 49
37 50
37 51
38 39
38 42
38 46
38 47
38 52
38 53
38 55
38 56
38 58
39 42
39 44
39 48
39 52
39 56
39 58
40 45
40 49
40 51
40 54
40 57
41 42
41 46
41 48
41 56
42 43
42 45
42 49
42 50
42 52
42 53
42 54
42 56
42 59
43 45
43 47
43 49
43 51
43 54
44 45
44 50
44 51
44 54
44 57
44 58
44 59
45 49
45 57
46 47
46 51
46 54
46 57
47 51
47 52
47 53
47 56
47 57
47 58
48 49
48 50
48 51
48 53
48 58
48 59
49 50
49 52
49 56
49 58
50 54
50 55
50 56
51 57
52 56
53 57
53 59
54 55
54 58
54 59
55 59
56 58
57 58
