90 134
14 5 0 9 13 0 3 11 9 1 10 8 2 9 4 0 15 9 12 3 4 8 6 13 11 3 14 13 5 6 13 2 0 6 10 15 4 13 15 11 14 1 1 11 8 3 8 6 8 0 2 13 15 12 12 14 2 7 7 3 3 11 14 10 9 0 8 1 15 9 2 0 5 11 4 12 4 5 5 4 12 7 4 9 5 3 9 1 3 14 
0 5
0 42
0 44
0 76
1 16
1 39
1 76
1 83
2 23
2 48
2 70
3 32
3 51
3 55
4 43
4 57
4 65
4 71
5 8
5 28
6 24
6 35
6 67
7 25
7 49
7 77
8 16
8 35
8 56
8 67
8 80
9 15
9 61
9 72
10 18
10 30
10 63
11 19
11 23
11 64
12 49
12 61
13 18
13 30
13 50
14 49
14 77
15 50
15 53
16 38
17 27
17 31
17 84
18 60
18 87
19 36
19 69
19 87
20 25
20 54
20 74
21 65
21 71
21 77
22 82
23 41
24 50
25 61
26 32
26 51
26 89
27 69
27 81
28 42
28 76
29 35
29 51
29 62
30 59
31 42
32 82
33 45
33 47
33 68
34 38
34 73
34 76
37 52
37 58
37 72
37 88
38 69
39 51
39 73
40 45
40 47
40 59
41 43
41 64
42 71
42 84
43 44
44 57
44 64
45 63
46 56
46 62
47 51
48 87
50 51
50 66
50 81
51 53
51 55
51 61
51 68
51 86
52 78
54 72
54 88
55 78
55 89
58 61
58 70
59 63
59 75
60 74
62 84
68 81
69 84
74 79
74 88
82 85
85 86
