60 125
9 12 14 15 5 6 13 15 10 8 2 14 5 5 6 14 3 13 15 0 13 1 15 12 15 4 6 7 11 14 12 6 0 7 2 2 6 2 3 15 8 13 8 8 9 13 10 3 13 6 7 4 2 15 1 7 4 7 8 2 
0 26
0 45
1 3
1 25
1 38
1 52
2 3
2 30
2 31
2 47
2 48
2 53
2 57
2 58
3 4
3 7
3 12
3 56
4 5
4 13
4 20
5 32
5 40
5 45
5 46
5 54
6 8
6 40
6 48
6 53
7 31
7 41
7 49
7 50
7 55
8 13
8 38
8 52
9 38
10 12
10 21
10 26
10 33
10 39
11 21
11 23
11 25
11 33
11 56
12 38
12 43
12 55
12 56
13 18
13 19
13 48
14 36
14 44
14 48
15 22
15 30
15 31
15 45
15 50
16 21
16 26
16 27
16 28
16 41
16 58
17 24
17 32
17 33
17 37
17 54
18 26
18 32
18 54
19 45
19 52
20 25
20 40
20 44
20 48
21 31
21 43
21 46
21 53
22 24
22 36
24 53
25 47
25 52
26 43
26 54
27 30
27 32
29 30
29 41
29 42
29 53
31 59
33 51
34 39
34 57
35 44
35 47
35 51
36 55
37 53
38 47
38 53
39 41
39 57
40 53
40 59
45 59
46 56
46 58
47 56
48 54
48 57
49 58
53 55
53 59
