90 259
7 9 6 4 14 7 2 9 0 1 3 7 15 11 5 12 1 13 3 7 1 12 8 0 9 0 4 8 1 14 14 14 5 1 11 1 2 7 6 5 0 6 14 15 11 10 6 3 2 2 3 10 12 12 7 3 7 4 13 3 2 10 4 13 5 3 15 4 15 2 1 1 13 8 3 6 5 1 9 12 5 9 8 15 3 13 1 7 14 10 
0 20
0 21
0 22
0 24
0 26
0 45
0 49
0 53
1 13
1 36
1 41
1 63
1 72
1 73
1 86
2 10
2 17
2 18
2 27
2 36
2 37
2 53
2 54
2 72
2 76
2 82
3 25
3 41
4 8
4 12
4 14
4 15
4 41
4 59
4 86
5 29
5 55
5 85
5 87
6 9
6 22
6 33
6 45
6 52
7 11
7 54
7 75
7 85
8 10
8 34
8 42
8 51
8 55
8 57
8 63
8 65
9 22
9 41
9 46
9 50
9 60
9 78
10 25
10 30
10 45
10 50
10 60
10 81
11 14
11 17
11 57
11 71
11 73
11 88
11 89
12 37
12 41
12 42
12 52
12 87
12 89
13 21
13 35
13 44
14 24
14 29
14 81
15 45
15 46
15 53
15 88
16 24
16 80
17 23
17 25
17 38
17 39
17 47
17 54
17 57
17 84
18 42
18 88
19 24
19 43
19 54
19 66
19 83
20 49
20 81
20 84
21 32
21 35
21 41
21 59
21 61
21 79
22 77
23 48
23 75
23 77
23 89
24 45
25 33
25 43
25 46
25 47
25 51
25 58
25 62
25 65
25 67
26 45
26 81
27 45
27 52
27 66
28 46
28 82
29 37
29 40
29 60
29 67
29 85
30 59
30 78
31 39
31 52
31 62
31 87
32 47
32 86
33 38
33 49
33 50
33 51
33 54
34 38
34 47
34 50
34 81
34 82
35 57
35 66
35 71
36 55
36 69
37 57
37 60
38 42
38 63
38 65
38 78
39 57
39 59
39 62
39 63
39 65
39 69
39 70
39 71
40 44
40 49
40 58
40 62
40 65
40 67
40 71
41 49
41 82
41 86
42 48
42 64
42 69
42 78
42 80
43 55
44 46
44 70
44 82
44 86
45 51
46 68
46 73
46 74
46 86
47 61
47 62
47 65
47 71
48 49
48 65
49 69
49 70
49 75
49 77
50 51
50 53
50 60
50 61
51 61
51 64
51 81
52 57
52 68
52 77
53 62
53 68
53 70
53 71
53 75
53 85
54 56
54 61
55 62
57 72
57 75
58 62
58 63
58 74
60 61
60 62
61 69
61 85
62 81
63 80
65 70
65 72
65 74
66 68
67 72
68 75
71 72
71 85
71 86
72 75
73 86
76 85
84 86
