90 1423
8 5 2 14 5 8 15 11 12 8 14 1 9 1 4 5 14 9 9 9 3 2 8 9 9 5 5 12 6 8 3 12 11 12 12 10 11 1 12 13 5 14 15 11 15 11 7 7 7 10 14 10 13 11 8 12 2 11 7 1 9 7 15 15 1 9 11 2 6 10 12 6 4 11 9 9 2 1 10 9 5 8 12 15 15 4 13 5 4 10 
0 1
0 4
0 6
0 7
0 8
0 11
0 14
0 18
0 21
0 29
0 32
0 36
0 37
0 41
0 45
0 47
0 49
0 50
0 58
0 67
0 69
0 71
0 73
0 75
0 76
0 82
0 83
0 87
1 2
1 3
1 7
1 9
1 12
1 14
1 15
1 16
1 19
1 20
1 21
1 22
1 26
1 29
1 30
1 32
1 33
1 35
1 38
1 39
1 41
1 42
1 44
1 46
1 50
1 54
1 55
1 58
1 62
1 64
1 66
1 68
1 70
1 71
1 72
1 73
1 74
1 75
1 76
1 77
1 83
1 84
2 3
2 4
2 7
2 16
2 17
2 21
2 34
2 35
2 36
2 39
2 42
2 50
2 52
2 54
2 56
2 57
2 60
2 62
2 67
2 68
2 69
2 71
2 73
2 79
2 82
2 88
2 89
3 4
3 8
3 9
3 12
3 13
3 16
3 17
3 23
3 24
3 29
3 32
3 33
3 35
3 37
3 38
3 39
3 41
3 42
3 44
3 47
3 53
3 54
3 55
3 56
3 57
3 59
3 60
3 62
3 64
3 68
3 76
3 77
3 84
3 87
4 5
4 8
4 13
4 15
4 16
4 25
4 26
4 31
4 32
4 37
4 38
4 41
4 44
4 47
4 49
4 51
4 55
4 57
4 58
4 60
4 72
4 75
4 76
4 77
4 80
4 83
4 89
5 8
5 11
5 12
5 14
5 15
5 17
5 20
5 22
5 23
5 24
5 25
5 32
5 33
5 34
5 36
5 37
5 38
5 46
5 47
5 48
5 49
5 50
5 51
5 54
5 59
5 60
5 62
5 67
5 70
5 71
5 74
5 76
5 77
5 78
5 79
5 80
6 8
6 17
6 24
6 27
6 30
6 34
6 35
6 38
6 39
6 42
6 43
6 44
6 47
6 53
6 60
6 62
6 67
6 73
6 79
6 80
6 84
6 87
7 10
7 11
7 12
7 15
7 16
7 17
7 23
7 24
7 25
7 32
7 33
7 34
7 35
7 40
7 45
7 46
7 47
7 48
7 49
7 52
7 60
7 66
7 75
7 78
7 80
7 86
7 87
7 89
8 18
8 21
8 23
8 25
8 26
8 27
8 28
8 30
8 35
8 38
8 39
8 43
8 44
8 45
8 46
8 49
8 52
8 59
8 63
8 64
8 66
8 67
8 71
8 74
8 75
8 78
8 80
8 81
8 83
8 85
8 88
9 10
9 12
9 13
9 14
9 15
9 18
9 20
9 27
9 28
9 35
9 38
9 39
9 40
9 45
9 46
9 48
9 50
9 52
9 53
9 55
9 56
9 60
9 63
9 66
9 70
9 74
9 76
9 80
9 82
9 85
9 87
9 88
9 89
10 11
10 17
10 18
10 19
10 20
10 21
10 24
10 26
10 27
10 31
10 35
10 40
10 43
10 47
10 49
10 54
10 59
10 60
10 63
10 70
10 71
10 78
10 79
10 81
10 87
11 13
11 15
11 24
11 25
11 27
11 32
11 33
11 42
11 43
11 44
11 47
11 54
11 64
11 70
11 77
11 78
11 84
11 85
11 88
12 13
12 15
12 16
12 18
12 20
12 24
12 29
12 30
12 32
12 33
12 36
12 37
12 39
12 40
12 44
12 45
12 50
12 58
12 59
12 60
12 63
12 67
12 75
12 76
12 78
12 86
12 88
12 89
13 15
13 24
13 27
13 31
13 32
13 33
13 36
13 41
13 45
13 46
13 48
13 49
13 51
13 52
13 56
13 57
13 60
13 64
13 69
13 72
13 74
13 75
13 76
13 79
13 85
13 86
13 87
14 15
14 16
14 22
14 24
14 25
14 26
14 27
14 31
14 34
14 37
14 39
14 56
14 57
14 62
14 63
14 64
14 65
14 66
14 69
14 70
14 71
14 73
14 75
14 77
14 79
14 81
14 85
14 86
14 87
14 88
15 18
15 23
15 24
15 25
15 26
15 28
15 29
15 31
15 33
15 35
15 36
15 37
15 38
15 39
15 40
15 44
15 52
15 54
15 59
15 63
15 74
15 76
15 80
15 83
15 86
15 89
16 19
16 22
16 24
16 25
16 27
16 30
16 32
16 37
16 38
16 40
16 46
16 48
16 50
16 54
16 55
16 56
16 60
16 62
16 63
16 64
16 65
16 66
16 70
16 74
16 75
16 83
16 85
17 20
17 21
17 27
17 28
17 32
17 33
17 34
17 37
17 43
17 44
17 45
17 46
17 47
17 48
17 49
17 54
17 59
17 62
17 71
17 72
17 74
17 75
17 77
17 82
17 88
18 20
18 29
18 30
18 37
18 38
18 39
18 40
18 44
18 49
18 50
18 53
18 54
18 55
18 58
18 60
18 62
18 63
18 68
18 74
18 75
18 76
18 77
18 80
18 84
18 89
19 21
19 22
19 25
19 27
19 28
19 29
19 32
19 35
19 38
19 44
19 46
19 47
19 48
19 51
19 55
19 60
19 65
19 67
19 68
19 74
19 79
20 24
20 30
20 34
20 36
20 46
20 48
20 49
20 50
20 66
20 67
20 71
20 75
20 76
20 77
20 78
20 80
20 83
20 84
20 86
21 25
21 27
21 28
21 29
21 31
21 32
21 38
21 39
21 44
21 46
21 51
21 52
21 54
21 55
21 58
21 60
21 63
21 76
21 77
21 78
21 80
21 81
21 85
22 33
22 36
22 38
22 42
22 43
22 46
22 47
22 48
22 49
22 50
22 51
22 55
22 63
22 66
22 67
22 69
22 72
22 73
22 77
22 80
22 84
22 86
22 87
23 26
23 27
23 34
23 35
23 41
23 47
23 48
23 49
23 52
23 53
23 54
23 58
23 64
23 65
23 66
23 67
23 71
23 76
23 80
23 83
24 25
24 26
24 27
24 31
24 33
24 35
24 38
24 39
24 41
24 45
24 47
24 48
24 52
24 56
24 57
24 61
24 65
24 66
24 68
24 70
24 71
24 77
24 78
24 84
24 85
24 88
24 89
25 26
25 30
25 33
25 34
25 35
25 38
25 40
25 41
25 42
25 44
25 46
25 48
25 49
25 51
25 56
25 61
25 62
25 63
25 68
25 70
25 71
25 72
25 73
25 74
25 75
25 76
25 85
26 27
26 28
26 31
26 37
26 41
26 42
26 43
26 47
26 52
26 54
26 63
26 72
26 73
26 84
27 29
27 32
27 36
27 37
27 39
27 41
27 44
27 46
27 49
27 50
27 56
27 62
27 63
27 64
27 65
27 67
27 68
27 70
27 71
27 72
27 73
27 75
27 76
27 80
27 83
27 84
27 88
28 30
28 31
28 33
28 37
28 38
28 47
28 48
28 51
28 52
28 53
28 56
28 59
28 61
28 62
28 69
28 70
28 75
28 76
28 83
28 88
29 33
29 34
29 35
29 36
29 37
29 38
29 39
29 41
29 42
29 43
29 44
29 46
29 48
29 49
29 54
29 55
29 56
29 58
29 59
29 60
29 64
29 66
29 71
29 74
29 75
29 77
29 80
29 86
29 88
30 31
30 34
30 36
30 39
30 42
30 45
30 47
30 50
30 57
30 61
30 63
30 64
30 65
30 68
30 69
30 71
30 72
30 77
30 79
30 82
30 84
30 88
31 33
31 37
31 41
31 42
31 43
31 45
31 49
31 63
31 72
31 73
31 74
31 76
31 80
31 84
31 87
31 88
32 34
32 36
32 37
32 39
32 43
32 51
32 52
32 55
32 56
32 59
32 60
32 64
32 65
32 70
32 79
32 80
32 81
32 82
32 86
32 89
33 34
33 38
33 39
33 44
33 46
33 49
33 54
33 55
33 56
33 62
33 64
33 65
33 66
33 68
33 70
33 73
33 74
33 76
33 77
33 82
33 83
33 86
33 88
34 40
34 48
34 55
34 59
34 61
34 65
34 72
34 74
34 77
34 79
34 80
34 81
34 84
34 89
35 37
35 39
35 41
35 42
35 45
35 50
35 51
35 52
35 55
35 59
35 62
35 64
35 66
35 67
35 69
35 70
35 71
35 83
36 39
36 40
36 41
36 42
36 44
36 46
36 53
36 62
36 63
36 65
36 66
36 73
36 74
36 76
36 80
36 85
36 87
36 88
37 38
37 42
37 45
37 46
37 47
37 50
37 51
37 52
37 55
37 56
37 64
37 66
37 68
37 69
37 71
37 73
37 74
37 75
37 76
37 77
37 81
37 85
38 39
38 42
38 43
38 48
38 52
38 54
38 56
38 58
38 60
38 61
38 66
38 67
38 70
38 71
38 73
38 76
38 77
38 81
38 83
38 84
38 88
39 44
39 48
39 52
39 56
39 58
39 59
39 60
39 65
39 66
39 67
39 68
39 70
39 71
39 73
39 76
39 77
39 79
39 81
39 82
39 85
40 41
40 45
40 50
40 53
40 54
40 57
40 65
40 66
40 69
40 71
40 74
40 76
40 83
40 86
41 42
41 48
41 49
41 51
41 54
41 55
41 60
41 63
41 64
41 68
41 70
41 71
41 75
41 85
41 87
42 43
42 51
42 54
42 61
42 67
42 69
42 78
42 80
42 87
43 44
43 49
43 59
43 61
43 79
43 80
43 81
43 84
43 87
44 45
44 46
44 48
44 51
44 52
44 59
44 64
44 65
44 67
44 69
44 70
44 74
44 75
44 76
44 78
44 79
44 83
44 84
44 86
44 87
44 88
44 89
45 47
45 53
45 57
45 67
45 68
45 70
45 71
45 76
45 79
45 80
45 84
45 85
45 87
46 51
46 52
46 53
46 54
46 62
46 63
46 65
46 66
46 69
46 71
46 75
46 76
46 77
46 83
46 84
46 85
46 86
47 57
47 58
47 60
47 61
47 62
47 64
47 69
47 73
47 76
47 81
47 86
48 49
48 50
48 51
48 52
48 56
48 57
48 58
48 65
48 67
48 68
48 72
48 74
48 75
48 76
48 77
48 78
48 87
48 88
49 53
49 55
49 58
49 59
49 66
49 67
49 69
49 71
49 81
49 82
49 84
49 86
50 54
50 56
50 58
50 60
50 68
50 71
50 74
50 76
50 80
50 83
50 86
50 88
51 54
51 55
51 56
51 57
51 58
51 59
51 62
51 63
51 64
51 65
51 67
51 71
51 77
51 78
51 79
51 80
51 81
51 86
51 88
52 54
52 55
52 57
52 58
52 61
52 65
52 67
52 75
52 77
52 78
52 80
52 84
52 85
52 86
52 89
53 56
53 57
53 59
53 60
53 63
53 64
53 67
53 69
53 71
53 72
53 74
53 75
53 77
53 79
53 81
53 84
53 85
53 86
54 55
54 61
54 63
54 65
54 67
54 68
54 71
54 72
54 74
54 82
54 85
54 86
54 87
54 88
55 60
55 63
55 65
55 67
55 71
55 74
55 75
55 79
55 80
55 86
55 87
56 58
56 60
56 62
56 66
56 67
56 74
56 75
56 76
56 77
56 80
56 81
56 85
56 86
56 87
57 58
57 60
57 61
57 62
57 63
57 65
57 67
57 72
57 73
57 75
57 83
57 85
57 87
57 89
58 63
58 65
58 66
58 67
58 74
58 76
58 77
58 82
58 83
58 84
58 86
59 62
59 63
59 65
59 66
59 68
59 70
59 80
59 85
59 86
59 88
60 61
60 65
60 66
60 67
60 68
60 69
60 70
60 74
60 75
60 76
60 77
60 81
60 83
60 85
60 86
60 88
60 89
61 68
61 75
61 76
61 82
61 84
61 85
61 89
62 66
62 69
62 72
62 75
62 77
62 81
62 84
63 64
63 66
63 74
63 75
63 77
63 80
63 85
63 86
63 88
64 65
64 70
64 74
64 77
64 79
64 80
64 82
64 83
64 86
64 89
65 66
65 70
65 71
65 73
65 74
65 75
65 77
65 88
65 89
66 67
66 68
66 71
66 73
66 78
66 79
66 84
66 87
66 89
67 68
67 70
67 71
67 74
67 75
67 79
67 83
67 85
67 88
68 71
68 72
68 74
68 75
68 76
68 87
69 74
69 75
69 79
69 81
69 83
69 85
69 89
70 71
70 72
70 74
70 75
70 76
70 77
70 79
70 81
70 86
70 87
70 88
70 89
71 73
71 76
71 81
71 82
71 85
71 89
72 73
72 76
72 80
72 81
73 74
73 77
73 78
73 80
73 84
73 88
73 89
74 77
74 79
74 82
74 85
74 88
74 89
75 77
75 79
75 82
75 85
75 88
75 89
76 78
76 83
76 86
76 88
77 83
77 84
78 84
79 81
79 86
79 87
79 88
80 82
80 89
81 83
81 84
81 85
81 86
82 86
82 88
82 89
83 84
83 85
83 86
85 86
85 87
85 88
85 89
86 89
87 89
88 89
