60 89
13 13 0 12 14 15 15 0 11 8 7 7 6 5 1 14 3 8 8 5 2 11 15 5 15 0 6 13 9 10 0 14 4 0 15 12 1 2 3 10 6 12 7 10 8 15 11 2 15 7 5 2 14 10 7 9 4 5 6 12 
0 11
0 27
0 58
1 27
1 49
2 30
2 45
2 54
3 26
3 32
3 38
3 43
3 56
4 11
4 14
4 19
5 58
6 17
6 20
6 24
7 38
7 45
7 53
7 54
8 16
8 23
8 59
9 16
9 28
10 53
10 54
11 55
12 16
12 21
12 23
12 51
13 42
13 44
15 53
17 46
17 49
18 33
18 46
19 31
19 55
19 56
20 30
20 49
21 25
21 27
21 46
21 52
21 58
21 59
22 33
22 36
23 48
24 30
24 49
24 54
25 26
25 31
25 57
26 33
27 58
28 59
29 48
31 36
31 43
31 56
32 46
32 48
34 44
35 37
35 50
35 53
35 59
36 46
39 44
39 59
40 59
41 59
42 53
42 58
44 48
47 53
47 57
52 59
55 58
