60 331
14 10 7 12 2 15 9 14 1 4 9 1 0 11 13 7 5 14 8 15 8 1 1 3 7 8 8 6 2 3 3 11 15 11 2 11 4 2 8 0 8 7 14 5 12 11 6 9 6 15 5 15 1 15 7 10 15 3 5 4 
0 3
0 9
0 10
0 15
0 31
0 33
0 34
0 38
0 45
0 50
0 54
1 2
1 6
1 8
1 19
1 20
1 21
1 22
1 23
1 28
1 32
1 37
1 52
2 4
2 6
2 15
2 16
2 22
2 29
2 44
2 52
2 59
3 14
3 21
3 22
3 24
3 25
3 29
3 36
3 38
3 43
3 44
3 46
3 59
4 18
4 25
4 27
4 58
5 6
5 7
5 10
5 13
5 34
5 42
5 52
5 53
5 59
6 8
6 9
6 29
6 30
6 37
6 42
6 46
6 47
6 55
6 57
7 8
7 9
7 17
7 23
7 28
7 29
7 30
7 40
7 49
7 50
7 59
8 11
8 13
8 15
8 17
8 18
8 21
8 29
8 33
8 34
8 41
8 42
8 45
8 48
8 49
8 50
8 56
8 57
9 38
9 40
9 42
9 54
9 55
9 56
9 58
9 59
10 17
10 19
10 22
10 23
10 25
10 28
10 29
10 37
10 40
10 47
10 54
10 55
10 56
10 57
11 15
11 17
11 20
11 22
11 24
11 36
11 41
11 53
12 16
12 18
12 20
12 23
12 24
12 29
12 31
12 34
12 37
12 45
12 51
12 53
12 58
13 29
13 37
13 39
13 40
13 43
13 46
13 49
13 59
14 16
14 23
14 34
14 35
14 38
14 41
14 46
14 51
15 21
15 29
15 33
15 36
15 37
15 43
15 48
15 54
16 24
16 30
16 34
16 36
16 38
16 40
16 46
16 47
16 54
16 55
17 19
17 21
17 23
17 25
17 33
17 50
17 52
18 19
18 21
18 24
18 44
18 46
18 50
18 52
18 54
18 55
19 22
19 24
19 29
19 32
19 35
19 41
19 43
19 50
19 53
19 54
19 55
20 22
20 24
20 25
20 26
20 29
20 41
20 49
20 50
20 54
20 56
21 22
21 24
21 32
21 34
21 47
21 53
21 57
22 26
22 28
22 30
22 32
22 40
22 49
22 50
22 53
22 58
23 24
23 29
23 30
23 40
23 46
23 50
23 56
23 58
24 32
24 33
24 37
24 40
24 41
24 45
24 46
24 49
24 50
24 52
24 53
25 49
25 54
25 55
26 28
27 34
27 39
27 43
27 50
27 53
27 59
28 31
28 33
28 44
28 45
28 53
28 57
29 31
29 33
29 36
29 41
29 44
29 49
29 50
30 35
30 40
30 43
30 46
30 51
30 59
31 45
31 52
32 36
32 38
32 49
33 39
33 41
33 44
33 46
33 49
33 54
34 42
34 47
34 52
35 36
35 43
35 45
35 46
35 47
35 48
35 57
36 37
36 44
36 50
36 56
37 47
37 56
37 57
38 42
38 48
38 51
39 48
40 44
40 52
40 55
41 49
41 54
41 55
41 56
41 57
41 58
42 43
43 45
43 47
43 55
44 45
44 52
44 56
46 47
47 52
47 59
48 54
48 55
50 52
50 56
50 59
53 58
55 57
