60 336
1 0 4 8 3 9 3 2 6 7 8 8 10 5 14 2 7 3 1 3 10 11 6 10 4 6 0 12 6 5 8 15 9 6 1 9 5 3 6 12 3 2 0 4 11 6 14 5 13 3 8 1 6 5 3 10 14 3 9 15 
0 1
0 9
0 11
0 16
0 19
0 23
0 25
0 27
0 33
0 40
0 43
0 51
0 53
0 56
1 13
1 21
1 22
1 28
1 31
1 49
1 56
1 57
2 12
2 15
2 21
2 22
2 23
2 26
2 28
2 33
2 35
2 36
2 45
2 58
3 4
3 7
3 16
3 24
3 38
3 46
3 58
4 5
4 6
4 10
4 18
4 20
4 23
4 34
4 40
5 33
5 45
5 52
5 55
5 56
5 58
6 11
6 13
6 18
6 28
6 29
6 32
6 38
6 41
6 45
6 51
7 11
7 25
7 30
7 33
7 42
7 43
7 46
7 58
7 59
8 29
8 42
8 43
8 53
8 54
9 10
9 11
9 20
9 27
9 29
9 33
9 34
9 44
9 53
9 56
10 22
10 28
10 30
10 32
10 35
10 53
10 54
11 15
11 18
11 21
11 26
11 34
11 35
11 39
11 42
11 44
12 13
12 15
12 16
12 19
12 20
12 21
12 25
12 29
12 38
12 44
12 50
12 53
13 26
13 33
13 43
13 46
13 52
13 57
14 22
14 25
14 28
14 31
14 36
14 39
14 50
14 52
15 20
15 23
15 25
15 41
15 49
15 50
15 58
16 18
16 20
16 27
16 31
16 32
16 34
16 37
16 41
16 44
16 49
16 51
16 57
17 21
17 23
17 24
17 30
17 38
17 42
17 48
17 51
17 56
17 57
18 25
18 28
18 34
18 35
18 36
18 41
18 42
18 44
18 55
19 22
19 38
19 46
19 50
19 53
19 59
20 21
20 23
20 24
20 27
20 28
20 34
20 39
20 40
20 47
20 49
20 55
21 24
21 26
21 34
21 37
21 44
21 45
21 49
21 55
22 40
22 45
22 48
22 52
22 55
22 56
23 24
23 31
23 35
23 41
23 46
23 47
24 29
24 33
24 37
24 41
24 42
24 51
24 55
24 58
25 36
25 37
25 44
25 45
25 47
25 48
25 54
25 56
26 33
26 36
26 41
26 42
26 43
26 48
26 54
26 58
27 28
27 31
27 37
27 38
27 40
27 51
27 54
28 29
28 44
28 45
28 59
29 34
29 39
29 45
29 53
29 57
29 58
30 36
30 40
30 41
30 56
30 57
30 58
31 32
31 42
31 44
31 45
31 46
32 38
32 48
32 53
32 54
32 57
32 59
33 37
33 43
33 48
33 49
33 50
34 35
34 39
34 40
34 50
34 51
34 58
35 38
35 55
35 58
36 37
36 47
36 54
36 58
37 38
37 39
37 42
37 45
37 46
38 41
38 42
38 49
38 58
39 40
39 42
39 48
39 51
39 56
39 58
40 42
40 54
40 56
40 57
40 59
41 43
41 44
41 51
41 53
41 59
42 43
42 44
42 54
42 56
43 44
43 45
44 49
44 52
44 56
45 53
46 47
46 48
46 50
47 49
47 51
47 55
47 59
48 51
49 51
50 58
51 56
51 58
52 53
52 59
53 54
53 55
53 58
55 57
56 58
