60 258
2 6 8 3 9 12 13 0 12 12 12 5 14 11 13 2 3 7 5 11 13 4 12 10 14 15 0 10 11 10 0 4 13 5 15 11 11 11 4 2 9 13 1 2 9 8 12 9 15 13 6 4 0 6 5 4 12 13 9 1 
0 1
0 4
0 25
0 28
0 29
0 30
0 32
0 35
0 37
0 43
0 50
0 53
0 56
1 5
1 16
1 21
1 23
1 25
1 27
1 29
1 32
1 36
1 50
1 51
1 53
2 19
2 26
2 55
2 57
3 8
3 31
3 37
3 41
3 48
3 51
3 57
4 24
4 34
4 35
4 37
4 41
4 44
5 7
5 8
5 12
5 16
5 22
5 30
5 37
5 38
5 44
5 54
5 59
6 22
6 23
6 31
6 33
6 36
6 54
6 59
7 18
7 25
7 28
7 30
7 39
8 10
8 13
8 15
8 20
8 21
8 23
8 30
8 36
8 37
8 53
8 54
9 11
9 22
9 26
9 27
9 31
10 18
10 27
10 31
10 32
10 42
10 48
10 57
11 17
11 32
11 33
11 34
11 37
11 40
11 42
11 50
11 56
11 57
12 23
12 29
12 30
12 32
12 36
12 50
12 54
13 20
13 24
13 35
13 43
13 52
13 56
14 18
14 19
14 20
14 39
15 26
15 33
15 34
15 41
15 45
15 51
15 58
16 19
16 20
16 43
16 59
17 19
17 29
18 21
18 26
18 39
18 53
19 33
19 35
19 41
19 43
19 48
19 49
20 26
20 33
20 34
20 48
21 23
21 30
21 31
21 32
21 36
21 48
21 53
21 59
22 23
22 24
22 26
22 27
22 33
22 46
22 59
23 25
23 37
23 38
23 45
23 46
23 48
23 53
23 55
23 59
24 31
24 38
24 40
24 42
24 45
25 43
25 58
26 29
26 41
26 56
27 43
27 44
27 51
28 30
28 31
28 34
28 47
28 55
28 57
28 58
29 30
29 32
29 36
29 37
29 41
29 50
29 54
30 31
30 35
30 50
30 53
31 45
31 57
31 58
32 33
32 35
32 36
32 37
32 50
32 57
33 38
33 40
33 42
33 58
34 37
34 38
34 51
34 57
35 36
35 39
35 40
35 43
35 50
35 53
35 54
36 37
36 48
36 50
36 53
37 42
37 48
37 49
37 55
37 59
38 40
38 49
39 40
39 42
39 43
40 53
40 57
41 55
41 57
42 49
42 56
42 58
43 58
44 47
44 50
47 59
48 54
48 59
49 51
49 58
50 52
50 58
50 59
51 56
52 59
53 59
54 59
55 57
