70 872
14 0 15 12 6 15 15 15 8 5 2 9 7 11 5 8 10 9 7 11 13 0 15 3 5 12 8 0 15 9 9 7 9 2 4 15 15 9 7 7 9 15 11 13 13 5 14 9 9 12 10 15 0 8 6 10 9 1 12 5 10 0 9 7 7 5 13 3 12 9 
0 5
0 6
0 7
0 8
0 9
0 11
0 13
0 17
0 22
0 23
0 26
0 30
0 31
0 32
0 33
0 34
0 35
0 36
0 38
0 40
0 41
0 43
0 46
0 50
0 55
0 56
0 57
0 62
0 64
0 65
0 68
1 8
1 12
1 14
1 16
1 18
1 19
1 21
1 22
1 26
1 30
1 35
1 36
1 37
1 38
1 43
1 46
1 48
1 49
1 52
1 55
1 59
1 60
1 61
1 63
1 64
2 5
2 7
2 11
2 14
2 17
2 18
2 20
2 22
2 23
2 25
2 26
2 27
2 28
2 29
2 30
2 33
2 36
2 37
2 39
2 40
2 46
2 48
2 54
2 56
2 60
2 65
3 4
3 7
3 9
3 10
3 15
3 16
3 17
3 18
3 23
3 24
3 27
3 31
3 34
3 35
3 37
3 38
3 40
3 41
3 42
3 51
3 56
3 62
3 69
4 6
4 7
4 14
4 15
4 16
4 22
4 24
4 25
4 28
4 31
4 33
4 38
4 40
4 41
4 42
4 44
4 46
4 48
4 50
4 52
4 55
4 56
4 57
4 61
4 68
5 7
5 8
5 12
5 17
5 21
5 24
5 29
5 32
5 33
5 40
5 47
5 48
5 49
5 50
5 52
5 63
5 68
5 69
6 9
6 16
6 17
6 18
6 19
6 20
6 24
6 25
6 27
6 33
6 34
6 35
6 36
6 37
6 38
6 52
6 53
6 55
6 58
6 65
7 13
7 14
7 15
7 17
7 20
7 23
7 29
7 30
7 32
7 36
7 39
7 42
7 43
7 45
7 46
7 47
7 48
7 49
7 57
7 60
7 61
7 62
7 63
8 9
8 10
8 11
8 12
8 16
8 18
8 19
8 20
8 21
8 22
8 25
8 26
8 28
8 30
8 31
8 32
8 35
8 36
8 42
8 43
8 45
8 46
8 47
8 50
8 51
8 53
8 55
8 56
8 65
8 66
8 69
9 11
9 18
9 19
9 20
9 21
9 25
9 26
9 31
9 39
9 42
9 48
9 51
9 52
9 54
9 57
9 59
9 62
9 63
9 69
10 13
10 17
10 21
10 24
10 26
10 27
10 29
10 30
10 33
10 34
10 35
10 36
10 37
10 38
10 39
10 43
10 45
10 46
10 48
10 49
10 54
10 57
10 58
10 60
10 61
10 64
10 67
11 13
11 15
11 17
11 18
11 19
11 21
11 22
11 24
11 25
11 28
11 34
11 35
11 37
11 40
11 43
11 53
11 56
11 60
11 61
11 62
11 63
12 14
12 17
12 18
12 19
12 21
12 22
12 23
12 24
12 36
12 37
12 38
12 39
12 40
12 43
12 44
12 45
12 46
12 51
12 54
12 55
12 59
12 60
12 61
12 63
12 65
12 66
12 67
13 15
13 16
13 19
13 20
13 28
13 29
13 30
13 34
13 42
13 43
13 44
13 48
13 51
13 57
13 63
13 68
14 16
14 17
14 20
14 26
14 33
14 39
14 42
14 44
14 47
14 57
14 59
14 60
14 61
14 62
14 65
14 67
14 69
15 16
15 17
15 23
15 27
15 30
15 31
15 34
15 35
15 40
15 44
15 46
15 50
15 51
15 52
15 54
15 55
15 59
15 61
15 62
16 20
16 22
16 28
16 32
16 34
16 36
16 37
16 41
16 44
16 45
16 46
16 47
16 52
16 58
16 59
16 67
17 19
17 20
17 21
17 23
17 26
17 27
17 28
17 35
17 36
17 41
17 45
17 47
17 50
17 51
17 56
17 58
17 59
17 60
17 65
18 19
18 21
18 22
18 24
18 26
18 27
18 32
18 36
18 39
18 40
18 42
18 47
18 52
18 58
18 60
18 62
18 63
18 64
19 20
19 21
19 23
19 27
19 31
19 35
19 37
19 38
19 39
19 42
19 43
19 46
19 48
19 52
19 53
19 58
19 60
19 61
19 63
19 64
19 66
19 68
19 69
20 21
20 22
20 24
20 25
20 26
20 31
20 32
20 33
20 35
20 36
20 44
20 48
20 54
20 55
20 64
20 65
21 26
21 30
21 36
21 41
21 43
21 47
21 50
21 51
21 54
21 55
21 56
21 57
21 58
21 63
21 66
21 69
22 26
22 27
22 30
22 33
22 34
22 36
22 38
22 39
22 42
22 43
22 45
22 47
22 51
22 53
22 54
22 56
22 61
22 64
22 65
22 68
22 69
23 25
23 31
23 34
23 38
23 39
23 40
23 41
23 42
23 44
23 46
23 47
23 51
23 55
23 57
23 59
23 61
23 66
23 68
23 69
24 25
24 27
24 37
24 38
24 41
24 47
24 52
24 53
24 55
24 56
24 58
24 61
24 62
24 63
25 27
25 28
25 31
25 32
25 36
25 40
25 45
25 55
25 56
25 58
25 62
25 65
25 67
25 69
26 27
26 31
26 40
26 43
26 44
26 45
26 51
26 56
26 57
26 59
26 60
26 62
26 64
26 67
26 69
27 30
27 32
27 33
27 35
27 38
27 39
27 41
27 52
27 61
27 66
27 67
27 68
28 30
28 32
28 37
28 44
28 47
28 50
28 51
28 55
28 58
28 62
28 65
28 68
29 36
29 37
29 40
29 41
29 44
29 45
29 49
29 50
29 53
29 54
29 57
29 61
29 65
30 33
30 43
30 45
30 46
30 47
30 49
30 50
30 53
30 56
30 60
30 61
30 63
31 33
31 38
31 41
31 43
31 50
31 54
31 57
31 58
31 60
31 62
31 66
31 68
31 69
32 46
32 54
32 55
32 56
32 59
32 63
32 65
32 66
33 35
33 39
33 40
33 43
33 44
33 55
33 56
33 57
33 58
33 61
33 62
33 63
33 64
33 65
33 66
33 67
33 68
34 35
34 41
34 43
34 47
34 48
34 49
34 50
34 52
34 56
34 63
34 64
34 66
34 67
34 68
35 39
35 40
35 41
35 43
35 49
35 53
35 66
35 68
35 69
36 39
36 40
36 41
36 49
36 51
36 52
36 53
36 55
36 56
36 59
36 60
36 61
36 63
36 65
36 66
36 69
37 45
37 46
37 47
37 48
37 51
37 56
37 69
38 41
38 46
38 47
38 49
38 50
38 53
38 55
38 56
38 57
38 61
38 63
38 65
38 68
38 69
39 40
39 42
39 45
39 48
39 52
39 54
39 56
39 60
39 66
39 69
40 42
40 48
40 50
40 51
40 55
40 59
40 60
40 65
40 67
40 68
40 69
41 43
41 45
41 49
41 50
41 51
41 57
41 58
41 62
41 63
41 66
41 67
42 43
42 45
42 48
42 50
42 52
42 54
42 55
42 56
42 57
42 63
42 65
42 68
42 69
43 44
43 46
43 51
43 55
43 57
43 59
43 64
43 65
43 66
43 67
43 69
44 45
44 48
44 50
44 51
44 53
44 54
44 56
44 58
44 59
44 66
44 68
44 69
45 46
45 49
45 55
45 57
45 60
45 65
45 69
46 48
46 49
46 53
46 54
46 56
46 57
46 61
46 65
46 67
46 68
47 49
47 50
47 52
47 53
47 54
47 56
47 57
47 65
47 67
48 49
48 58
48 61
48 63
48 69
49 50
49 52
49 54
49 57
49 59
49 62
49 69
50 54
50 55
50 67
51 52
51 53
51 56
51 57
51 59
51 68
52 53
52 56
52 57
52 58
52 61
52 66
52 68
53 55
53 59
53 60
53 66
53 67
53 69
54 56
54 61
54 62
55 57
55 59
55 61
55 63
55 65
55 66
55 67
55 68
55 69
56 57
56 59
56 60
56 63
56 64
56 65
56 66
56 69
57 69
58 60
58 63
58 64
58 68
59 63
59 66
60 61
60 63
60 69
61 64
61 66
61 69
62 64
62 66
64 65
65 66
65 68
