50 149
2 7 5 3 3 5 4 4 1 6 1 7 0 6 0 3 7 5 2 1 3 2 4 0 7 5 4 2 1 5 4 3 3 7 3 0 4 1 4 5 4 3 0 4 3 3 2 0 4 7 
0 5
0 12
0 18
0 26
0 34
0 49
1 14
1 15
1 16
1 22
1 30
1 36
1 40
1 46
2 4
2 13
2 17
2 30
2 38
2 47
3 5
3 8
3 12
3 19
3 33
3 44
4 13
4 17
4 31
4 38
4 47
5 6
5 12
5 33
5 44
5 49
6 13
6 14
7 8
7 9
7 19
7 21
7 28
7 29
7 32
7 37
7 41
8 19
8 33
8 41
8 44
9 16
9 21
9 37
9 41
9 43
10 20
10 21
10 25
10 26
10 27
10 33
11 13
11 23
11 26
11 31
11 38
11 45
12 34
12 44
12 49
13 25
13 28
13 29
13 31
13 38
13 47
14 15
14 16
14 22
14 36
14 37
14 42
14 43
15 17
15 30
15 36
15 40
16 36
16 37
16 43
17 27
17 30
17 40
17 47
18 23
18 26
18 34
18 45
18 49
19 21
19 33
19 41
20 24
20 27
20 40
21 35
21 37
21 41
21 43
22 25
22 30
22 39
23 26
23 31
23 34
23 45
24 26
24 28
24 33
25 45
26 34
26 42
26 45
27 31
27 48
28 39
29 42
30 32
30 40
30 47
31 38
31 45
33 41
33 44
34 49
35 46
36 40
36 43
37 43
37 46
38 45
39 43
39 46
40 47
42 46
44 48
44 49
45 48
