90 222
5 6 8 15 10 14 15 3 1 12 8 4 8 1 11 11 3 3 11 9 6 7 8 4 3 2 10 3 2147483655 13 6 2 6 5 9 14 2 11 3 7 10 15 2 1 7 5 11 11 0 12 5 12 2 11 14 3 11 10 14 5 13 14 7 14 12 14 13 4 14 4 7 10 2 10 4 4 5 2 11 7 4 11 0 0 8 5 11 10 9 15 
0 9
0 16
0 68
0 85
1 17
1 28
1 46
1 48
2 5
2 15
2 17
2 28
2 31
2 76
3 22
3 34
3 45
4 6
4 42
5 37
5 49
6 16
6 29
7 11
7 21
7 24
7 28
7 56
8 66
8 71
8 74
8 81
9 42
9 89
10 12
10 14
10 20
10 26
10 28
10 33
10 46
10 48
10 82
11 20
11 28
11 60
11 64
12 19
12 28
12 59
12 67
12 72
13 28
13 59
13 67
13 80
14 18
14 28
14 67
14 77
14 80
15 51
15 82
15 83
16 36
16 42
16 54
17 23
17 28
17 41
17 58
18 28
18 46
18 70
18 84
19 28
19 33
19 54
19 55
19 88
20 28
20 32
20 59
20 62
20 80
21 28
21 39
21 60
22 25
22 30
22 35
23 28
23 33
23 48
23 88
24 28
24 64
24 68
24 89
25 34
25 71
25 78
25 81
26 28
26 52
26 65
26 82
26 83
27 28
27 34
27 36
27 41
27 45
27 78
28 31
28 32
28 33
28 35
28 36
28 39
28 44
28 45
28 46
28 47
28 48
28 52
28 53
28 55
28 56
28 57
28 58
28 59
28 60
28 62
28 64
28 65
28 66
28 67
28 68
28 70
28 72
28 73
28 76
28 77
28 78
28 80
28 82
28 84
28 86
28 88
29 43
29 54
30 73
30 81
31 49
31 52
31 57
32 33
32 53
32 55
33 58
34 56
34 61
35 45
35 73
35 78
36 47
36 61
36 79
37 38
37 40
37 50
37 76
39 56
40 65
40 82
40 83
42 74
44 66
44 73
44 78
44 81
46 58
46 62
47 66
47 71
47 78
48 72
48 76
48 77
49 50
49 63
49 89
50 51
50 52
50 83
51 63
51 84
52 76
52 84
53 58
53 62
53 67
54 85
55 59
56 68
57 63
57 84
58 73
61 71
62 70
64 87
65 76
66 69
67 86
68 87
70 80
72 86
72 88
75 86
77 86
82 84
