80 184
5 0 5 9 4 14 5 4 11 9 0 8 0 12 7 0 15 4 13 1 10 2 0 0 8 10 13 3 15 8 10 9 9 4 6 2 4 9 9 9 1 13 10 8 1 1 10 10 9 6 8 8 9 2 2 6 15 12 2 4 3 8 7 8 0 7 15 14 12 8 8 1 7 7 5 11 11 11 9 2 
0 14
0 19
0 20
0 71
1 11
1 29
1 50
1 57
1 58
2 24
2 44
2 46
2 61
2 63
3 18
3 26
3 38
3 65
4 8
4 13
4 49
4 54
4 78
5 37
5 52
6 14
6 20
6 23
6 34
6 73
7 10
7 26
7 38
7 55
8 31
8 33
8 42
8 56
9 50
9 52
9 57
9 74
10 39
10 57
10 58
10 59
11 23
11 28
11 34
11 48
11 53
11 64
12 14
12 25
12 41
12 73
13 30
13 42
13 68
14 27
14 32
14 77
15 39
15 50
15 56
15 58
16 79
17 31
17 39
17 40
17 44
17 62
17 63
18 40
18 44
18 75
19 33
19 56
19 77
20 21
20 35
20 56
21 23
21 60
21 64
22 51
22 54
22 66
22 78
23 27
23 32
23 35
23 50
23 74
24 25
24 45
24 73
25 61
26 59
27 48
28 39
28 46
28 57
28 63
28 67
28 74
29 36
29 60
29 64
29 76
30 36
30 55
31 34
31 48
31 51
31 78
32 68
32 71
33 51
33 54
33 72
34 43
34 56
34 63
34 77
35 40
35 71
36 42
36 58
36 70
37 39
37 63
38 39
38 40
38 68
39 48
39 65
40 66
40 78
41 61
41 62
41 63
41 70
41 77
42 48
42 64
43 59
44 65
44 69
45 46
45 52
45 74
46 65
46 79
47 74
48 58
48 68
49 78
50 60
50 67
51 62
51 77
52 76
52 79
53 66
53 69
55 58
55 68
56 64
57 79
59 65
59 67
59 79
61 69
62 66
62 69
63 72
63 73
65 70
66 75
68 78
69 75
72 73
73 74
