90 390
11 11 12 12 2 2 10 15 15 7 5 14 11 12 1 1 11 0 0 4 14 14 10 10 12 4 3 0 7 12 7 8 1 3 10 13 1 0 3 12 7 4 10 8 11 10 6 6 13 14 1 11 11 2 11 11 6 0 0 15 2 12 10 7 9 4 1 3 9 9 9 12 3 11 4 10 13 3 1 14 8 1 5 8 5 0 9 1 3 12 
0 2
0 7
0 31
0 32
0 34
0 35
0 47
0 48
0 68
0 71
0 73
0 75
0 88
1 9
1 14
1 86
2 6
2 18
2 19
2 33
2 58
3 11
3 38
3 47
3 53
3 63
3 73
3 89
4 14
4 19
4 30
4 64
4 77
5 9
5 10
5 16
5 19
5 57
5 81
6 9
6 13
6 26
6 34
6 38
6 46
6 47
6 55
6 78
7 19
7 48
7 49
7 62
7 63
7 66
7 83
8 18
8 19
8 47
8 57
8 61
8 69
8 72
8 75
9 11
9 48
9 52
9 57
9 58
9 63
10 36
10 37
10 39
10 51
10 61
10 65
10 78
10 89
11 22
11 27
11 31
11 39
11 41
11 78
11 85
11 87
12 15
12 32
12 42
12 50
12 52
12 56
12 64
12 76
12 88
13 14
13 30
13 36
13 39
13 50
13 54
13 55
13 57
13 58
13 62
13 80
14 22
14 30
14 35
14 43
14 83
15 20
15 27
15 46
15 53
15 55
15 60
15 66
15 67
15 69
15 74
16 18
16 29
16 33
16 44
16 45
16 46
16 54
16 65
17 27
17 32
17 36
17 45
17 50
17 55
17 57
17 67
17 81
17 88
18 26
18 35
18 41
18 53
18 61
18 64
18 71
18 73
18 74
18 84
19 24
19 25
19 56
19 72
19 78
20 29
20 38
20 49
20 60
20 65
20 67
20 80
21 28
21 38
21 52
21 59
21 65
21 79
21 81
22 30
22 44
22 45
22 47
22 57
22 70
22 74
22 83
23 29
23 77
23 87
23 89
24 31
24 43
24 44
24 64
24 76
24 83
24 87
25 28
25 30
25 59
25 69
25 71
25 78
25 83
26 45
26 54
26 74
26 79
26 86
27 39
27 42
27 43
27 50
27 57
27 58
27 68
27 73
27 88
28 32
28 36
28 41
28 67
28 79
28 81
28 84
28 88
29 51
29 54
29 67
29 71
29 75
29 87
30 37
30 56
30 59
30 62
30 64
30 71
30 78
31 37
31 47
31 54
31 56
31 73
31 85
31 88
31 89
32 45
32 59
32 62
33 47
33 52
33 67
33 68
33 83
33 85
33 89
34 64
34 65
35 58
35 74
35 77
35 84
36 46
36 56
36 64
36 65
36 71
37 50
37 59
37 72
37 76
38 51
38 59
38 62
39 47
39 50
39 55
39 79
39 87
40 41
40 51
40 70
40 72
40 83
41 42
41 52
41 62
41 71
41 73
41 82
41 87
42 44
42 49
42 58
42 75
42 86
42 87
43 78
44 52
44 60
44 65
44 74
44 77
44 88
45 64
46 56
46 60
46 66
46 81
46 82
47 51
47 72
47 74
47 75
48 54
48 62
48 66
48 75
48 76
48 80
48 87
49 73
49 78
51 52
51 53
51 56
51 59
51 68
51 71
51 74
51 85
51 88
52 54
52 71
52 75
52 82
52 84
53 61
53 62
53 64
53 74
53 86
54 58
54 75
54 84
55 76
55 78
56 63
56 73
56 74
56 79
57 73
58 65
59 68
59 69
59 71
59 75
59 80
59 85
60 62
60 68
60 75
61 79
62 64
62 75
63 70
63 81
63 88
64 68
64 69
64 78
64 83
64 84
65 76
65 78
65 83
67 68
67 71
68 69
68 85
69 85
70 89
71 78
71 89
72 74
72 77
73 86
73 88
75 76
75 88
76 81
77 82
77 85
79 87
83 88
83 89
84 89
86 87
87 88
87 89
