60 125
2 4 13 1 15 8 15 14 10 5 2 2 1 0 6 15 11 1 8 6 0 0 8 15 12 14 13 11 7 1 4 12 12 2 10 7 8 13 15 13 14 14 0 1 9 6 8 6 12 3 9 3 7 13 14 2 1 4 9 2 
0 31
0 32
0 35
0 49
1 13
1 34
1 38
1 48
2 16
2 27
3 14
3 16
3 21
3 31
3 33
3 44
3 50
3 53
4 17
4 18
4 39
5 32
5 44
5 57
6 22
6 48
7 13
7 25
7 33
8 13
8 17
8 49
8 54
8 58
9 17
9 20
9 34
10 13
10 17
10 28
10 38
10 39
10 52
10 55
10 56
11 13
11 32
11 33
11 43
11 59
12 42
12 59
14 18
14 22
14 38
14 43
14 46
15 25
15 54
16 23
16 28
16 45
17 21
17 31
17 38
17 46
17 49
17 50
17 54
17 55
18 22
18 51
19 28
19 36
20 21
20 26
20 37
20 39
21 46
21 47
21 49
22 55
22 56
23 49
24 33
24 49
25 36
25 53
26 41
26 42
26 51
27 28
27 49
28 31
28 38
28 44
28 47
29 40
29 56
30 37
30 55
31 41
31 49
31 54
32 34
33 37
35 37
36 50
36 59
37 42
38 43
38 46
38 47
40 44
41 47
42 46
43 56
46 55
46 57
46 59
47 51
50 54
50 55
50 58
54 55
