50 104
6 5 2 2 1 4 4 1 1 3 7 2 0 0 3 7 3 6 0 6 7 3 0 3 6 5 5 0 6 2 2 4 3 5 7 7 4 1 2 1 3 3 5 7 0 4 1 5 0 5 
0 23
0 25
0 34
0 42
0 43
1 34
1 38
1 39
1 42
2 39
2 41
2 42
3 37
3 41
4 13
4 16
4 20
4 45
4 48
5 6
5 38
5 39
6 8
6 24
6 45
7 16
7 30
7 35
7 37
8 14
8 48
8 49
9 13
9 16
9 37
9 40
10 11
10 16
10 19
10 25
10 34
10 38
10 46
10 48
11 23
11 46
12 24
13 21
13 44
14 19
14 25
14 36
14 45
15 17
15 25
15 30
16 19
16 39
16 46
17 20
17 25
18 25
18 43
19 27
19 30
20 21
20 22
20 34
20 38
20 46
21 23
21 24
21 45
22 38
23 31
23 41
23 48
24 28
24 40
24 41
24 46
25 31
25 42
25 47
26 32
26 46
27 37
27 39
29 30
29 35
30 46
31 48
32 47
33 34
33 40
33 43
33 45
34 44
35 44
37 38
37 47
38 45
39 41
46 49
