60 176
7 3 3 7 0 5 7 0 15 15 4 6 3 5 4 6 1 4 11 12 1 5 12 10 2 9 7 11 9 5 15 6 6 6 8 12 13 10 12 10 7 15 0 15 7 8 1 2 15 13 9 3 4 2 12 1 6 0 2 15 
0 18
0 20
0 28
0 38
0 54
1 2
1 19
1 51
2 3
2 6
2 17
2 18
2 52
2 57
3 7
3 9
3 31
3 34
3 40
3 42
3 57
4 6
4 10
4 21
4 45
4 53
5 6
5 12
5 20
5 35
5 49
6 9
6 10
6 14
6 21
6 29
6 30
6 46
6 47
6 48
7 14
7 15
7 17
7 24
7 28
7 47
7 52
7 54
7 56
7 59
8 44
8 54
9 11
9 12
9 23
9 43
9 45
9 52
10 16
10 18
10 36
11 21
11 37
11 39
11 47
11 57
12 14
12 21
12 41
12 54
12 55
13 22
13 23
13 39
13 45
14 19
14 20
14 24
14 31
14 34
14 41
15 33
15 48
15 54
16 31
16 41
16 52
16 54
16 59
17 19
17 35
17 37
17 41
17 51
17 54
18 31
18 43
18 50
19 22
19 25
19 30
19 42
19 44
19 46
20 25
20 36
20 51
21 48
21 49
22 31
23 26
23 27
23 32
23 50
24 32
25 39
25 57
26 32
26 43
26 56
27 29
27 33
27 57
28 33
28 34
28 35
28 37
28 46
28 49
29 50
30 33
30 38
30 39
30 45
30 50
30 51
31 33
31 47
31 54
32 45
32 46
32 57
33 41
33 48
33 53
34 39
34 45
34 47
34 55
34 56
34 58
34 59
35 36
35 40
35 56
36 39
36 54
37 53
38 48
38 55
38 57
39 40
39 43
40 54
40 57
41 45
42 51
42 55
42 57
43 44
44 56
45 54
46 50
47 52
47 54
54 57
