80 240
13 4 8 13 13 3 8 9 13 13 2 7 7 8 5 5 6 11 3 12 7 10 3 5 6 12 12 14 11 11 9 6 6 1 7 12 14 14 11 1 5 7 1 2 3 10 7 5 2 1 15 7 3 4 4 8 2 2 8 6 4 9 12 3 15 1 9 7 12 3 5 1 4 9 14 13 10 0 9 6 
0 21
0 25
0 41
0 53
0 55
0 66
1 3
1 11
1 13
1 28
1 49
1 51
2 14
2 59
2 64
2 67
2 71
2 78
3 11
3 25
3 51
3 53
3 55
4 8
4 9
4 29
4 39
4 40
4 68
5 14
5 24
5 35
5 48
5 75
5 77
5 78
6 33
6 58
6 59
6 63
6 64
6 67
7 20
7 23
7 58
7 62
7 70
7 72
8 27
8 29
8 40
8 52
8 60
8 68
9 10
9 19
9 29
9 39
9 68
10 19
10 26
10 31
10 37
10 39
10 50
11 25
11 49
11 51
11 53
12 34
12 35
12 36
12 54
12 65
12 77
13 15
13 28
13 44
13 49
13 51
14 24
14 59
14 71
14 78
15 16
15 28
15 43
15 44
15 49
16 17
16 28
16 43
16 44
16 79
17 34
17 43
17 46
17 73
17 79
18 58
18 62
18 69
19 29
19 37
19 39
19 50
20 23
20 31
20 58
20 62
20 63
20 72
21 25
21 41
21 55
21 66
21 76
22 26
22 41
22 45
22 47
22 57
22 66
22 76
23 32
23 61
23 62
23 70
24 71
24 74
24 75
24 77
24 78
25 53
25 55
26 37
26 45
26 50
26 57
27 50
27 51
27 63
27 69
28 44
28 49
29 39
29 68
30 38
30 40
30 42
30 52
30 60
30 61
31 34
31 58
32 38
32 42
32 47
32 61
32 62
32 70
33 58
33 63
33 64
33 67
33 72
34 46
34 54
34 65
34 73
35 36
35 65
35 75
35 77
36 54
36 65
36 75
36 77
37 45
37 50
37 57
38 42
38 52
38 60
38 61
39 50
40 52
40 60
40 68
41 45
41 48
41 66
41 76
42 60
42 61
42 70
43 44
43 46
43 79
44 79
45 57
45 76
46 54
46 73
46 79
47 63
47 69
47 74
48 70
49 51
49 69
50 57
51 53
52 60
52 68
53 55
54 65
54 73
55 66
56 73
57 76
58 63
58 72
59 64
59 67
59 71
61 70
62 70
62 72
63 67
63 72
64 67
64 71
65 73
65 74
66 76
71 78
73 79
75 77
75 78
