80 200
9 9 11 4 10 13 15 0 2 2 4 5 8 2 2 8 10 12 5 5 14 2 4 15 9 14 10 13 12 11 0 1 12 2 10 1 15 8 13 11 15 7 10 10 15 2 10 3 7 8 5 5 13 3 4 0 1 2 15 12 13 13 9 15 8 6 6 0 6 2 13 5 10 12 10 6 12 8 7 5 
0 12
0 14
0 52
0 63
0 67
1 15
1 29
1 54
1 56
1 77
2 20
2 32
2 37
2 42
3 10
3 15
3 18
3 46
3 56
3 69
3 70
3 72
4 11
4 16
4 24
4 27
4 36
5 16
5 39
5 41
5 50
6 13
6 23
6 41
6 58
6 61
6 79
7 75
7 78
8 15
8 19
8 29
8 33
8 49
8 56
8 72
9 17
9 32
9 34
9 36
10 29
10 48
10 56
10 78
11 12
11 18
11 23
11 59
11 69
12 16
12 35
12 41
12 55
12 67
12 79
13 14
13 17
13 63
14 31
14 58
14 77
15 57
15 65
15 67
15 77
16 66
16 75
16 78
17 60
17 65
17 77
17 79
18 44
18 65
18 68
18 79
19 35
19 60
19 61
19 68
19 79
20 28
20 32
20 62
21 28
21 34
21 51
22 23
22 46
22 59
22 71
22 75
22 76
23 27
23 35
23 51
23 68
24 47
24 59
24 62
24 71
25 48
25 52
25 60
25 65
25 68
26 40
26 50
26 74
27 71
27 78
28 36
28 40
28 42
29 31
29 59
29 77
30 41
30 43
30 50
30 55
30 58
30 74
31 33
32 59
32 62
32 69
32 70
33 58
33 74
34 35
34 39
34 41
34 61
35 78
36 45
36 62
36 66
36 69
37 45
37 54
37 56
37 70
38 75
39 78
40 49
40 53
40 66
41 76
41 77
42 49
42 56
42 69
44 59
44 70
44 73
44 75
46 54
47 57
47 66
47 78
48 57
48 58
49 55
49 60
49 74
50 53
50 62
50 66
51 55
52 73
52 75
54 57
55 66
55 67
55 69
55 72
57 70
57 73
58 72
60 63
61 63
64 66
64 77
65 73
66 67
67 70
68 75
72 77
72 79
