40 80
0 7 3 7 3 1 7 0 7 1 7 0 0 4 5 7 6 7 0 5 0 2 2 4 0 0 0 3 2 3 5 2 7 2 1 4 7 2 0 2 
0 13
0 14
0 17
0 18
0 19
1 10
1 15
1 28
2 5
2 12
2 20
2 24
3 6
3 16
3 26
4 24
5 17
5 18
5 38
6 11
6 33
6 35
6 36
7 14
7 23
8 9
8 16
8 24
8 34
9 13
9 21
9 38
9 39
10 14
10 20
11 13
11 19
11 25
11 35
11 36
12 30
12 33
14 18
14 21
14 33
15 32
15 34
15 35
17 22
17 33
17 34
17 37
17 39
18 19
18 28
19 37
20 21
20 27
20 36
21 28
21 34
22 24
22 25
23 27
23 33
23 34
23 37
24 31
24 32
24 33
25 37
26 33
29 37
30 32
31 33
32 33
33 34
33 36
34 37
34 38
