90 764
12 5 11 14 3 11 11 0 5 7 12 8 2 5 3 5 4 14 7 5 14 8 2 14 6 5 11 7 8 7 1 12 7 1 10 0 15 13 1 9 3 12 11 12 15 9 6 7 13 5 14 3 6 8 9 3 9 3 4 3 11 12 15 15 11 11 7 6 13 2 7 4 1 14 3 8 2 9 1 14 6 8 12 5 4 8 2 10 8 1 
0 7
0 8
0 12
0 16
0 19
0 26
0 43
0 50
0 56
0 59
0 60
0 61
0 78
0 85
1 2
1 14
1 19
1 24
1 31
1 33
1 34
1 35
1 39
1 42
1 46
1 48
1 49
1 51
1 52
1 61
1 74
1 77
1 78
1 79
1 81
1 84
2 3
2 6
2 13
2 28
2 37
2 38
2 45
2 46
2 49
2 58
2 62
2 79
2 82
3 8
3 10
3 11
3 15
3 19
3 39
3 41
3 42
3 48
3 49
3 51
3 58
3 62
3 69
3 71
3 88
4 5
4 9
4 10
4 12
4 14
4 19
4 21
4 22
4 25
4 38
4 45
4 48
4 52
4 65
4 71
4 74
4 79
4 88
5 10
5 11
5 18
5 21
5 22
5 23
5 25
5 26
5 31
5 33
5 48
5 50
5 51
5 55
5 57
5 61
5 65
5 68
5 75
5 85
6 16
6 31
6 36
6 40
6 43
6 45
6 47
6 49
6 52
6 56
6 64
6 68
6 69
6 76
6 77
6 78
6 80
6 87
7 17
7 18
7 22
7 24
7 26
7 27
7 34
7 43
7 46
7 47
7 52
7 65
7 81
7 87
7 89
8 10
8 19
8 32
8 43
8 45
8 47
8 60
8 62
8 65
8 76
8 87
9 13
9 14
9 23
9 28
9 30
9 38
9 50
9 53
9 55
9 60
9 68
9 73
10 16
10 18
10 28
10 33
10 36
10 39
10 43
10 46
10 49
10 55
10 56
10 59
10 64
10 65
10 71
10 76
10 79
10 86
11 12
11 26
11 34
11 36
11 38
11 42
11 43
11 47
11 48
11 53
11 57
11 59
11 61
11 70
11 77
11 87
12 15
12 16
12 19
12 28
12 31
12 40
12 41
12 45
12 57
12 75
12 77
12 79
12 83
12 88
12 89
13 14
13 20
13 25
13 33
13 35
13 41
13 44
13 45
13 55
13 59
13 70
13 73
13 80
13 82
13 84
14 20
14 27
14 28
14 31
14 34
14 39
14 42
14 58
14 59
14 60
14 68
14 79
14 80
14 81
14 89
15 18
15 21
15 25
15 28
15 38
15 39
15 42
15 47
15 52
15 59
15 67
15 69
15 70
15 73
15 75
15 87
15 88
16 18
16 28
16 31
16 47
16 57
16 59
16 67
16 68
16 70
16 75
16 79
16 86
16 87
16 89
17 27
17 29
17 32
17 33
17 37
17 40
17 47
17 52
17 54
17 68
17 74
17 82
18 19
18 21
18 26
18 31
18 34
18 35
18 36
18 43
18 54
18 57
18 60
18 71
18 73
18 82
18 83
18 88
19 21
19 25
19 30
19 45
19 48
19 50
19 52
19 58
19 62
19 70
19 78
19 80
19 84
20 29
20 30
20 33
20 39
20 41
20 45
20 52
20 60
20 69
20 71
20 86
21 24
21 25
21 28
21 31
21 42
21 43
21 46
21 58
21 69
21 73
21 83
22 25
22 35
22 36
22 38
22 47
22 57
22 58
22 59
22 60
22 68
22 78
22 81
22 86
23 28
23 32
23 36
23 41
23 42
23 54
23 56
23 61
23 62
23 64
23 70
23 71
23 72
23 74
23 75
23 76
23 79
23 80
23 85
23 86
23 89
24 26
24 30
24 34
24 35
24 43
24 54
24 56
24 59
24 63
24 79
24 88
25 27
25 37
25 47
25 53
25 61
25 63
25 72
25 76
25 78
25 80
26 27
26 30
26 35
26 36
26 50
26 52
26 61
26 66
26 67
26 68
26 77
26 84
26 86
26 87
27 31
27 45
27 47
27 48
27 49
27 52
27 56
27 61
27 64
27 78
27 84
27 87
27 88
28 31
28 46
28 48
28 50
28 52
28 53
28 57
28 62
28 64
28 71
28 72
28 73
28 81
28 83
29 31
29 38
29 39
29 44
29 49
29 59
29 60
29 64
29 72
29 77
30 40
30 42
30 51
30 57
30 62
30 63
30 64
30 71
30 75
31 39
31 40
31 47
31 57
31 67
31 72
31 74
31 76
31 82
32 42
32 46
32 47
32 50
32 51
32 52
32 55
32 58
32 64
32 66
32 72
33 35
33 40
33 42
33 50
33 55
33 73
33 76
33 77
33 81
33 89
34 37
34 42
34 46
34 51
34 58
34 80
34 81
34 85
34 89
35 39
35 43
35 45
35 54
35 56
35 61
35 67
35 70
35 81
35 85
35 87
36 39
36 41
36 59
36 66
36 81
36 88
36 89
37 41
37 42
37 51
37 56
37 70
37 78
37 89
38 54
38 60
38 62
38 70
38 83
38 88
39 41
39 44
39 46
39 54
39 60
39 62
39 69
39 71
39 77
39 80
39 81
39 82
39 84
39 88
40 43
40 53
40 56
40 61
40 65
40 67
40 71
40 72
40 75
40 76
40 84
40 85
41 42
41 46
41 50
41 53
41 54
41 60
41 62
41 67
41 68
41 77
41 81
41 83
41 85
41 86
42 45
42 54
42 55
42 56
42 61
42 62
42 66
42 71
42 76
42 81
42 82
42 85
43 45
43 46
43 47
43 52
43 54
43 63
43 66
43 68
43 70
43 74
43 79
43 89
44 49
44 50
44 51
44 66
44 67
44 70
44 71
45 50
45 60
45 61
45 76
45 83
45 88
46 47
46 50
46 55
46 63
46 71
46 73
46 75
46 77
46 78
46 79
46 81
46 87
47 48
47 51
47 60
47 61
47 69
47 81
47 82
47 89
48 52
48 56
48 61
48 62
48 77
48 78
48 86
48 87
49 52
49 53
49 63
49 69
49 74
49 85
49 88
50 61
51 55
51 62
51 71
51 79
51 81
51 84
51 88
52 55
52 56
52 58
52 62
52 69
52 71
52 81
53 56
53 57
53 65
53 75
53 89
54 55
54 64
54 71
54 73
54 76
54 78
54 80
54 82
54 83
54 85
55 56
55 58
55 62
55 65
55 80
55 84
56 57
56 61
56 62
56 69
56 74
56 77
56 78
56 84
57 59
57 61
57 67
57 68
57 69
57 73
57 79
58 63
58 70
58 72
58 73
59 62
59 88
60 65
60 67
60 75
60 83
61 65
61 70
61 77
61 79
61 81
61 85
61 88
62 68
62 81
62 84
62 88
63 71
63 83
63 88
63 89
64 65
64 70
64 75
64 79
64 80
64 81
64 84
65 74
65 83
66 67
66 70
66 77
66 79
66 83
66 87
67 70
68 71
68 72
68 76
68 79
68 87
69 76
69 80
70 71
70 72
70 76
70 82
72 74
73 75
73 81
73 89
74 78
74 83
74 84
74 88
75 78
75 81
76 81
76 83
76 84
76 87
76 89
77 78
77 79
77 81
78 85
78 88
78 89
79 86
79 88
82 85
82 86
82 87
83 88
84 87
85 86
85 87
86 89
87 89
