80 142
1 12 6 0 0 5 10 8 5 3 5 4 15 13 2 9 8 15 14 0 11 3 2 8 3 5 4 3 11 11 9 9 14 12 8 15 6 14 12 13 6 4 9 9 0 5 10 10 10 9 15 6 11 4 14 1 2 7 10 0 3 10 2 15 0 1 6 12 1 5 8 6 1 8 3 4 11 11 13 14 
0 45
0 67
1 2
1 10
1 40
1 42
1 74
2 5
2 71
2 72
3 14
3 47
3 64
3 75
4 48
4 51
4 52
4 57
4 66
5 37
5 73
5 74
6 33
6 35
6 46
6 61
6 77
7 15
7 29
7 33
8 12
8 37
8 58
8 59
9 10
9 12
9 45
9 58
9 67
10 20
10 47
11 17
11 47
11 56
11 65
11 70
12 22
12 76
13 16
13 30
13 51
13 66
14 46
15 32
15 60
15 75
15 77
16 23
16 40
16 42
17 48
17 51
18 36
18 44
19 21
19 48
19 52
20 28
20 54
20 73
20 74
21 25
21 32
22 63
22 67
23 30
23 31
24 33
24 61
24 63
25 69
25 78
26 32
26 70
27 50
27 64
27 79
28 36
28 41
28 44
29 39
29 71
30 56
31 42
31 62
32 52
32 69
33 38
34 38
34 78
35 73
36 62
37 64
37 71
38 46
39 46
39 61
40 65
40 66
40 72
41 42
41 62
41 74
43 49
44 54
44 68
45 50
46 69
46 78
49 53
50 58
51 56
52 75
53 55
53 59
53 60
53 61
53 77
54 79
55 56
58 64
59 71
59 76
60 71
60 72
61 76
63 76
64 73
66 75
69 77
72 75
73 79
