50 101
0 3 1 1 1 6 0 3 5 6 2 1 6 7 0 7 7 6 5 7 4 2 3 5 7 1 3 3 4 2 3 5 2 4 5 3 7 2 5 4 7 7 3 7 4 6 1 2 4 2 
0 6
0 9
0 16
0 45
1 17
1 29
1 39
2 8
2 17
2 22
2 32
2 40
3 10
3 16
3 38
4 8
4 25
5 13
5 17
5 22
5 32
6 8
6 17
6 43
7 30
7 48
8 21
8 26
8 28
8 45
8 47
9 20
9 26
9 34
9 49
10 13
10 49
11 19
11 25
12 38
13 29
13 30
13 33
13 34
13 47
13 48
14 16
14 26
14 38
14 49
15 24
15 36
15 41
16 27
16 30
16 37
16 42
17 35
17 38
18 38
18 42
18 48
19 20
19 23
19 24
19 43
19 48
19 49
20 26
21 40
21 43
21 48
22 27
23 33
24 35
24 41
24 49
25 38
26 31
27 29
27 40
28 31
28 39
29 38
29 46
31 47
32 41
32 45
33 47
34 46
35 43
36 44
38 42
38 46
40 42
42 44
42 45
42 46
42 48
42 49
43 48
