60 90
11 13 3 7 2 9 5 14 8 4 2 11 5 9 3 4 13 10 15 3 13 7 0 6 0 14 7 0 3 11 4 4 12 4 1 6 12 10 2 9 13 5 2 10 4 6 11 7 0 11 6 0 9 10 7 15 4 4 11 12 
0 1
0 17
0 37
0 39
0 52
1 2
1 29
1 43
1 45
2 27
2 32
2 34
3 41
3 59
4 20
4 25
4 29
4 30
4 58
5 12
5 28
5 31
5 58
6 7
6 52
7 10
7 30
7 31
8 14
8 35
8 45
8 46
8 51
9 42
10 34
10 48
11 22
12 13
12 17
12 20
13 14
15 30
15 42
16 20
16 30
17 57
18 32
19 21
20 34
20 35
20 55
21 22
21 50
22 49
23 29
23 59
24 26
24 27
24 32
25 33
25 36
26 45
27 34
27 40
27 41
27 44
31 37
31 59
32 47
34 49
34 57
35 38
35 59
36 40
37 40
37 43
37 54
39 54
40 56
41 49
42 59
43 56
44 49
44 56
45 52
46 52
46 53
46 59
49 55
55 59
