100 179
9 15 16 1 6 27 28 27 30 7 20 19 0 3 28 28 30 29 29 28 0 3 23 31 22 12 13 26 4 10 27 27 10 24 6 30 28 30 8 28 3 25 26 24 11 29 22 10 1 30 0 0 24 10 7 12 2 24 20 14 19 25 8 18 29 3 6 30 23 9 27 17 29 20 15 4 20 10 27 31 1 18 13 31 18 12 25 21 15 30 16 1 5 4 28 7 30 16 10 13 
0 25
0 26
0 40
0 70
0 74
0 92
1 28
1 36
1 38
1 78
1 84
1 97
2 30
2 45
2 77
3 29
3 30
3 89
4 9
4 37
4 39
4 77
4 84
4 89
5 13
5 21
5 44
5 61
5 86
6 31
6 34
6 44
6 58
6 74
6 79
6 88
7 28
7 45
7 46
7 56
7 68
7 69
7 91
7 99
8 21
8 58
8 62
9 23
9 99
10 27
11 31
11 32
11 47
12 67
12 78
12 96
12 98
13 30
13 72
13 75
13 78
13 89
13 98
14 15
14 81
15 77
16 45
17 69
18 38
18 44
18 45
18 57
18 91
19 35
19 53
19 64
19 76
19 81
20 26
20 78
21 52
21 96
22 73
22 90
23 45
23 99
24 61
24 66
24 72
24 75
24 93
25 49
25 70
26 27
27 54
27 56
27 57
27 93
27 94
29 83
30 69
30 83
32 43
32 63
32 95
33 72
33 88
33 96
34 35
34 76
35 45
35 69
35 74
35 97
36 65
36 72
36 91
37 93
39 59
39 71
40 44
40 50
40 80
41 69
41 95
42 45
42 46
42 48
42 51
42 68
43 72
43 89
43 95
44 48
44 66
44 90
45 62
46 53
47 81
47 96
48 94
49 97
51 64
52 88
53 69
53 77
53 83
54 84
54 94
55 75
55 86
58 64
59 80
60 74
60 94
61 63
61 94
62 87
63 72
64 67
64 82
65 71
65 82
66 74
66 94
67 76
68 83
69 75
70 77
72 73
73 91
74 75
74 85
78 99
79 86
80 86
80 96
82 92
97 98
