70 860
8 15 7 13 5 4 2 5 1 13 3 11 9 0 15 13 14 2 4 0 14 3 6 7 3 8 12 7 4 0 3 2 1 13 11 5 11 9 12 4 12 7 7 0 3 3 11 3 1 5 0 3 13 12 10 9 13 8 7 13 10 6 5 6 8 13 9 15 11 6 
0 3
0 7
0 10
0 11
0 12
0 19
0 22
0 23
0 27
0 28
0 33
0 37
0 38
0 40
0 43
0 47
0 50
0 51
0 56
0 57
0 65
0 68
1 2
1 4
1 7
1 8
1 9
1 12
1 14
1 17
1 20
1 21
1 22
1 23
1 28
1 30
1 32
1 33
1 35
1 40
1 42
1 44
1 49
1 58
1 69
2 6
2 11
2 13
2 14
2 16
2 18
2 19
2 20
2 26
2 28
2 37
2 38
2 40
2 41
2 42
2 44
2 48
2 49
2 52
2 58
2 61
2 64
2 67
2 69
3 5
3 7
3 9
3 11
3 16
3 21
3 23
3 27
3 28
3 30
3 31
3 34
3 35
3 36
3 38
3 42
3 48
3 50
3 51
3 54
3 57
3 59
3 60
3 62
3 64
3 65
3 66
4 10
4 11
4 13
4 14
4 23
4 28
4 33
4 34
4 35
4 38
4 40
4 42
4 43
4 47
4 51
4 53
4 59
4 60
4 61
4 62
4 65
4 66
4 69
5 13
5 14
5 23
5 24
5 26
5 27
5 29
5 30
5 31
5 35
5 37
5 38
5 42
5 45
5 46
5 47
5 49
5 53
5 60
5 64
5 67
5 69
6 12
6 13
6 19
6 20
6 23
6 26
6 27
6 29
6 34
6 36
6 39
6 40
6 45
6 49
6 52
6 61
6 62
6 63
6 68
7 8
7 9
7 12
7 22
7 28
7 29
7 30
7 31
7 33
7 37
7 44
7 46
7 48
7 54
7 57
7 64
7 65
7 66
7 68
8 9
8 10
8 11
8 15
8 16
8 19
8 23
8 24
8 28
8 31
8 33
8 34
8 42
8 46
8 49
8 54
8 55
8 56
8 57
8 58
8 60
8 61
8 67
8 69
9 13
9 20
9 24
9 25
9 30
9 32
9 34
9 35
9 36
9 38
9 41
9 44
9 50
9 51
9 52
9 53
9 54
9 57
10 12
10 14
10 15
10 19
10 21
10 30
10 31
10 32
10 37
10 40
10 41
10 43
10 45
10 46
10 48
10 56
10 58
10 59
10 61
10 67
10 68
10 69
11 12
11 15
11 16
11 18
11 19
11 20
11 21
11 29
11 31
11 37
11 38
11 42
11 44
11 60
11 62
11 63
11 66
11 67
12 13
12 14
12 21
12 22
12 25
12 26
12 28
12 32
12 35
12 38
12 45
12 54
12 55
12 60
13 18
13 21
13 22
13 24
13 26
13 29
13 30
13 31
13 34
13 36
13 38
13 40
13 42
13 48
13 49
13 50
13 51
13 53
13 54
13 60
13 62
14 16
14 17
14 20
14 21
14 23
14 24
14 26
14 28
14 29
14 30
14 31
14 32
14 34
14 37
14 39
14 40
14 42
14 45
14 49
14 50
14 54
14 57
14 64
14 65
14 66
14 69
15 18
15 24
15 27
15 30
15 32
15 33
15 39
15 42
15 45
15 50
15 52
15 60
15 63
15 64
15 69
16 18
16 20
16 21
16 22
16 27
16 30
16 32
16 33
16 34
16 35
16 37
16 41
16 42
16 43
16 44
16 46
16 51
16 52
16 54
16 57
16 60
16 64
16 65
16 66
17 23
17 24
17 30
17 32
17 33
17 38
17 44
17 46
17 49
17 58
17 63
17 67
18 20
18 22
18 23
18 25
18 29
18 33
18 34
18 37
18 41
18 42
18 46
18 49
18 51
18 54
18 56
18 57
18 58
18 61
18 62
18 66
18 67
18 68
18 69
19 22
19 24
19 25
19 27
19 30
19 33
19 36
19 39
19 46
19 47
19 48
19 49
19 51
19 53
19 54
19 56
19 59
19 63
19 64
19 67
20 25
20 31
20 32
20 34
20 45
20 47
20 48
20 49
20 61
20 66
20 69
21 31
21 35
21 38
21 40
21 42
21 44
21 45
21 46
21 50
21 55
21 63
21 67
21 69
22 23
22 24
22 27
22 28
22 29
22 35
22 36
22 47
22 56
22 62
22 65
22 66
22 68
23 25
23 26
23 29
23 30
23 37
23 38
23 39
23 40
23 42
23 44
23 46
23 49
23 53
23 63
23 64
23 66
23 68
24 25
24 26
24 27
24 29
24 30
24 31
24 35
24 37
24 39
24 41
24 43
24 45
24 54
24 55
24 59
24 63
24 67
25 26
25 29
25 31
25 34
25 35
25 37
25 39
25 41
25 52
25 53
25 58
25 59
25 61
25 65
25 68
26 27
26 28
26 33
26 34
26 35
26 36
26 40
26 49
26 52
26 53
26 59
27 29
27 30
27 33
27 37
27 38
27 40
27 42
27 49
27 52
27 54
27 56
27 57
27 59
27 65
27 66
27 68
28 38
28 39
28 42
28 43
28 49
28 50
28 51
28 52
28 59
28 61
28 62
29 32
29 34
29 35
29 38
29 39
29 47
29 48
29 49
29 51
29 55
29 57
29 58
29 59
29 60
29 61
29 62
29 64
29 65
29 69
30 31
30 32
30 36
30 37
30 40
30 43
30 47
30 48
30 49
30 53
30 55
30 56
30 57
30 59
30 60
31 33
31 34
31 35
31 36
31 40
31 42
31 45
31 49
31 50
31 51
31 55
31 56
31 59
31 63
31 66
32 34
32 37
32 40
32 41
32 42
32 44
32 46
32 47
32 48
32 49
32 50
32 51
32 56
32 59
32 60
32 62
32 67
32 68
33 34
33 36
33 38
33 39
33 41
33 42
33 45
33 47
33 50
33 51
33 55
33 59
33 60
33 65
33 67
33 68
34 37
34 47
34 48
34 50
34 51
34 55
34 56
34 63
34 65
34 66
35 36
35 39
35 43
35 46
35 49
35 50
35 54
35 56
35 57
35 64
35 69
36 37
36 41
36 42
36 44
36 45
36 46
36 47
36 48
36 51
36 52
36 53
36 58
36 59
36 61
36 64
36 66
37 40
37 42
37 43
37 44
37 46
37 49
37 50
37 57
37 61
37 62
37 63
37 64
37 65
37 66
38 39
38 44
38 53
38 58
38 59
38 61
38 62
39 40
39 42
39 43
39 44
39 46
39 49
39 52
39 54
39 55
39 56
39 58
39 64
39 67
39 69
40 46
40 47
40 49
40 56
40 57
40 65
40 68
41 45
41 46
41 50
41 54
41 59
41 64
41 68
41 69
42 46
42 48
42 51
42 53
42 57
42 58
42 59
42 62
43 46
43 49
43 50
43 54
43 55
43 58
43 59
43 60
43 63
43 66
43 69
44 47
44 48
44 50
44 52
44 61
44 66
44 69
45 46
45 49
45 54
45 56
45 59
45 60
45 63
45 64
45 65
45 66
46 49
46 51
46 52
46 53
46 60
46 61
46 63
46 64
46 65
47 49
47 51
47 61
47 62
47 68
48 50
48 51
48 52
48 55
48 56
48 57
48 63
48 64
48 65
48 67
49 52
49 55
49 56
49 57
49 58
49 62
49 65
49 66
49 67
50 51
50 53
50 59
50 62
50 64
50 66
51 54
51 55
51 56
51 57
51 59
51 61
51 66
51 69
52 55
52 68
53 56
53 59
53 62
53 63
53 65
53 68
53 69
54 62
54 64
54 66
54 67
54 68
55 56
55 62
55 63
55 64
55 67
55 69
56 57
56 58
56 61
56 63
56 64
56 65
56 67
56 68
57 59
57 60
57 62
57 64
57 65
57 67
57 68
58 59
58 61
58 64
58 66
58 68
59 61
59 63
59 64
59 66
59 68
60 61
60 62
60 64
60 66
60 67
61 62
61 65
61 67
61 68
61 69
62 68
62 69
63 65
63 69
64 67
64 69
65 67
65 68
66 68
66 69
67 68
68 69
