80 215
12 11 14 14 14 2 13 2 12 10 14 1 9 1 12 13 15 14 4 6 15 15 13 9 10 15 10 11 4 10 3 6 9 9 1 14 3 1 2 0 12 5 12 1 8 7 11 1 5 14 4 12 14 14 8 12 9 8 2 4 10 11 11 0 15 14 5 2 0 2 0 6 9 7 15 9 5 12 13 5 
0 60
0 62
0 72
1 9
1 12
1 20
1 25
1 28
1 47
2 6
2 26
2 57
2 66
2 69
3 6
3 23
3 24
4 16
4 17
4 20
4 24
4 33
4 46
4 52
4 59
5 18
5 35
5 70
5 72
5 74
6 8
6 69
6 75
7 12
7 23
7 28
7 56
7 59
7 72
7 73
8 9
8 36
8 43
8 50
8 63
8 74
9 11
9 41
9 68
10 17
10 40
10 46
10 79
11 14
11 34
11 47
11 58
11 62
12 54
13 15
13 17
13 21
13 29
13 31
13 49
13 56
13 58
13 68
13 77
14 16
14 25
14 32
14 65
14 66
14 70
15 37
15 38
15 39
15 42
15 44
15 65
16 38
16 41
16 42
16 70
16 71
17 27
17 46
17 56
17 57
18 22
18 24
18 25
18 28
18 51
18 65
18 66
19 24
19 30
19 45
19 58
19 61
19 66
20 22
20 24
20 30
20 38
20 73
21 36
21 41
21 42
21 72
21 76
22 26
22 30
22 34
22 38
22 46
22 66
22 74
23 29
23 52
23 59
24 28
24 44
24 53
25 27
25 29
25 50
25 59
25 71
26 27
26 57
26 74
26 77
27 41
28 31
28 51
28 59
29 55
30 44
30 52
30 56
30 59
30 68
30 69
31 40
32 51
33 50
33 55
33 62
33 75
35 43
35 57
36 47
36 63
36 68
37 62
37 77
38 47
38 56
38 59
38 62
39 45
39 53
39 68
39 77
41 52
41 56
41 63
41 68
43 48
44 52
44 60
44 67
44 71
44 73
46 71
48 64
50 67
52 58
52 71
53 60
53 61
53 63
53 75
54 73
55 76
55 79
56 60
56 61
56 65
56 75
57 67
58 63
58 64
58 71
58 72
59 71
60 62
60 77
61 63
61 68
61 71
62 70
62 73
62 79
63 66
64 65
65 72
66 77
66 79
69 78
70 75
72 78
