70 234
14 8 6 12 9 6 12 7 2 12 3 2 7 6 3 1 15 0 12 7 12 3 9 11 4 6 1 0 12 14 9 15 12 9 14 8 12 6 11 11 6 7 9 3 7 4 13 3 1 5 6 9 12 5 1 9 10 10 4 9 6 15 2 4 3 10 0 4 11 13 
0 3
0 4
0 16
0 17
0 27
0 38
0 51
1 27
1 33
1 34
1 38
1 52
1 53
1 58
1 59
1 63
1 68
2 6
2 35
2 39
2 45
2 51
2 62
3 5
3 10
3 17
3 18
3 23
3 34
3 60
4 8
4 10
4 17
4 62
4 63
5 6
5 33
5 34
5 35
5 39
5 41
5 47
5 51
5 53
6 23
6 30
6 35
6 36
6 51
6 59
6 61
6 67
7 18
7 69
8 12
8 23
8 26
8 57
8 63
8 67
9 17
9 22
9 39
9 45
9 52
9 56
9 61
9 65
10 11
10 13
10 14
10 27
10 49
10 55
10 61
10 62
11 12
11 17
11 58
11 59
11 68
12 16
12 19
12 48
12 61
12 67
12 69
13 45
13 63
14 22
14 32
14 33
14 38
14 54
14 65
15 18
15 28
15 39
15 44
15 49
15 51
15 61
16 21
17 26
17 34
17 38
18 24
18 47
18 50
18 68
19 24
19 29
19 34
19 50
19 62
19 64
20 54
20 63
20 64
21 31
21 35
21 63
22 39
22 50
22 54
22 57
22 61
23 51
23 62
23 63
24 39
24 42
24 44
24 50
24 68
24 69
25 26
25 40
25 54
25 66
26 29
26 33
26 44
26 56
26 60
26 61
26 68
27 47
28 29
28 33
28 35
28 37
28 46
28 60
28 65
28 68
28 69
29 32
29 39
29 46
29 48
30 39
30 43
30 47
31 43
31 64
32 44
32 48
32 63
33 56
34 37
34 46
34 59
35 39
35 40
35 45
36 43
36 44
36 45
36 64
37 43
37 55
37 63
38 42
38 44
38 49
39 51
39 61
39 63
40 43
40 58
41 52
42 48
44 45
44 49
44 61
44 67
45 51
45 56
45 58
45 66
46 53
46 56
46 63
47 48
47 56
47 57
47 68
48 50
48 53
49 50
49 52
49 54
49 57
49 61
50 53
50 59
50 60
50 69
51 59
51 62
52 57
52 61
52 67
53 63
53 69
54 62
55 69
56 61
56 62
56 69
59 60
60 63
62 65
