60 178
9 6 0 3 14 8 13 11 5 3 5 10 7 15 12 5 5 10 8 8 0 14 13 13 2 3 12 7 8 3 14 4 3 8 2 3 0 15 10 5 1 4 5 15 11 15 6 15 0 12 3 7 7 11 12 2 2 0 15 10 
0 1
0 4
0 9
0 10
0 12
0 19
0 29
0 37
0 38
0 48
0 52
0 56
1 3
1 4
1 18
1 24
1 34
1 42
1 44
1 53
1 56
2 5
2 10
2 11
2 24
3 35
3 49
4 20
4 44
4 52
4 53
4 56
5 7
5 15
5 32
6 19
7 9
7 16
7 45
7 46
7 50
7 54
7 55
8 26
8 46
8 50
8 52
9 27
9 37
9 50
9 52
9 54
10 52
10 59
11 23
11 54
12 13
12 18
12 30
12 31
12 37
12 59
13 32
13 36
13 38
13 52
13 54
14 17
14 26
14 32
15 36
15 50
15 59
16 23
16 46
16 50
16 54
16 55
17 18
17 32
17 33
17 34
17 43
18 29
18 45
18 51
18 58
19 22
19 28
19 31
19 42
19 46
19 55
20 21
20 28
20 39
20 47
21 24
21 25
21 58
22 36
22 39
23 31
23 42
23 44
23 46
23 55
23 57
24 38
24 39
24 56
25 34
25 55
26 33
26 43
26 53
27 29
27 44
27 53
28 37
28 41
28 54
29 33
29 41
29 44
29 51
30 45
30 56
30 59
31 33
31 50
31 53
32 35
32 43
33 42
34 47
34 50
34 57
35 36
36 38
36 43
37 39
37 50
37 52
37 54
37 56
38 43
38 53
39 59
40 43
40 58
41 54
42 44
42 53
42 55
42 57
43 51
43 54
44 45
44 53
44 57
45 48
46 50
46 55
46 57
46 59
47 58
48 56
49 56
49 59
50 54
51 52
52 54
52 56
53 56
53 57
55 57
55 59
