80 235
10 6 12 0 1 2 8 9 3 15 3 7 15 10 7 7 15 7 1 14 11 13 11 7 9 3 14 12 15 15 4 9 11 1 14 2 14 6 6 1 8 2 1 0 4 10 3 13 13 1 11 5 9 2 3 3 14 11 11 8 9 14 3 13 3 7 11 12 4 15 13 10 2 10 13 15 12 8 15 8 
0 12
0 23
0 50
0 70
0 71
1 8
1 41
1 46
1 48
1 63
2 12
2 18
2 41
2 57
3 11
3 37
3 46
3 47
3 58
4 25
4 42
4 44
4 72
4 78
5 19
5 21
5 23
5 36
5 37
5 40
5 42
5 66
5 69
6 35
6 60
6 63
7 14
7 16
7 33
7 35
7 45
7 50
7 70
8 18
8 19
8 23
8 31
8 35
8 36
8 44
8 50
8 60
8 69
9 42
9 43
9 66
9 77
10 16
10 23
10 30
10 34
10 49
10 64
11 20
11 22
11 25
11 39
11 40
11 43
11 51
11 73
12 49
13 25
13 53
13 66
14 31
14 52
14 70
15 26
15 29
15 38
15 50
15 64
15 74
16 30
16 34
16 35
16 70
16 74
17 27
17 34
17 52
17 56
17 60
17 66
18 55
18 75
19 31
19 33
19 34
19 35
19 50
19 62
19 70
20 31
20 42
20 57
20 61
21 48
21 53
21 65
22 52
22 53
22 54
23 66
23 68
24 35
24 47
24 60
24 62
24 79
25 28
25 33
25 38
25 64
25 71
26 29
26 33
26 37
26 67
26 71
26 72
26 74
27 39
27 41
27 58
28 49
28 64
28 66
28 72
28 74
28 79
29 32
29 36
29 37
29 42
29 43
29 64
29 67
30 35
30 50
30 64
31 36
31 41
31 43
31 50
31 69
32 47
33 34
33 38
33 64
33 67
33 70
34 64
34 70
35 50
35 65
35 70
36 43
36 67
36 69
37 38
37 42
38 53
38 64
38 71
38 77
39 46
39 63
39 70
39 71
40 49
40 51
40 52
40 60
40 76
41 46
42 62
42 75
42 76
43 49
43 51
43 69
44 48
44 51
44 62
45 51
45 53
46 72
47 59
47 78
48 57
48 63
48 64
49 75
49 78
49 79
52 54
52 63
53 61
54 70
55 72
55 76
55 77
56 67
56 77
58 66
59 63
59 66
59 72
60 77
61 77
65 79
66 67
66 76
67 69
67 74
68 70
68 74
68 75
70 77
71 74
73 79
74 78
75 76
