100 159
28 9 20 10 24 5 18 31 22 29 4 3 0 9 7 0 30 4 17 27 13 29 31 16 23 29 21 28 19 26 6 25 10 13 17 25 26 5 31 3 4 30 29 12 5 29 23 17 22 21 3 21 27 16 31 23 26 10 14 0 18 15 25 27 11 3 10 8 11 21 4 26 22 26 28 26 0 17 21 16 27 8 24 6 24 25 17 2 6 30 22 23 27 3 16 11 24 9 17 14 
0 52
1 7
1 22
2 7
2 54
2 64
3 31
3 69
3 82
4 61
4 71
5 92
5 94
5 99
6 65
7 10
7 14
7 19
7 26
7 31
7 48
7 68
7 76
7 87
8 16
8 20
8 47
8 48
8 73
9 11
9 32
9 50
10 32
10 55
10 74
10 89
11 46
12 86
13 48
13 84
14 21
14 27
14 57
14 60
14 74
15 68
16 24
16 27
16 40
16 54
16 65
17 35
17 62
18 37
19 66
19 81
19 83
20 27
20 43
20 62
20 63
20 75
20 77
20 85
21 48
21 49
22 52
22 58
22 76
22 87
23 30
23 67
24 30
24 61
24 96
25 27
25 46
25 55
25 57
25 74
25 90
26 70
27 40
27 47
27 53
27 57
27 74
27 75
27 82
27 93
28 78
29 73
29 94
30 60
30 81
31 94
32 49
32 70
32 90
33 49
33 54
33 89
33 94
34 36
34 72
34 96
36 44
36 45
36 85
36 86
37 49
37 96
38 53
39 48
39 49
39 86
40 47
40 53
41 44
41 45
42 47
42 78
45 84
47 61
47 72
47 75
48 98
49 88
51 77
51 86
53 75
53 84
55 59
55 84
55 87
56 60
56 70
56 77
57 87
58 75
59 65
60 68
60 79
64 89
65 67
67 82
67 98
69 76
71 81
72 90
73 83
73 99
75 81
75 92
80 98
87 95
90 98
91 93
95 97
