40 84
2 6 0 0 4 3 0 6 5 3 6 0 3 1 4 4 0 3 0 4 0 3 4 4 1 7 2 4 2 4 1 7 4 2 1 0 7 3 4 1 
0 3
0 24
0 27
0 35
0 39
1 7
1 25
1 27
1 31
2 6
2 32
2 34
2 37
3 11
3 19
3 32
3 39
4 25
4 26
5 13
5 33
6 20
6 26
6 28
6 39
7 8
7 12
7 16
8 15
8 18
8 24
8 29
8 31
8 33
9 20
9 30
9 32
9 35
9 37
10 21
10 28
11 14
11 35
12 25
12 28
12 32
12 33
12 36
13 21
15 36
16 29
17 21
17 28
19 24
19 32
19 35
20 21
20 30
20 38
21 22
21 24
21 27
21 35
21 36
22 35
22 37
23 24
23 25
23 31
23 33
24 27
24 31
24 33
24 35
24 39
25 29
26 36
26 37
27 39
28 38
30 39
31 39
32 34
34 35
