100 150
19 27 18 11 3 31 28 21 7 19 30 3 25 6 27 18 12 28 26 3 23 27 15 15 25 10 8 11 22 20 11 4 4 2 24 15 12 27 20 18 20 2 18 22 17 31 30 25 26 17 14 31 29 28 17 24 12 0 8 13 27 28 9 1 23 14 27 12 20 19 29 23 11 18 28 10 18 7 1 25 4 3 27 28 19 2 17 3 30 5 3 7 15 27 17 19 12 29 12 18 
0 29
0 42
0 96
1 64
1 77
2 40
2 43
2 57
3 44
4 75
4 78
4 79
4 92
5 39
5 84
6 7
6 16
6 24
6 36
6 57
6 82
6 86
6 94
6 98
7 50
7 70
7 85
8 26
8 54
8 61
9 51
9 52
9 88
10 73
10 80
10 84
11 26
11 69
12 38
12 40
12 49
12 71
13 58
13 78
14 18
14 27
14 46
14 88
15 92
16 41
16 44
16 89
17 34
17 72
17 95
18 19
19 31
19 35
19 59
19 86
20 79
21 68
21 74
21 87
22 25
22 54
22 55
22 67
23 67
23 79
24 26
25 30
26 93
27 36
27 81
27 91
28 87
28 98
29 39
29 56
30 60
30 67
31 60
32 91
33 39
33 62
34 43
34 55
35 76
35 86
36 92
37 54
37 61
37 62
38 45
38 56
38 72
39 62
39 84
40 53
40 96
42 43
43 53
43 95
44 51
44 52
44 99
45 70
46 49
46 69
46 83
46 91
47 95
48 63
51 63
52 89
55 80
55 81
55 93
56 62
56 96
57 62
57 84
59 60
61 93
63 87
63 93
64 90
65 86
65 87
65 94
66 73
66 87
68 76
68 85
71 72
71 77
71 83
73 80
73 86
73 87
74 96
77 86
78 91
79 97
82 86
82 97
89 94
92 97
95 98
