50 75
4 3 3 6 7 2 2 6 0 1 6 2 2 5 2 6 4 3 4 7 0 7 0 1 6 1 4 2 5 2 0 7 5 2 7 0 3 5 7 4 0 0 6 4 0 2 7 0 4 6 
0 1
0 6
0 15
0 46
1 24
1 48
2 5
2 11
2 26
2 40
3 10
3 16
3 17
3 18
3 20
3 47
4 39
4 42
5 25
5 33
6 20
6 44
7 42
7 49
8 15
8 33
8 46
9 21
9 26
9 37
9 49
10 27
10 39
11 15
11 33
12 23
12 37
12 38
12 49
13 15
13 23
14 23
14 37
14 38
14 39
15 21
16 38
16 39
19 38
19 43
20 27
20 34
20 41
21 31
22 29
22 32
22 39
24 27
24 41
25 26
25 49
26 36
27 44
28 43
28 47
30 40
30 47
30 48
32 45
34 37
35 47
41 43
42 45
43 44
44 46
