30 90
1 5 5 2 1 1 1 5 7 5 1 5 5 5 3 2 3 4 0 5 3 3 3 3 6 4 1 5 5 5 
0 6
0 9
0 13
0 18
0 28
1 4
1 8
1 22
2 3
2 7
2 10
2 11
2 15
2 17
2 20
2 21
2 24
3 6
3 15
3 17
3 19
3 22
3 26
3 29
4 9
4 12
4 18
4 20
4 24
4 27
4 28
5 7
5 14
5 28
6 10
6 15
6 17
6 18
6 22
6 29
7 11
7 20
7 25
8 12
8 18
9 10
9 18
9 22
9 27
9 28
9 29
10 28
11 14
11 15
11 17
11 20
11 24
11 27
12 26
12 27
13 28
14 16
14 18
14 27
15 17
15 25
15 26
15 29
16 17
16 27
16 29
17 20
18 22
18 28
18 29
19 22
19 26
20 21
20 24
20 26
20 27
21 25
22 28
22 29
23 25
23 28
24 27
24 28
26 28
27 28
