60 138
2 5 3 12 0 14 13 9 13 6 1 7 0 9 5 14 13 12 1 4 2 7 12 6 8 14 0 11 1 7 11 2 10 8 11 15 6 13 12 7 5 2 8 6 13 7 6 14 6 5 2 1 0 1 12 4 0 12 0 15 
0 6
0 7
0 8
0 27
0 54
0 59
1 2
1 13
1 38
1 42
1 50
2 5
2 22
2 32
3 40
3 48
3 51
4 11
4 18
4 24
4 41
4 56
5 26
5 32
6 9
6 18
6 25
6 32
6 47
6 48
7 54
8 55
8 57
8 58
9 20
9 23
9 24
9 56
10 31
10 32
10 35
10 43
10 52
10 57
11 35
11 43
11 50
11 57
12 15
12 24
12 51
13 18
13 42
13 46
13 48
14 15
14 33
14 51
15 30
15 49
16 24
16 32
16 35
16 37
16 43
17 34
17 43
17 50
17 53
18 42
18 43
18 50
18 56
19 33
19 48
20 22
20 23
20 52
21 36
21 43
21 50
21 51
21 58
22 40
22 49
23 28
23 32
23 35
23 43
23 45
23 46
24 46
25 43
25 52
25 56
25 58
26 34
26 41
26 46
27 44
27 49
28 42
28 45
28 54
29 43
29 53
30 33
30 37
30 40
31 39
31 58
32 33
32 42
32 47
33 36
33 47
34 45
35 55
36 44
37 45
37 47
38 44
38 52
38 57
39 54
39 55
41 58
42 53
43 47
44 48
44 54
45 49
47 58
48 52
50 52
50 56
53 58
54 59
