80 144
3 12 4 1 9 7 0 15 8 8 15 1 2 11 6 5 14 9 9 11 8 5 11 9 6 7 6 7 8 10 2 10 4 5 3 3 8 9 10 14 9 10 4 2 0 11 5 2 10 4 2 4 15 4 11 9 3 6 6 6 10 1 11 3 6 14 2 14 15 7 13 5 12 12 4 2 5 14 1 10 
0 12
0 47
0 79
1 26
1 55
2 5
2 30
3 27
3 28
3 44
4 23
5 35
5 42
5 44
5 65
5 79
6 11
6 41
6 48
6 52
7 24
7 60
8 25
8 26
8 69
8 75
9 14
10 25
10 33
10 39
10 45
10 69
10 72
11 45
13 22
13 47
13 67
14 58
14 79
15 16
16 31
16 33
16 39
16 40
16 45
16 73
16 78
17 48
17 49
17 62
17 71
18 20
18 37
18 39
18 61
19 20
19 23
19 32
19 38
19 60
19 61
19 75
19 77
20 46
21 33
21 52
21 68
21 70
21 72
22 35
22 67
23 25
23 48
23 74
24 59
24 71
25 59
25 73
26 77
27 29
27 49
27 60
28 48
28 52
29 75
30 34
30 36
31 39
31 44
31 54
31 79
32 38
32 46
33 39
33 54
33 57
33 76
34 55
35 52
36 62
37 38
37 39
37 46
37 61
37 76
38 39
38 48
38 51
38 61
39 54
39 61
39 63
39 79
41 46
42 50
43 79
44 55
45 65
45 79
46 53
47 50
47 71
47 74
47 76
47 78
48 64
49 61
51 56
52 55
52 62
52 67
52 74
54 71
55 63
55 70
56 71
58 61
59 66
62 72
64 77
66 78
69 76
74 76
74 78
