50 95
5 3 0 4 3 2 5 0 1 6 5 3 0 0 1 1 6 5 6 2 4 5 7 4 4 7 1 7 3 4 4 0 3 2 0 7 6 4 7 4 1 6 2 1 4 2 5 3 1 5 
0 4
0 20
0 23
0 24
1 18
1 20
1 23
1 41
1 47
2 30
2 33
2 34
3 16
3 19
3 29
3 32
3 49
4 11
4 18
4 24
4 32
5 25
5 45
5 47
6 8
6 13
6 32
6 34
6 46
7 31
7 42
7 43
8 17
8 22
9 12
9 21
9 24
9 44
10 11
10 12
10 18
10 21
10 26
11 23
11 37
12 14
13 16
13 20
13 22
13 41
14 21
14 26
15 23
15 25
15 37
15 47
16 38
16 39
17 33
17 34
18 27
18 49
19 32
19 36
19 40
20 46
21 37
22 43
22 48
24 32
24 36
24 46
25 44
26 27
27 38
28 30
28 36
28 40
29 39
29 40
30 35
31 41
31 45
31 47
32 40
32 49
34 35
35 36
35 46
37 44
38 49
39 42
39 48
41 43
42 45
