40 120
6 1 1 7 2 1 5 7 1 5 3 6 5 7 4 3 1 4 2 6 7 0 0 0 3 7 7 4 2 2 0 5 6 3 6 1 6 3 4 1 
0 1
0 2
0 7
0 8
0 9
0 12
0 25
0 26
1 3
1 7
1 12
1 14
1 31
1 34
1 36
2 8
2 9
2 10
2 25
2 32
2 33
3 4
3 11
3 20
3 31
3 34
4 6
4 8
4 11
4 15
4 17
4 19
4 20
4 27
4 28
4 30
5 6
5 19
5 28
5 35
5 37
6 8
6 22
6 26
6 30
7 9
7 12
7 19
7 25
7 34
8 14
8 16
9 10
9 25
9 32
10 18
10 30
10 32
10 33
10 36
11 20
11 27
11 29
11 31
11 34
12 13
12 14
12 19
12 22
12 25
12 28
12 31
12 34
12 38
13 15
13 25
13 26
13 35
14 15
14 18
14 33
14 35
15 24
15 32
15 37
15 39
16 34
16 39
17 18
17 20
17 24
17 26
17 27
17 30
17 33
18 19
18 27
18 30
18 32
18 33
19 31
19 36
20 27
20 31
21 32
23 36
24 27
24 37
25 32
27 30
27 38
28 33
28 36
29 33
30 33
30 35
31 34
32 33
34 37
37 39
