70 869
8 9 15 3 12 7 6 13 5 13 11 13 0 11 15 2 3 0 0 10 8 5 14 7 15 8 1 8 0 10 4 6 15 10 4 6 13 10 11 15 11 5 7 6 13 4 2 10 9 11 9 6 13 2 3 14 13 12 4 6 11 1 5 7 4 0 13 11 0 15 
0 2
0 5
0 6
0 10
0 13
0 14
0 15
0 21
0 24
0 25
0 33
0 34
0 35
0 36
0 39
0 42
0 46
0 54
0 57
0 62
0 65
0 66
0 67
0 68
1 4
1 5
1 11
1 12
1 13
1 17
1 21
1 29
1 31
1 33
1 34
1 35
1 37
1 46
1 52
1 55
1 58
1 59
2 3
2 6
2 8
2 9
2 16
2 18
2 19
2 22
2 25
2 27
2 30
2 33
2 35
2 38
2 40
2 42
2 45
2 48
2 49
2 51
2 52
2 54
2 56
2 58
2 61
2 66
2 67
2 69
3 11
3 18
3 20
3 22
3 24
3 26
3 27
3 29
3 34
3 35
3 37
3 38
3 40
3 46
3 47
3 50
3 54
3 56
3 58
3 60
4 11
4 16
4 18
4 19
4 20
4 22
4 23
4 25
4 26
4 28
4 29
4 34
4 37
4 38
4 42
4 48
4 51
4 52
4 55
4 56
4 61
4 62
4 63
5 9
5 11
5 12
5 13
5 14
5 16
5 18
5 21
5 23
5 26
5 28
5 30
5 33
5 37
5 38
5 39
5 40
5 44
5 45
5 46
5 54
5 57
5 59
5 62
6 7
6 8
6 13
6 16
6 23
6 24
6 27
6 36
6 42
6 44
6 45
6 47
6 49
6 50
6 57
6 58
6 60
6 64
6 65
6 66
6 68
7 8
7 10
7 11
7 13
7 16
7 17
7 22
7 26
7 29
7 32
7 37
7 42
7 45
7 46
7 50
7 54
7 56
7 59
7 60
7 62
7 69
8 10
8 12
8 13
8 16
8 18
8 19
8 20
8 25
8 26
8 28
8 29
8 32
8 38
8 39
8 40
8 43
8 44
8 46
8 48
8 54
8 55
8 57
9 11
9 14
9 15
9 18
9 20
9 23
9 26
9 27
9 31
9 32
9 35
9 37
9 40
9 41
9 42
9 45
9 46
9 52
9 53
9 55
9 56
9 58
9 61
9 65
9 67
10 16
10 17
10 26
10 30
10 36
10 38
10 41
10 45
10 46
10 57
10 58
10 59
10 61
10 63
10 66
11 13
11 14
11 15
11 18
11 20
11 21
11 29
11 30
11 31
11 34
11 36
11 38
11 39
11 43
11 45
11 47
11 53
11 55
11 58
11 60
11 63
11 65
11 69
12 17
12 19
12 21
12 22
12 28
12 30
12 36
12 37
12 38
12 39
12 41
12 44
12 53
12 57
12 58
12 60
12 62
12 64
12 66
12 68
12 69
13 14
13 16
13 25
13 26
13 30
13 33
13 34
13 35
13 37
13 39
13 42
13 46
13 48
13 50
13 52
13 54
13 56
13 64
13 65
13 66
13 69
14 15
14 17
14 18
14 19
14 20
14 21
14 22
14 23
14 24
14 25
14 34
14 35
14 36
14 38
14 45
14 48
14 49
14 52
14 53
14 58
14 62
14 63
14 64
14 67
15 16
15 20
15 24
15 26
15 30
15 31
15 33
15 34
15 35
15 45
15 53
15 54
15 55
15 57
15 61
15 62
15 66
15 67
16 20
16 23
16 24
16 25
16 26
16 31
16 33
16 35
16 40
16 42
16 44
16 45
16 48
16 49
16 61
16 62
16 64
16 65
17 20
17 21
17 26
17 29
17 32
17 37
17 39
17 41
17 42
17 43
17 47
17 48
17 49
17 51
17 53
17 58
17 60
17 61
17 62
17 63
17 64
17 69
18 21
18 22
18 23
18 28
18 30
18 31
18 32
18 33
18 34
18 40
18 42
18 43
18 45
18 46
18 50
18 52
18 56
18 57
18 58
18 62
18 65
18 69
19 21
19 26
19 29
19 30
19 38
19 39
19 42
19 45
19 47
19 53
19 54
19 55
19 56
19 60
19 62
19 64
19 65
19 66
19 69
20 22
20 25
20 29
20 33
20 41
20 45
20 46
20 49
20 50
20 53
20 55
20 56
20 58
20 65
20 67
20 68
21 22
21 23
21 25
21 26
21 27
21 30
21 32
21 33
21 35
21 41
21 42
21 47
21 49
21 54
21 57
21 62
21 63
21 65
21 66
21 67
21 68
22 28
22 29
22 30
22 32
22 36
22 40
22 43
22 45
22 46
22 48
22 49
22 51
22 52
22 53
22 54
22 56
22 57
22 58
22 63
22 65
22 66
22 67
23 27
23 29
23 33
23 38
23 39
23 41
23 42
23 49
23 50
23 54
23 55
23 57
23 67
23 68
24 27
24 28
24 30
24 36
24 40
24 46
24 52
24 57
24 59
24 64
24 65
25 28
25 29
25 30
25 42
25 45
25 46
25 51
25 55
25 57
25 59
25 66
25 67
26 27
26 30
26 31
26 35
26 39
26 41
26 42
26 47
26 48
26 50
26 52
26 54
26 56
26 65
26 66
26 67
26 69
27 28
27 29
27 31
27 34
27 36
27 45
27 47
27 48
27 49
27 50
27 51
27 58
27 67
28 33
28 34
28 36
28 38
28 42
28 46
28 47
28 49
28 51
28 54
28 56
28 57
28 58
28 60
28 64
28 67
28 69
29 30
29 33
29 35
29 39
29 40
29 41
29 47
29 48
29 49
29 51
29 55
29 56
29 57
29 62
29 63
29 67
30 36
30 37
30 38
30 39
30 40
30 46
30 47
30 48
30 50
30 51
30 52
30 54
30 59
30 60
30 64
30 65
30 69
31 34
31 35
31 36
31 37
31 38
31 41
31 45
31 46
31 51
31 53
31 54
31 55
31 57
31 60
31 61
31 64
31 65
31 67
31 68
32 34
32 36
32 39
32 44
32 46
32 52
32 56
32 57
32 58
32 65
32 66
33 34
33 35
33 39
33 40
33 41
33 47
33 48
33 54
33 55
33 56
33 57
33 60
33 64
33 65
33 66
33 67
34 35
34 36
34 37
34 39
34 44
34 45
34 52
34 54
34 59
34 60
34 61
34 66
35 37
35 40
35 41
35 45
35 47
35 54
35 58
35 60
35 62
35 65
35 68
36 39
36 41
36 46
36 50
36 51
36 56
36 57
36 58
36 59
36 64
37 40
37 42
37 43
37 44
37 45
37 46
37 47
37 48
37 49
37 50
37 51
37 61
37 62
37 65
37 66
38 43
38 46
38 59
38 60
38 61
38 63
38 69
39 44
39 45
39 46
39 48
39 50
39 54
39 55
39 59
39 60
39 63
39 68
40 41
40 49
40 50
40 53
40 55
40 59
40 60
40 65
41 43
41 45
41 48
41 50
41 51
41 52
41 54
41 55
41 56
41 58
41 59
41 61
41 64
41 65
41 68
41 69
42 44
42 45
42 50
42 55
42 56
42 57
42 58
42 64
42 67
42 68
43 44
43 48
43 51
43 54
43 55
43 56
43 64
44 45
44 49
44 55
44 58
44 60
44 61
44 64
44 65
45 51
45 55
45 56
45 59
45 65
45 67
45 69
46 47
46 53
46 67
47 48
47 50
47 56
47 57
47 60
47 62
47 65
48 49
48 50
48 56
48 57
48 60
48 63
48 67
48 68
48 69
49 51
49 52
49 55
49 57
49 59
49 63
49 64
50 51
50 54
50 55
50 56
50 57
50 59
50 60
50 61
50 63
50 68
51 57
51 58
51 60
51 63
51 66
51 67
51 68
52 53
52 55
52 57
52 60
52 62
52 69
53 54
53 55
53 59
53 63
53 65
53 67
54 57
54 58
54 60
54 63
54 64
54 66
54 67
55 61
55 62
55 67
55 69
56 60
56 61
56 63
56 64
56 69
57 58
57 59
57 60
57 65
57 66
57 68
58 59
58 61
58 63
58 64
59 62
59 67
60 61
60 64
60 66
60 67
61 62
61 64
63 64
63 68
63 69
65 66
65 68
66 67
67 68
