60 90
3 2 8 0 2 5 12 8 9 8 13 12 14 6 11 2 7 4 4 10 13 1 15 6 11 14 8 13 3 1 4 2 8 13 2 11 1 2 9 9 7 9 10 4 5 7 6 6 15 13 15 5 8 15 14 4 15 1 13 6 
0 15
0 21
0 48
0 50
1 46
1 50
2 29
2 43
2 58
3 46
3 48
3 50
4 7
4 34
4 52
5 6
5 12
5 18
5 19
5 40
6 12
7 35
7 54
8 42
8 43
8 44
9 18
9 45
9 53
10 27
11 12
11 42
11 45
12 33
13 34
13 52
13 56
14 36
14 40
14 42
16 26
17 18
17 30
17 37
18 22
18 26
18 29
18 37
18 44
18 46
18 54
19 22
19 33
20 27
20 40
21 43
21 44
22 41
23 27
23 28
23 45
23 57
24 39
24 52
25 26
26 37
26 59
27 30
27 38
27 53
28 29
28 30
29 45
31 59
32 45
32 51
34 54
35 57
37 41
37 51
37 56
40 47
42 47
43 47
46 53
49 53
51 52
51 55
51 56
53 58
