80 349
1 9 4 15 15 10 13 1 9 1 12 7 7 15 6 0 7 14 7 15 15 9 10 6 10 1 2 15 10 0 6 5 12 6 11 0 7 9 10 6 5 8 1 12 0 7 6 13 8 5 14 11 3 0 9 2 2 1 4 14 2 10 6 11 6 7 5 3 2 3 1 8 6 5 15 15 2 12 9 12 
0 8
0 10
0 24
0 41
0 44
0 69
0 79
1 16
1 22
1 42
1 44
1 73
2 28
2 30
2 46
2 57
2 59
2 68
2 70
2 77
3 9
3 15
3 16
3 22
3 41
3 44
3 50
3 57
3 66
4 18
4 49
4 58
4 67
4 71
5 7
5 22
5 27
5 29
5 30
5 32
5 43
5 46
5 49
5 57
5 59
5 61
5 62
5 70
5 72
5 77
6 15
6 18
6 20
6 28
6 33
6 34
6 35
6 53
6 61
6 62
6 67
6 73
6 78
7 11
7 16
7 37
7 39
7 42
7 52
7 70
8 11
8 45
8 50
8 79
9 18
9 21
9 46
9 79
10 16
10 39
10 47
10 57
10 64
11 19
11 20
11 26
11 28
11 30
11 33
11 43
11 49
11 63
11 65
11 69
11 73
11 74
12 13
12 27
12 48
12 50
12 60
12 75
13 19
13 37
13 38
13 44
13 45
13 55
13 59
13 66
13 79
14 16
14 17
14 36
14 37
14 42
14 49
14 56
14 61
14 75
15 16
15 18
15 22
15 28
15 34
15 43
15 46
15 52
15 59
15 62
15 65
15 69
15 74
15 77
15 78
16 19
16 26
16 34
16 50
16 59
16 61
16 65
16 68
17 29
17 31
17 34
17 51
17 67
17 72
18 23
18 25
18 56
19 20
19 26
19 30
19 31
19 32
19 49
19 59
19 65
19 68
20 21
20 25
20 33
20 35
20 46
20 47
20 65
20 70
20 75
21 30
21 32
21 68
21 73
22 45
22 76
22 77
23 45
23 53
23 56
23 58
23 59
23 66
23 70
23 72
23 75
24 61
24 78
25 29
25 40
26 30
26 59
26 63
26 65
26 78
27 37
27 39
27 40
27 44
27 63
28 33
28 35
28 42
28 62
28 65
28 69
29 30
29 41
29 44
29 64
29 76
30 46
30 53
30 56
30 57
30 61
30 62
30 70
30 77
30 78
31 32
31 53
31 74
31 76
32 41
32 66
32 75
33 34
33 46
33 62
33 68
33 77
33 78
34 39
34 61
34 62
34 63
34 77
34 78
35 57
35 63
35 65
35 74
36 38
36 74
36 76
37 47
37 68
38 40
38 51
38 59
39 43
39 53
39 54
39 59
39 63
40 51
40 54
40 58
40 61
40 78
41 42
41 66
41 67
41 69
41 70
41 76
41 78
42 45
42 51
42 54
42 55
42 58
42 61
42 63
42 65
42 66
43 44
43 61
43 72
44 48
44 76
45 54
46 51
46 57
46 65
46 66
46 70
46 77
46 78
47 53
47 75
48 53
48 61
49 60
49 67
50 51
50 67
50 71
51 58
53 56
53 62
53 74
53 77
54 79
55 63
55 68
55 73
55 76
56 73
56 76
57 61
57 70
57 77
57 78
58 75
59 61
59 65
59 68
59 79
60 72
60 76
61 70
61 79
62 68
62 69
62 77
62 79
63 64
64 68
66 67
66 72
66 74
67 75
67 79
68 70
68 75
68 77
69 71
69 73
70 74
71 78
71 79
73 75
75 76
75 79
77 78
77 79
78 79
