70 865
15 6 1 0 9 3 3 1 14 13 8 13 12 12 10 7 4 0 13 10 10 4 7 7 4 0 5 6 4 4 0 7 0 10 4 3 0 14 6 7 7 6 7 13 12 14 2 2 2 10 8 8 11 10 9 14 0 8 5 11 14 3 0 11 4 9 4 6 10 13 
0 1
0 2
0 5
0 14
0 15
0 22
0 25
0 28
0 29
0 30
0 31
0 34
0 38
0 39
0 40
0 44
0 45
0 47
0 52
0 55
0 61
0 64
0 69
1 6
1 7
1 8
1 10
1 11
1 12
1 17
1 18
1 19
1 22
1 23
1 34
1 36
1 38
1 41
1 42
1 44
1 47
1 49
1 56
1 63
1 65
1 67
1 68
1 69
2 3
2 7
2 12
2 13
2 14
2 16
2 21
2 26
2 28
2 29
2 30
2 31
2 40
2 42
2 43
2 44
2 48
2 49
2 51
2 53
2 61
2 63
2 68
2 69
3 6
3 8
3 10
3 12
3 16
3 24
3 26
3 29
3 30
3 32
3 33
3 34
3 35
3 36
3 37
3 39
3 42
3 46
3 47
3 48
3 49
3 51
3 52
3 53
3 54
3 55
3 65
3 66
4 6
4 9
4 10
4 17
4 19
4 22
4 23
4 25
4 31
4 33
4 34
4 35
4 37
4 39
4 41
4 45
4 51
4 52
4 53
4 54
4 55
4 58
4 59
4 60
4 63
4 67
4 68
5 6
5 7
5 8
5 11
5 12
5 14
5 18
5 19
5 20
5 22
5 27
5 28
5 30
5 36
5 40
5 41
5 43
5 47
5 55
5 62
5 64
5 68
5 69
6 9
6 12
6 13
6 24
6 25
6 29
6 34
6 40
6 41
6 42
6 44
6 46
6 48
6 49
6 53
6 56
6 62
6 66
6 67
6 68
7 9
7 10
7 15
7 20
7 25
7 31
7 32
7 33
7 37
7 40
7 43
7 45
7 47
7 51
7 58
7 60
7 65
8 13
8 16
8 22
8 23
8 26
8 27
8 29
8 30
8 33
8 36
8 39
8 40
8 42
8 43
8 50
8 58
8 64
8 66
8 67
8 68
9 10
9 11
9 17
9 20
9 21
9 22
9 29
9 31
9 34
9 39
9 40
9 45
9 48
9 49
9 52
9 57
9 58
9 62
9 63
9 66
9 67
10 11
10 12
10 13
10 14
10 15
10 18
10 20
10 25
10 27
10 28
10 29
10 41
10 44
10 46
10 52
10 56
10 59
10 60
10 61
10 63
10 69
11 12
11 13
11 15
11 16
11 18
11 25
11 26
11 27
11 28
11 29
11 32
11 38
11 42
11 47
11 49
11 50
11 52
11 53
11 54
11 60
11 61
11 62
11 63
11 64
11 66
11 67
12 13
12 16
12 19
12 21
12 25
12 26
12 30
12 32
12 33
12 40
12 42
12 48
12 49
12 52
12 53
12 54
12 56
12 58
12 59
12 60
12 62
12 63
12 68
13 18
13 20
13 21
13 22
13 24
13 25
13 26
13 28
13 29
13 30
13 33
13 35
13 37
13 38
13 41
13 46
13 48
13 50
13 52
13 54
13 57
13 59
13 63
13 69
14 15
14 16
14 20
14 21
14 23
14 27
14 41
14 42
14 44
14 47
14 49
14 50
14 51
14 52
14 58
14 59
14 63
14 67
14 69
15 17
15 19
15 20
15 21
15 25
15 31
15 35
15 44
15 45
15 49
15 51
15 52
15 58
15 59
15 61
15 62
15 63
15 65
16 17
16 19
16 20
16 23
16 25
16 27
16 28
16 33
16 39
16 44
16 46
16 48
16 53
16 54
16 60
16 61
16 62
16 65
16 66
17 20
17 22
17 25
17 26
17 32
17 41
17 45
17 47
17 57
17 59
17 63
17 64
17 65
18 19
18 24
18 25
18 28
18 29
18 31
18 35
18 36
18 37
18 41
18 42
18 43
18 45
18 47
18 49
18 54
18 55
18 57
18 58
18 59
18 61
18 63
18 66
19 27
19 29
19 34
19 35
19 37
19 39
19 40
19 44
19 45
19 48
19 50
19 52
19 54
19 55
19 56
19 57
19 58
19 61
19 68
19 69
20 22
20 24
20 27
20 30
20 31
20 35
20 36
20 44
20 49
20 51
20 52
20 56
20 57
20 58
20 59
20 67
21 23
21 25
21 28
21 29
21 30
21 33
21 35
21 36
21 40
21 46
21 47
21 50
21 59
21 60
21 61
21 62
21 67
22 23
22 25
22 26
22 28
22 29
22 30
22 32
22 33
22 39
22 43
22 45
22 46
22 51
22 52
22 53
22 57
22 64
23 26
23 27
23 30
23 31
23 32
23 33
23 34
23 35
23 37
23 38
23 40
23 45
23 47
23 49
23 50
23 51
23 52
23 53
23 57
23 64
23 67
24 28
24 29
24 32
24 34
24 35
24 38
24 39
24 45
24 46
24 49
24 50
24 51
24 53
24 54
24 57
24 58
24 63
24 66
25 26
25 31
25 36
25 37
25 40
25 44
25 48
25 49
25 55
25 56
25 58
25 59
25 60
25 65
26 30
26 33
26 36
26 37
26 38
26 39
26 40
26 43
26 46
26 53
26 54
26 55
26 58
26 61
27 32
27 38
27 41
27 46
27 48
27 52
27 56
27 57
27 60
28 30
28 32
28 33
28 34
28 42
28 44
28 48
28 51
28 52
28 54
28 60
28 61
28 62
28 64
28 66
28 68
28 69
29 30
29 31
29 32
29 34
29 40
29 42
29 43
29 44
29 48
29 52
29 58
29 59
29 61
29 62
29 64
30 32
30 36
30 38
30 42
30 43
30 46
30 47
30 49
30 50
30 53
30 54
30 55
30 56
30 57
30 60
30 62
31 37
31 40
31 41
31 42
31 43
31 50
31 53
31 57
31 60
31 66
31 69
32 34
32 35
32 36
32 37
32 40
32 41
32 45
32 46
32 47
32 48
32 49
32 52
32 54
32 56
32 62
32 63
32 66
33 36
33 39
33 40
33 44
33 46
33 48
33 50
33 54
33 55
33 59
33 64
33 67
34 35
34 40
34 41
34 44
34 47
34 58
34 60
34 64
34 65
34 66
34 68
35 36
35 37
35 42
35 44
35 46
35 47
35 48
35 51
35 54
35 55
35 58
35 60
35 63
35 66
35 67
35 68
36 40
36 42
36 45
36 47
36 49
36 50
36 55
36 58
36 59
36 60
36 62
36 63
36 67
36 68
37 39
37 42
37 43
37 46
37 50
37 53
37 57
37 61
37 62
37 67
38 40
38 41
38 43
38 45
38 52
38 53
38 57
38 58
38 59
38 60
38 62
38 63
38 64
38 68
39 42
39 47
39 49
39 53
39 59
39 63
39 64
40 43
40 45
40 46
40 49
40 54
40 55
40 59
40 64
40 67
40 68
41 52
41 54
41 55
41 59
41 61
41 63
41 66
41 68
41 69
42 43
42 44
42 45
42 51
42 52
42 53
42 58
42 59
42 64
42 69
43 46
43 47
43 51
43 52
43 54
43 61
43 64
43 66
43 68
44 47
44 48
44 56
45 47
45 48
45 51
45 52
45 53
45 55
45 62
45 65
45 66
46 47
46 49
46 50
46 51
46 57
46 59
46 60
46 62
47 51
47 52
47 62
47 63
47 65
47 66
47 67
48 49
48 52
48 56
48 58
48 59
48 60
48 61
48 62
48 63
48 65
48 67
49 55
49 59
49 60
50 55
50 56
50 57
50 58
50 60
50 61
50 63
50 66
50 67
51 55
51 58
51 61
51 62
51 66
51 69
52 63
52 67
52 68
53 55
53 56
53 57
53 60
54 55
54 57
54 58
54 60
55 66
55 67
55 68
55 69
56 57
56 58
56 60
56 61
56 62
56 63
56 66
56 67
56 69
57 59
57 62
57 69
58 64
58 67
58 68
59 61
59 63
59 67
59 68
60 61
60 62
60 65
60 67
61 66
61 67
61 69
62 63
62 67
62 68
63 65
63 67
64 66
64 69
65 66
66 68
68 69
