80 142
2 15 3 6 10 14 3 6 2 3 14 9 13 12 10 8 11 12 2 14 6 2 12 0 4 2 9 4 1 4 14 12 11 13 8 4 9 1 2 8 11 12 15 14 14 14 7 9 6 5 14 13 13 8 6 6 3 10 9 9 7 3 8 9 14 6 13 5 13 1 11 6 5 3 2 6 5 4 12 4 
0 2
1 11
1 33
1 59
2 4
2 16
2 25
2 44
2 52
2 60
2 69
3 29
3 50
3 77
4 26
5 11
5 19
5 77
5 79
6 23
6 26
6 38
6 55
7 10
7 18
8 16
8 36
8 44
8 46
8 58
8 62
9 12
9 24
9 53
10 23
10 37
10 38
10 39
10 49
11 30
11 32
11 42
12 24
13 60
13 69
13 76
14 32
14 67
14 73
14 75
14 78
15 64
15 66
16 31
16 63
16 64
17 34
17 39
18 19
19 32
19 50
19 68
19 78
20 33
20 52
21 45
21 78
22 33
22 44
22 52
22 59
23 27
23 54
23 67
24 45
25 26
25 32
25 45
26 27
26 40
26 49
26 57
26 65
26 67
26 76
26 78
28 34
28 46
28 79
29 61
30 43
30 63
31 46
31 53
31 66
31 72
32 51
32 59
33 72
33 74
34 37
34 46
34 53
35 58
35 75
35 79
36 54
36 67
36 75
37 48
37 54
38 47
39 55
39 76
40 55
40 56
41 42
41 52
42 70
44 75
45 48
45 62
46 54
47 55
48 49
50 51
50 56
50 77
52 70
53 60
56 71
56 78
58 66
59 75
60 62
61 64
64 69
64 72
66 79
68 79
71 76
73 78
