100 149
13 15 16 18 5 23 20 16 18 24 24 0 29 13 4 28 8 2 15 28 0 19 8 10 21 27 18 15 18 31 11 27 14 6 7 31 17 3 23 3 21 1 17 29 5 10 15 13 9 22 30 1 0 25 11 25 21 0 23 17 6 5 13 22 8 0 5 2 20 24 5 9 26 30 30 31 8 28 15 7 29 2 20 1 15 24 31 29 30 7 28 25 8 3 12 16 17 26 4 11 
0 7
0 46
0 90
1 40
2 91
3 37
3 48
4 5
4 41
4 45
4 54
5 34
5 49
5 67
5 97
6 28
6 83
6 96
7 63
8 52
8 62
8 66
8 92
9 20
9 34
9 86
10 54
11 38
11 45
12 20
12 55
13 17
13 30
13 43
13 49
13 51
13 66
13 67
13 75
13 90
13 91
14 21
14 42
14 49
15 19
15 43
15 71
16 17
16 42
18 26
18 41
18 75
19 58
19 92
20 25
20 47
21 30
21 99
22 56
22 65
23 41
24 56
24 60
25 67
25 70
25 74
25 93
26 36
27 52
27 57
27 68
27 82
28 50
28 65
28 71
28 82
29 49
30 44
30 61
31 35
31 82
31 85
31 92
32 67
32 96
33 95
34 85
35 67
35 82
36 56
37 58
38 40
38 48
39 52
39 62
40 66
41 64
41 67
41 69
41 83
41 84
42 63
43 78
45 69
45 77
45 90
46 81
47 65
48 50
48 60
48 79
48 87
49 52
49 63
49 65
50 72
50 75
51 68
51 71
51 85
52 69
52 90
53 89
55 64
56 79
58 77
59 65
60 87
61 77
61 89
62 74
63 81
63 98
65 72
65 92
69 94
71 86
72 98
73 84
73 95
76 78
76 97
77 78
78 80
80 95
82 89
83 97
84 98
88 97
