80 173
5 6 4 15 4 13 1 14 1 13 1 7 11 10 8 13 11 2 15 6 7 1 11 4 10 5 11 0 10 3 14 14 1 7 5 8 7 6 8 5 5 12 6 12 7 8 1 15 14 7 7 0 10 15 7 8 7 0 0 13 8 9 2 10 0 11 13 8 8 12 8 0 14 1 4 3 13 10 11 8 
0 7
0 17
0 26
0 32
0 40
0 45
0 69
1 17
1 20
1 35
1 47
1 55
1 69
2 3
2 13
2 30
2 40
2 45
2 70
2 79
3 24
3 25
3 50
3 70
3 77
4 11
4 19
4 39
4 65
4 70
5 12
5 58
5 61
6 19
6 32
7 9
7 20
7 22
7 64
7 66
8 16
8 41
8 45
8 58
8 69
8 79
9 14
9 37
9 40
9 45
10 17
11 13
11 28
11 77
12 13
12 42
13 44
13 48
13 76
14 22
14 64
14 68
14 78
15 26
15 42
15 49
16 20
16 22
16 58
16 59
16 69
17 20
17 23
17 33
17 49
18 67
19 51
19 75
20 21
20 30
20 62
21 53
21 68
21 76
22 39
22 41
22 47
22 53
23 30
23 35
23 37
23 50
23 52
24 28
25 40
25 54
27 36
27 43
28 29
28 41
28 48
28 76
28 79
29 71
30 58
30 61
30 69
31 32
31 41
31 46
31 47
31 56
31 69
32 75
33 48
33 69
34 60
34 73
35 43
35 55
35 63
35 67
36 38
36 60
37 43
37 51
37 61
38 43
38 64
38 67
40 44
40 64
41 72
42 49
42 53
42 58
42 59
42 71
44 68
45 68
46 68
46 77
47 51
47 62
47 66
47 67
47 74
48 72
49 54
52 62
52 78
53 59
53 78
54 57
54 64
54 74
56 65
56 66
56 72
57 74
59 63
59 73
60 66
60 67
61 62
64 74
67 71
68 75
68 77
70 79
71 79
74 78
77 79
