100 296
31 15 20 27 19 3 3 26 22 30 1 24 27 26 10 4 3 5 21 9 1 1 23 27 30 23 20 6 5 1 12 30 13 21 22 6 1 4 5 30 4 3 23 29 29 27 2 28 3 22 31 22 12 22 26 26 7 28 30 18 23 27 15 6 4 19 7 26 3 12 26 22 9 1 18 27 31 30 12 14 10 17 28 19 13 11 6 16 23 15 12 18 18 17 7 7 7 0 29 19 
0 5
0 12
0 37
0 41
0 92
0 97
1 14
1 23
1 70
1 75
1 79
2 18
2 45
2 56
2 61
2 83
2 93
3 6
3 84
3 86
4 27
4 47
4 63
4 79
4 88
5 12
5 14
5 15
5 19
5 96
6 47
6 70
6 84
6 85
7 51
7 56
7 60
8 14
8 32
8 65
9 40
9 45
9 60
9 93
9 94
10 12
10 13
10 25
10 35
10 40
10 54
10 67
11 20
11 54
11 60
11 79
11 97
12 31
12 35
12 40
12 48
12 65
12 77
12 82
12 97
13 15
13 29
13 56
14 16
14 59
14 66
15 42
15 68
15 75
15 87
16 53
16 58
16 65
16 68
16 75
16 92
16 94
17 39
17 40
17 55
17 63
17 96
18 24
18 30
18 31
18 45
18 74
19 45
20 27
20 36
20 44
20 45
20 50
20 63
20 86
20 92
21 33
21 96
22 41
22 56
22 61
22 71
22 73
22 82
23 34
23 83
23 84
23 85
24 37
24 48
24 50
24 76
24 77
24 97
25 27
25 28
25 31
25 35
25 40
25 48
25 67
25 77
26 36
26 41
26 72
26 90
26 96
27 32
27 68
27 69
28 38
28 62
28 65
28 87
29 31
29 61
29 92
30 38
30 46
30 52
30 69
30 96
31 35
31 37
31 40
31 46
31 49
31 53
31 55
31 57
31 63
31 79
31 93
32 34
32 46
32 68
32 72
32 90
32 96
33 56
33 86
33 94
34 59
34 74
35 39
35 40
35 53
35 54
35 67
35 89
36 52
36 97
36 99
37 40
37 52
37 67
37 76
37 77
37 81
37 96
38 59
38 69
38 78
38 98
39 60
39 86
39 96
40 41
40 42
40 77
40 79
40 91
41 45
41 79
42 99
43 47
43 69
44 60
44 97
46 54
46 99
47 49
47 64
47 79
48 77
48 79
48 83
48 85
48 94
48 96
49 57
49 62
49 63
49 77
49 95
50 78
50 88
51 65
51 98
52 79
52 90
52 94
53 84
53 88
53 99
54 71
54 90
54 94
55 58
55 61
55 64
56 74
56 96
57 59
57 70
57 80
57 96
57 98
58 65
59 65
60 73
60 74
60 89
61 99
62 65
62 78
62 84
63 70
63 75
63 94
64 66
64 96
65 73
66 91
67 77
67 79
67 87
68 75
69 73
69 77
70 94
71 74
71 89
71 91
72 79
72 87
72 92
73 78
73 89
74 80
75 82
76 78
76 81
77 78
77 79
77 89
78 82
78 89
78 98
81 87
82 88
82 97
84 96
85 90
86 87
86 90
87 97
88 94
89 97
90 95
94 98
