100 149
29 2 23 19 14 5 9 11 28 20 12 14 27 30 21 15 21 19 13 6 29 27 14 24 14 13 31 12 1 14 20 17 11 4 7 19 14 8 21 6 19 30 19 13 10 5 23 13 17 11 1 13 13 25 28 27 3 29 23 10 5 9 7 5 9 5 29 9 12 2 12 0 9 12 4 18 14 26 11 27 13 23 3 27 0 28 31 22 5 16 31 0 8 10 22 13 16 7 8 31 
0 15
0 50
0 52
0 53
0 83
1 18
1 22
1 72
1 89
1 92
2 22
2 38
2 72
2 85
2 88
3 6
3 7
3 9
3 10
3 33
3 41
3 43
3 80
4 32
4 56
4 58
5 41
5 44
5 68
5 69
6 15
6 18
6 80
6 82
7 18
7 60
7 72
7 81
8 36
8 77
8 94
9 27
10 31
10 97
11 48
11 87
12 42
12 58
12 69
13 21
13 35
13 59
13 63
13 85
14 75
15 43
15 88
16 73
17 45
17 47
17 98
18 54
18 66
18 75
19 53
19 74
20 35
22 95
23 41
24 63
25 45
25 46
25 47
25 51
25 58
25 60
25 90
26 50
26 52
26 81
26 94
26 99
27 37
27 58
28 66
28 68
29 34
29 49
29 77
30 35
30 48
30 63
30 79
31 89
34 66
35 64
35 65
35 70
35 95
36 42
36 95
37 47
37 79
38 61
38 67
39 60
40 79
41 71
43 50
43 74
45 94
46 71
46 75
47 66
47 76
48 78
49 74
50 68
50 73
52 58
53 55
54 66
55 96
56 61
56 97
57 66
58 94
60 67
60 75
61 63
61 91
62 90
63 93
65 86
65 88
65 97
67 92
68 96
71 78
73 92
76 84
76 93
76 98
77 87
77 90
77 95
79 93
79 98
85 95
