70 123
3 0 8 0 10 1 6 1 3 1 6 0 14 6 5 12 2 9 2 11 7 2 2 7 1 1 10 3 9 12 13 12 2 5 12 4 13 14 9 4 3 13 1 2 14 14 2 3 10 8 15 15 11 15 14 4 8 15 6 7 14 15 5 15 0 1 11 2 12 11 
0 3
0 31
0 38
0 60
0 61
0 68
1 20
1 23
1 29
1 30
2 6
2 12
2 24
2 51
2 64
2 66
3 15
3 64
4 8
4 15
4 27
4 30
4 37
4 61
4 67
5 51
6 7
6 9
6 10
6 19
6 23
6 31
6 67
7 21
7 25
7 28
7 57
8 9
9 32
9 56
10 64
10 67
11 22
11 36
12 14
12 40
12 59
13 27
13 28
13 53
13 55
13 57
14 29
14 44
14 68
15 17
15 18
16 60
16 65
17 29
17 65
18 21
18 45
18 54
18 58
20 37
20 62
21 23
21 30
21 50
21 60
22 57
22 67
23 51
23 63
24 42
25 42
26 29
27 55
27 67
28 32
29 37
29 51
29 55
31 44
32 41
32 46
32 47
33 48
33 52
33 60
33 65
34 50
34 57
34 59
34 65
35 55
36 56
37 38
37 69
38 46
39 67
40 49
42 53
42 58
42 69
43 67
44 57
44 59
45 49
45 67
46 55
47 48
47 58
48 58
50 61
51 68
52 59
54 58
55 64
58 65
58 67
59 67
