90 132
14 6 2 12 5 12 13 8 8 4 6 10 2 10 9 14 1 8 13 0 11 7 2 7 4 11 8 11 13 6 4 11 7 7 15 11 5 15 7 4 2 15 6 2 7 4 1 2 2 11 12 10 14 1 7 1 2 11 1 13 15 2 10 8 11 13 6 9 10 5 3 0 4 11 9 14 9 13 9 9 10 2 11 1 14 14 9 11 6 14 
0 10
0 35
0 79
1 60
1 65
2 12
2 85
3 37
3 68
4 32
4 51
5 27
5 41
5 58
5 78
5 87
6 40
6 76
6 86
7 12
7 13
7 27
7 45
7 64
7 84
8 14
8 17
8 19
8 28
8 61
8 73
9 18
9 59
9 71
9 74
10 77
11 15
11 56
11 58
11 60
11 63
12 38
12 79
12 88
13 27
13 65
15 59
16 26
17 53
17 76
17 80
19 50
20 47
20 77
20 79
21 35
21 80
21 88
22 46
22 77
23 36
23 67
24 76
24 79
25 28
25 29
25 77
26 39
26 58
26 78
27 46
28 75
29 41
29 69
30 59
31 43
31 58
32 89
33 49
33 65
34 54
34 73
34 86
35 38
35 40
35 70
36 72
36 78
36 83
37 52
37 57
37 59
39 57
39 72
40 62
40 79
42 44
42 65
44 51
44 82
45 69
46 55
47 71
48 71
48 89
51 73
51 83
52 55
52 58
52 83
52 89
54 75
55 65
55 66
55 81
56 64
56 86
61 68
61 83
63 70
64 72
65 71
65 79
67 71
67 74
68 79
73 79
73 89
77 78
79 83
79 89
83 85
