40 90
5 0 2 2 6 2 3 6 7 3 6 7 0 2 2 6 3 7 1 1 0 6 3 4 5 6 6 6 3 7 3 7 3 5 4 4 3 2 3 2 
0 6
0 10
0 23
0 27
0 31
0 32
1 11
1 18
1 23
1 32
2 5
2 10
2 20
2 29
2 31
3 7
3 24
3 25
3 27
3 38
4 22
4 34
4 37
5 10
5 14
5 23
5 28
6 11
6 20
6 29
6 36
7 17
7 20
7 31
7 35
7 39
8 11
8 12
8 18
8 30
8 36
9 15
9 19
10 12
11 12
11 19
12 17
12 28
12 29
13 26
13 27
13 31
13 38
13 39
15 17
15 21
15 29
15 32
15 36
16 22
16 30
16 33
16 34
17 30
18 34
19 20
19 28
19 32
19 35
20 22
20 28
21 24
21 26
21 27
21 33
23 25
24 25
25 27
25 38
26 29
28 30
29 30
31 36
32 37
32 39
33 38
33 39
34 35
34 39
35 37
