100 219
6 16 29 17 27 30 25 31 20 13 19 29 7 10 21 5 20 24 6 26 6 28 10 18 31 2 7 16 5 24 26 6 25 25 10 30 0 7 1 19 13 9 8 30 28 18 26 16 15 12 29 19 10 31 13 28 4 21 13 29 5 1 31 14 8 9 2147483677 1 4 16 23 15 5 18 24 21 22 5 0 29 5 16 25 20 1 7 2 9 8 23 22 4 4 26 18 22 18 1 29 5 
0 2
0 17
0 33
0 63
0 66
0 99
1 15
1 55
1 66
1 69
1 86
2 7
2 30
2 66
3 35
3 51
3 66
3 77
3 83
4 39
5 8
5 12
5 27
5 56
5 66
5 92
6 25
6 66
6 87
6 96
7 51
7 66
7 99
8 35
8 37
8 66
8 77
9 10
9 19
9 58
9 66
9 84
10 13
10 42
10 62
10 66
10 68
11 98
12 51
12 66
12 77
13 21
13 41
13 43
13 66
14 23
14 29
14 59
14 66
15 26
15 48
15 82
16 36
16 55
16 66
16 80
16 90
17 30
17 40
17 66
17 78
17 92
18 24
18 27
18 28
18 40
18 66
18 92
19 52
19 65
19 68
20 34
20 44
20 95
21 57
21 68
21 81
22 46
22 47
22 67
23 32
23 66
24 35
24 37
24 66
24 97
25 29
25 59
25 66
26 31
26 55
26 80
26 89
27 37
27 61
27 66
28 33
28 61
28 66
28 99
29 32
29 66
29 96
30 51
30 66
30 83
31 70
31 82
31 98
32 66
32 74
33 40
33 66
34 50
34 72
34 88
35 39
35 66
35 78
35 92
36 66
36 70
36 98
37 66
37 93
38 79
39 84
40 54
40 66
40 97
41 42
41 57
41 66
42 45
42 60
42 66
42 84
42 91
43 62
43 66
43 81
44 72
45 52
45 57
45 68
45 85
47 50
47 72
47 79
48 69
48 89
49 50
49 88
51 66
51 67
51 92
52 84
53 82
54 57
55 66
55 73
55 98
56 61
56 66
56 99
58 62
58 65
58 66
58 76
59 66
61 66
62 66
62 94
64 75
65 94
66 69
66 73
66 74
66 77
66 78
66 83
66 84
66 86
66 90
66 92
66 96
66 97
66 98
66 99
68 94
69 73
70 80
71 80
71 89
71 90
73 89
73 90
74 76
74 96
75 84
75 92
78 83
78 97
81 94
82 86
85 87
86 98
88 95
92 99
