40 173
3 6 6 6 0 6 5 0 5 7 3 7 5 6 1 4 0 5 1 4 0 2 4 6 5 5 1 2 3 1 5 7 7 7 7 1 5 0 7 5 
0 5
0 6
0 7
0 12
0 13
0 14
0 28
0 33
0 38
1 5
1 6
1 7
1 10
1 17
1 18
1 19
1 20
1 22
1 25
2 8
2 16
2 27
2 29
2 31
2 32
2 33
2 39
3 11
3 18
3 20
3 21
3 25
3 27
3 38
4 14
4 26
4 30
4 32
5 6
5 7
5 12
5 19
5 22
5 28
5 31
5 34
5 36
6 7
6 12
6 19
6 26
6 28
6 31
6 33
6 36
7 9
7 15
7 20
7 32
7 36
8 14
8 16
8 17
8 23
8 29
8 32
8 35
8 39
9 13
9 25
9 36
9 37
9 38
9 39
10 12
10 17
10 19
10 20
10 21
10 23
10 25
10 35
11 15
11 16
11 24
11 26
11 29
11 33
11 34
11 39
12 13
12 18
12 24
12 26
12 31
12 34
12 36
13 27
13 34
14 27
14 28
14 36
14 37
14 38
15 17
15 19
15 22
15 28
15 29
16 24
16 28
16 29
16 33
16 34
16 35
16 37
16 39
17 19
17 22
17 23
17 28
17 32
17 35
18 20
18 21
18 25
18 36
18 37
19 21
19 32
19 35
20 25
20 26
20 34
20 37
21 22
21 25
21 26
22 35
23 32
23 35
24 25
24 26
24 31
24 33
24 36
24 39
25 37
26 31
26 33
26 34
26 37
27 28
27 36
27 38
28 36
29 32
29 35
29 38
29 39
30 33
30 35
30 38
31 33
31 34
31 36
31 38
32 33
32 35
32 39
33 34
35 37
37 38
