60 132
5 3 14 4 10 7 11 10 8 13 15 13 3 6 15 5 10 6 5 11 7 3 5 8 10 4 1 1 7 2 4 9 1 9 4 9 13 4 0 0 5 2 2 12 2 3 1 10 7 15 4 1 15 7 3 4 9 2 7 13 
0 2
0 18
0 22
0 29
0 33
0 45
0 52
0 58
0 59
1 17
1 29
1 51
2 9
2 31
3 13
3 25
3 37
4 12
4 13
4 23
4 38
4 44
4 54
4 55
4 58
4 59
5 8
5 20
5 28
5 56
6 13
6 16
6 22
6 35
6 59
7 13
7 21
7 44
7 50
8 14
8 15
8 51
9 29
9 32
9 40
9 52
10 13
10 35
10 45
10 50
10 55
11 23
11 27
11 40
11 41
11 45
11 52
11 54
11 59
12 23
12 35
13 38
13 47
14 27
14 35
14 43
14 55
14 59
15 19
16 57
17 23
17 34
17 38
17 58
18 24
18 45
19 30
20 37
20 58
21 46
21 47
22 43
22 47
23 41
23 49
23 53
24 56
25 44
25 50
25 53
25 55
26 35
27 30
27 33
27 36
27 38
28 42
29 59
30 53
30 54
30 55
31 53
32 33
32 44
32 48
32 53
32 54
32 57
33 51
34 43
35 42
36 58
36 59
37 42
39 48
39 52
39 54
39 58
40 53
41 48
42 53
42 54
42 58
43 55
44 46
44 56
45 51
45 59
46 48
46 58
47 58
50 51
