70 105
14 3 3 1 2 9 14 9 3 8 12 4 3 7 3 3 8 0 3 10 3 14 3 13 11 14 5 3 4 12 4 10 3 9 10 7 2 0 15 0 14 15 0 12 13 12 15 10 14 7 3 5 4 14 14 4 4 6 12 8 11 7 7 1 0 4 8 6 2 14 
0 7
0 50
1 12
2 5
2 6
2 56
2 68
3 9
3 21
3 26
3 63
4 14
4 33
4 44
5 31
5 48
6 34
6 37
7 14
7 33
7 69
8 24
8 37
9 12
9 41
9 53
9 61
10 12
10 36
10 40
10 55
10 65
11 13
11 25
11 34
11 58
12 18
12 48
12 50
14 45
14 49
14 59
15 25
15 32
15 65
16 61
17 21
17 34
17 40
17 47
17 54
17 59
17 66
18 53
18 68
19 46
19 64
20 47
22 28
22 34
22 40
22 42
22 58
23 64
23 69
24 31
24 32
24 65
24 67
25 52
26 43
26 53
26 62
27 68
28 37
29 30
29 51
30 56
31 56
31 64
32 56
33 35
33 64
35 43
35 44
38 68
39 59
40 69
42 54
43 63
44 60
44 63
45 60
45 67
46 62
48 68
50 51
51 68
52 58
52 65
54 62
55 68
57 63
59 69
62 63
