80 186
15 10 7 6 10 10 3 4 10 0 11 15 3 13 2 15 4 3 3 11 7 12 8 1 6 6 2 0 13 9 3 14 3 9 13 2 1 2 3 5 1 11 15 12 5 14 1 9 2 4 1 0 6 15 15 12 9 6 11 14 11 3 9 5 15 3 8 15 12 13 1 4 1 5 8 1 15 10 11 1 
0 1
0 12
0 19
1 29
1 43
1 66
2 4
2 21
2 29
2 45
3 6
3 22
3 48
4 6
4 36
4 54
4 67
5 18
5 48
5 53
5 68
6 12
6 28
6 37
6 55
6 59
7 18
7 29
7 40
8 16
8 50
8 64
8 66
8 68
9 15
9 29
9 66
10 32
10 48
10 61
11 12
11 68
11 71
11 75
12 16
12 32
12 66
13 17
13 30
13 41
13 51
13 56
13 75
14 36
14 78
15 27
15 36
15 47
15 54
15 69
15 79
16 21
16 35
16 59
16 70
17 27
17 29
17 31
17 57
17 71
18 22
18 50
18 74
19 28
19 32
19 60
19 70
19 78
20 45
20 79
21 70
22 31
22 35
22 38
22 46
22 59
23 61
23 75
24 37
24 51
24 69
25 27
25 47
25 67
25 70
26 49
26 55
26 77
27 48
27 52
27 55
27 63
27 66
27 67
28 37
29 35
29 48
29 65
30 33
30 39
30 43
30 46
30 66
30 76
31 35
31 36
31 68
31 72
32 73
32 74
34 42
34 60
34 71
34 79
35 45
35 61
36 52
36 68
36 75
37 51
37 70
37 79
38 66
38 67
39 49
41 48
41 75
41 79
42 59
42 62
43 54
43 65
43 74
44 60
44 68
44 76
45 60
45 69
46 51
46 59
46 65
46 71
47 78
48 64
49 51
49 55
49 68
50 59
50 75
51 65
52 54
52 59
52 79
53 70
53 73
53 74
54 58
54 66
55 68
57 62
57 79
58 61
58 63
59 69
61 65
61 72
62 64
62 68
62 69
63 64
63 79
67 79
69 70
69 71
72 74
77 79
