80 188
12 7 15 9 10 1 8 15 7 6 14 0 11 5 9 6 2 5 7 13 5 1 4 1 12 2 15 4 14 14 6 0 13 8 11 9 4 2 15 10 1 9 0 14 10 3 1 9 8 7 3 12 6 14 11 3 2 8 13 0 13 2 1 5 10 3 10 0 14 3 2 14 10 2 2 10 4 15 14 10 
0 51
0 63
0 73
1 31
1 43
1 45
1 61
2 9
2 13
2 17
2 24
2 57
3 6
3 13
3 29
3 33
3 36
3 45
3 69
4 26
4 60
4 73
5 14
5 17
5 62
5 66
5 69
5 78
6 35
6 45
6 61
6 63
6 65
6 72
6 75
7 17
7 18
7 25
7 27
7 41
8 13
8 37
8 43
8 50
9 36
10 13
10 38
10 43
10 46
10 50
10 53
10 71
11 22
11 44
12 61
12 73
12 76
13 15
13 20
13 30
13 39
13 66
13 69
13 75
14 28
14 29
14 47
14 77
15 26
15 37
15 43
15 55
16 21
16 24
16 41
16 59
17 28
17 32
17 34
17 38
17 63
17 66
17 68
18 32
18 33
19 39
19 41
19 45
19 52
19 69
20 59
20 79
21 29
21 67
22 25
22 26
22 67
22 76
23 27
23 31
23 48
23 64
23 70
24 28
24 30
24 53
24 54
24 59
25 36
25 45
26 27
26 77
26 78
27 35
27 39
28 33
29 31
29 37
29 61
30 32
30 48
30 68
30 75
31 65
31 78
32 34
34 53
34 77
35 66
35 77
35 79
36 42
36 43
36 56
38 48
38 50
38 66
38 68
38 73
39 67
39 78
40 53
40 60
41 60
42 48
42 60
42 76
43 60
43 66
44 67
44 68
44 78
45 52
48 67
48 70
48 73
49 66
50 66
51 69
52 73
53 58
53 70
53 73
53 79
54 55
54 58
54 66
54 72
55 58
55 65
55 68
55 74
56 58
56 59
58 67
59 71
59 76
60 64
60 71
61 72
61 79
62 68
63 69
65 79
68 79
74 75
75 79
78 79
