30 152
6 1 5 1 4 0 7 4 6 2 1 5 2 5 4 3 3 6 2 4 6 7 5 0 6 0 6 6 0 2 
0 3
0 12
0 17
0 18
0 25
0 28
0 29
1 8
1 10
1 11
1 23
1 25
1 27
2 4
2 7
2 8
2 12
2 15
2 16
2 17
2 27
2 29
3 6
3 8
3 13
3 15
3 19
3 22
3 24
3 25
3 27
3 29
4 5
4 15
4 28
5 6
5 8
5 12
5 15
5 18
5 22
5 24
6 8
6 11
6 12
6 13
6 15
6 18
6 21
6 22
6 23
6 28
7 9
7 10
7 12
7 15
7 16
7 17
7 21
7 28
7 29
8 9
8 11
8 16
8 18
8 21
8 25
8 27
9 16
9 19
9 21
9 24
9 28
10 12
10 17
10 20
10 23
10 25
10 26
10 28
11 12
11 13
11 17
11 21
11 22
11 24
11 26
11 29
12 15
12 16
12 23
12 26
12 29
13 14
13 17
13 18
13 19
13 24
13 27
13 28
14 20
14 21
14 23
15 17
15 20
15 23
16 17
16 18
16 24
16 25
16 27
17 19
17 20
17 23
17 24
17 25
17 26
17 28
17 29
18 19
18 20
18 21
18 22
18 23
18 27
18 28
19 20
19 22
19 24
19 27
19 28
20 25
20 26
20 27
20 29
21 24
21 25
21 27
21 29
22 23
22 25
22 27
22 28
23 24
23 26
23 27
23 28
23 29
24 29
25 29
26 28
28 29
