100 290
31 11 6 5 30 0 18 3 14 8 16 31 10 2 12 28 31 3 5 19 24 31 28 14 14 14 25 18 4 25 2 21 18 4 2 0 5 10 31 3 15 3 18 21 23 9 11 23 20 0 24 14 11 5 7 23 18 26 18 19 10 16 6 27 27 25 5 8 2 26 25 19 11 16 6 17 28 14 15 30 25 4 30 20 31 9 0 24 21 20 0 13 11 17 16 8 10 31 20 3 
0 25
0 28
0 43
0 73
0 76
0 80
0 90
0 95
1 14
1 39
1 42
1 56
1 60
1 71
1 93
2 5
2 65
2 66
3 20
3 54
3 61
3 77
4 39
4 58
4 63
4 77
4 81
5 19
5 22
5 23
5 62
5 94
6 27
6 43
6 45
6 69
6 94
7 51
7 82
7 87
8 41
8 65
8 72
9 55
10 14
10 16
10 28
10 30
10 34
10 43
10 51
10 56
10 79
10 96
11 21
11 23
11 52
11 68
11 79
12 39
12 47
12 72
12 83
12 85
13 17
13 25
13 34
13 60
14 20
14 24
14 38
14 52
14 55
15 31
15 34
15 96
15 97
16 20
16 26
16 29
16 41
16 66
16 86
16 90
16 91
17 20
17 45
17 49
17 93
18 24
18 48
18 53
18 55
18 78
18 96
18 97
19 52
19 68
19 80
20 24
20 33
20 49
20 56
20 75
20 89
21 22
21 45
21 54
21 59
21 69
21 90
21 96
21 98
22 82
22 97
23 33
23 38
23 40
23 48
23 71
24 27
24 28
24 48
24 54
24 71
24 72
24 75
24 91
25 28
25 88
26 40
26 76
26 94
27 29
27 31
27 32
27 41
27 51
27 83
28 30
28 35
28 37
28 42
28 54
28 66
28 86
28 96
28 99
29 54
29 63
29 85
30 62
31 53
31 56
31 60
31 65
31 95
32 40
32 73
32 80
32 85
32 93
33 42
33 44
33 80
33 83
34 38
34 42
34 65
34 93
35 43
35 54
35 60
35 89
35 92
35 98
36 48
36 70
36 75
37 44
37 68
37 74
38 40
38 44
38 45
38 55
38 60
38 93
39 41
40 66
40 92
41 60
41 67
41 74
41 97
43 44
43 46
43 94
44 54
44 71
44 74
44 82
44 85
45 89
45 92
45 93
45 98
46 56
46 66
47 66
47 84
47 88
47 92
49 56
49 73
49 93
49 96
49 99
50 52
50 67
50 77
50 80
50 92
51 62
51 69
51 85
52 62
52 64
52 90
52 92
53 68
53 78
53 89
54 98
55 63
55 69
55 76
55 78
55 84
56 82
56 86
56 88
57 67
57 83
58 90
58 91
58 96
59 71
59 82
59 97
60 70
60 86
60 87
61 72
61 75
61 82
61 86
61 91
61 96
62 67
64 69
64 78
64 79
65 97
66 81
67 74
68 70
68 77
68 84
68 85
69 99
71 98
72 93
73 88
75 94
76 84
76 90
79 93
80 88
81 82
82 84
83 90
84 87
85 94
87 88
89 96
90 97
91 92
92 99
94 99
