100 486
9 15 31 6 18 20 31 23 23 10 13 5 0 10 19 23 7 31 7 19 6 24 12 30 13 24 23 11 1 31 16 12 8 21 13 31 12 14 26 12 0 24 2 6 28 3 10 19 7 0 29 7 29 25 4 25 19 24 1 1 30 2 6 27 29 11 0 21 8 22 28 16 15 16 22 15 12 27 17 5 12 27 20 14 13 1 2 4 25 19 3 10 19 11 12 15 5 30 27 26 
0 10
0 14
0 15
0 19
0 31
0 67
0 74
0 96
0 99
1 18
1 31
1 35
1 43
1 46
1 51
1 61
1 72
1 76
2 7
2 25
2 35
2 42
2 43
2 51
2 57
2 59
2 76
2 77
2 85
2 91
2 92
3 9
3 13
3 46
3 58
3 75
3 87
3 93
4 23
4 28
4 35
4 38
4 50
4 60
4 68
4 73
4 76
4 81
4 85
4 86
5 14
5 23
5 38
5 42
5 55
5 56
5 63
5 68
5 75
5 89
5 91
5 93
5 97
5 98
6 35
6 59
6 71
6 83
6 91
6 95
7 9
7 42
7 45
7 56
7 97
8 16
8 26
8 30
8 50
8 52
8 65
8 70
8 80
8 84
8 91
9 17
9 53
9 62
9 63
9 81
9 87
9 97
10 15
10 17
10 29
10 32
10 49
10 61
10 69
10 72
10 92
10 99
11 30
11 49
11 53
11 62
11 63
11 65
11 75
11 77
11 79
11 80
11 82
11 98
11 99
12 17
12 23
12 35
12 49
12 56
12 57
12 74
12 81
12 82
13 28
13 29
13 97
14 18
14 25
14 37
14 40
14 41
14 81
14 94
15 24
15 74
15 88
15 89
15 97
16 32
16 33
16 36
16 37
16 81
16 82
17 26
17 32
17 34
17 36
17 42
17 63
17 66
17 67
17 97
18 23
18 44
18 48
18 62
19 21
19 52
19 54
19 67
19 72
19 81
19 91
19 94
20 21
20 25
20 30
20 48
20 49
20 50
20 85
20 92
20 95
21 29
21 68
21 83
22 40
22 45
22 49
22 56
22 58
22 63
22 66
22 86
23 28
23 36
23 69
23 71
23 76
23 80
23 82
23 91
24 41
24 49
24 50
24 53
24 82
24 87
24 96
25 54
25 56
25 82
25 95
26 41
26 48
26 50
26 69
26 93
27 30
27 35
27 37
27 39
27 51
27 72
27 73
27 89
27 90
28 36
28 55
28 57
28 60
28 87
28 99
29 32
29 42
29 55
29 78
30 43
30 46
30 48
30 55
30 58
30 95
30 96
30 98
31 42
31 43
31 46
31 55
31 57
31 66
31 77
31 78
31 82
31 86
32 39
32 44
32 49
32 58
32 73
32 76
32 93
32 97
33 47
33 53
33 54
33 66
33 79
33 82
33 88
33 90
33 93
33 99
34 65
34 76
35 47
35 51
35 53
35 64
35 69
35 70
35 93
36 53
36 67
36 84
37 47
37 48
37 53
37 60
37 61
37 70
37 78
37 80
37 87
37 90
37 95
38 43
38 53
38 58
38 73
38 84
38 89
38 90
38 95
39 40
39 45
39 49
39 62
39 77
39 78
39 80
39 81
39 92
39 94
40 64
40 79
40 83
41 47
41 82
41 92
43 45
43 49
43 54
43 56
43 73
43 75
43 78
43 84
44 54
44 57
44 62
44 74
44 82
44 90
44 92
45 46
45 48
45 52
45 55
45 66
45 77
45 78
45 88
46 48
46 49
46 61
46 67
46 72
46 74
46 76
46 77
46 81
46 86
46 97
47 54
47 91
48 52
48 68
48 77
48 78
48 80
49 50
49 62
49 76
49 79
49 85
49 89
49 93
49 96
50 65
50 70
50 76
50 85
51 58
51 66
51 70
51 72
51 77
52 60
52 68
52 82
52 94
53 55
53 78
54 68
54 78
54 80
54 87
54 88
55 78
55 86
56 60
56 71
56 73
56 83
56 90
57 61
57 87
57 92
58 71
59 65
59 83
59 96
59 97
59 99
60 70
60 73
60 93
61 67
61 75
61 76
61 92
61 97
62 66
62 70
62 77
62 79
62 92
63 68
63 85
63 86
64 84
64 86
64 88
64 95
64 98
65 89
65 94
65 98
66 82
66 86
66 87
66 90
67 73
67 95
69 75
69 85
69 90
70 79
70 80
70 93
71 82
71 84
71 91
71 95
71 97
72 73
72 79
72 81
72 94
72 99
73 89
73 96
73 97
74 98
75 84
76 99
77 83
77 89
77 96
77 97
77 98
78 89
78 90
80 81
80 92
81 82
81 90
81 93
82 91
82 97
83 85
83 87
83 95
84 89
84 92
84 96
85 96
85 97
86 88
86 91
86 99
87 93
87 94
87 98
89 97
89 98
89 99
90 91
94 98
96 97
96 98
97 98
97 99
