100 300
6 30 25 2 28 20 21 31 22 20 7 13 2 15 18 7 5 1 0 13 18 27 21 12 23 20 14 4 4 17 27 15 22 28 13 13 5 19 3 14 6 16 2 29 28 12 2 28 21 16 4 4 26 21 3 7 2 9 0 16 29 21 7 6 17 0 21 20 2 21 22 27 23 25 7 9 25 1 1 24 8 30 30 17 13 9 11 15 6 1 15 17 19 7 27 4 30 11 18 30 
0 30
0 36
0 52
0 59
0 79
0 99
1 32
1 39
1 62
1 69
1 80
1 96
2 6
2 14
2 15
2 58
2 66
2 98
3 19
3 24
3 57
3 60
3 83
3 92
4 8
4 19
4 22
4 35
4 40
4 93
4 94
5 7
5 10
5 34
5 44
5 61
5 85
6 15
6 21
6 43
6 58
6 66
7 16
7 34
7 44
7 49
7 61
7 85
8 62
9 31
9 32
9 48
9 62
9 69
9 86
10 34
10 44
10 45
10 67
10 76
11 12
11 20
11 25
11 33
11 73
11 77
12 16
12 20
12 33
12 47
12 51
13 66
13 90
14 15
14 64
14 65
14 66
14 98
15 64
15 66
15 98
16 47
16 51
16 61
16 85
17 52
17 79
17 81
17 84
17 89
17 90
17 91
18 28
18 37
18 55
18 63
18 78
18 95
19 35
19 83
19 92
19 93
20 33
20 47
20 51
20 73
21 43
21 50
21 58
21 75
21 91
22 35
22 40
22 49
22 80
22 93
22 94
23 58
24 57
24 60
24 82
24 83
24 97
25 64
25 65
25 73
25 77
25 89
25 98
26 28
26 31
26 46
26 48
26 55
26 70
26 88
26 89
27 41
27 42
27 53
27 54
27 68
27 72
28 55
28 70
28 78
28 88
29 47
30 36
30 38
30 49
30 52
30 59
30 99
31 32
31 48
31 86
31 88
32 62
32 69
32 86
33 51
33 73
33 77
34 44
34 45
34 46
34 67
35 40
35 92
35 93
36 38
36 74
36 97
36 99
37 42
37 54
37 63
37 72
37 95
38 74
38 82
38 97
38 99
39 40
39 62
39 80
39 94
39 96
40 80
40 94
41 53
41 67
41 68
41 72
41 76
42 53
42 54
42 63
42 72
43 50
43 58
43 66
43 75
44 45
44 61
45 67
45 68
45 76
46 53
47 51
47 61
47 85
48 70
48 86
48 88
49 74
49 97
50 75
50 81
50 84
50 91
51 85
52 56
52 59
52 79
52 90
53 68
53 72
53 76
54 63
54 72
54 95
55 70
55 78
55 95
56 63
57 60
57 74
57 82
57 97
58 66
58 75
59 79
59 89
59 90
59 99
60 82
60 83
60 92
61 85
62 69
62 71
62 96
63 71
63 78
63 87
63 95
64 65
64 77
64 98
65 73
65 77
65 98
66 87
67 68
67 76
68 76
69 86
69 96
70 78
70 88
71 76
71 79
71 89
71 94
73 77
74 82
74 97
74 99
75 81
75 91
78 87
78 95
79 84
79 90
80 94
80 96
81 84
81 90
81 91
82 97
83 92
83 93
84 90
84 91
86 88
87 94
92 93
94 96
