50 148
2 4 5 5 3 4 2 6 5 3 6 3 7 6 5 1 0 3 0 4 6 1 7 1 3 4 4 6 7 0 6 2 3 1 7 3 1 2 5 3 7 0 6 7 0 5 4 3 0 5 
0 1
0 2
0 14
0 21
0 22
0 30
0 36
0 37
1 3
1 7
1 22
1 26
1 38
1 42
2 14
2 22
2 26
2 44
2 46
3 17
3 31
3 34
3 39
4 18
4 21
4 29
4 37
5 23
5 46
6 27
6 41
6 42
7 8
7 18
7 20
7 23
7 29
7 30
7 35
7 36
8 28
8 29
8 30
8 32
8 36
8 38
9 12
9 13
9 17
9 22
9 23
9 26
9 27
9 42
9 46
10 11
10 15
10 18
10 33
10 34
10 43
10 45
11 12
11 20
11 24
11 34
11 37
11 43
12 14
12 17
12 20
12 24
12 33
13 19
14 20
14 24
14 27
14 28
14 33
14 42
15 41
16 19
16 21
16 23
16 26
17 20
17 37
17 40
17 41
18 21
18 28
18 29
18 33
19 24
19 26
19 30
19 48
20 24
20 34
20 49
21 38
21 43
22 26
22 31
22 33
22 48
23 39
24 25
24 33
24 46
24 47
25 44
25 47
26 36
26 44
26 49
27 33
27 37
27 42
27 46
28 29
28 32
28 35
28 36
28 43
29 30
29 32
29 43
30 36
31 44
31 46
31 48
32 34
32 40
33 36
33 40
33 42
33 46
34 43
36 40
37 39
38 47
39 48
41 49
42 46
42 48
45 49
46 48
