100 276
19 13 6 28 3 31 20 12 31 30 30 18 8 12 0 8 28 2 12 14 5 24 15 14 20 17 18 10 11 31 6 24 3 4 2 11 8 7 8 11 19 18 20 28 29 2 24 30 22 3 28 3 10 0 4 25 31 3 29 8 2 25 3 22 20 2 20 20 20 11 26 15 0 15 17 4 28 10 15 12 0 19 5 20 10 28 14 22 29 2147483665 1 14 9 14 30 23 19 9 14 25 
0 7
0 26
0 28
0 29
0 35
0 41
0 51
0 61
0 66
0 73
0 89
0 95
1 8
1 9
1 30
1 35
1 39
1 69
1 89
2 16
2 29
2 70
2 79
3 22
3 23
3 48
3 72
3 89
4 15
4 48
4 49
4 89
4 98
5 60
5 63
5 78
5 89
5 90
6 14
6 30
6 33
6 92
7 25
7 34
7 58
7 67
7 81
7 89
7 94
8 34
8 89
8 94
9 55
9 69
10 29
10 30
10 71
10 79
10 83
10 89
11 17
11 76
11 96
12 15
12 19
12 24
12 33
12 56
13 31
13 58
14 31
14 58
14 73
15 21
15 44
15 74
15 89
16 38
16 59
16 68
16 72
16 85
16 88
17 18
17 22
17 26
17 72
18 47
18 71
18 85
18 99
19 62
19 65
20 21
20 74
20 89
21 80
21 89
21 98
22 26
22 54
22 59
22 99
23 47
23 71
23 84
23 89
23 99
24 28
24 39
24 40
24 56
24 89
25 26
25 27
25 62
25 81
25 86
25 89
26 41
26 53
26 89
27 34
27 46
27 53
27 84
27 89
28 45
28 49
28 81
28 89
28 94
29 38
29 64
30 38
30 59
30 61
30 89
31 34
31 92
32 85
33 35
33 68
34 48
34 69
34 89
34 95
35 44
35 92
35 97
36 71
36 77
36 83
36 84
36 89
37 75
37 87
37 97
38 55
38 68
39 67
39 89
39 94
40 42
40 67
40 81
40 89
41 65
41 73
41 86
41 89
42 62
42 86
42 89
43 52
43 67
43 83
44 49
44 50
44 89
45 51
45 70
45 73
45 89
46 62
46 69
46 72
46 89
47 52
47 70
47 72
47 82
47 89
48 54
48 71
48 89
48 92
49 89
49 91
50 74
50 75
50 89
50 95
51 76
51 89
51 94
53 59
53 74
53 89
53 95
54 83
54 93
55 61
55 88
56 67
56 70
56 78
56 79
56 89
57 73
58 92
58 95
58 97
59 60
59 78
59 79
59 89
60 61
60 88
60 89
61 83
61 89
61 96
62 67
62 89
63 68
63 88
67 69
67 89
68 70
68 78
69 85
69 89
69 97
71 74
71 83
71 89
72 75
72 89
73 81
73 89
74 89
74 99
76 90
77 81
77 83
77 87
78 89
79 89
81 86
81 89
82 84
82 85
82 89
83 99
84 87
84 89
85 87
86 89
87 99
89 94
89 95
89 98
90 94
90 96
91 93
