70 137
13 1 14 13 11 14 0 11 15 11 9 12 13 14 13 13 15 2 0 1 8 0 8 15 12 11 15 4 7 15 15 11 2 8 14 4 13 2 12 5 9 14 2 7 11 5 13 9 7 0 8 2 11 13 11 2 0 8 6 11 1 13 5 7 5 8 4 5 12 0 
0 35
0 39
0 45
0 46
0 52
0 67
1 9
1 24
1 40
2 5
2 45
2 57
3 7
3 27
3 31
4 34
4 42
5 60
6 33
6 44
7 10
7 34
7 43
7 64
7 67
8 40
8 45
8 56
9 64
10 17
10 26
10 60
10 64
11 31
11 45
11 50
12 27
12 37
12 43
12 59
13 15
13 46
13 57
13 60
13 64
13 67
14 19
14 30
14 35
14 47
14 48
14 66
15 21
15 24
15 40
15 41
15 68
15 69
16 18
16 65
16 66
17 29
17 67
17 68
18 38
18 64
19 24
19 47
20 38
20 44
20 63
21 34
21 35
21 36
21 58
21 62
21 66
21 67
22 25
22 29
22 33
22 49
23 28
23 29
24 65
25 57
25 67
27 49
28 67
28 69
29 43
29 64
30 35
30 65
31 53
31 68
32 42
32 43
32 68
33 57
34 44
34 45
34 63
35 38
35 65
36 42
36 68
37 52
38 40
38 45
39 51
41 44
41 48
42 44
42 62
43 61
43 63
44 66
46 56
46 61
47 51
48 68
49 59
52 55
52 61
52 65
53 54
53 56
53 61
53 69
55 57
55 59
56 60
58 63
58 69
64 65
68 69
