90 398
3 3 13 12 2 14 11 11 11 8 1 9 5 7 11 4 7 0 12 0 10 13 0 3 0 4 8 14 1 2 11 8 10 3 0 3 6 14 15 13 4 2 6 4 12 7 15 13 15 13 6 11 7 12 14 11 4 4 8 0 12 13 12 4 14 6 14 5 7 9 11 1 2 4 4 15 4 3 14 15 4 14 1 8 8 7 6 15 14 13 
0 9
0 18
0 26
0 27
0 56
0 81
0 83
1 2
1 7
1 8
1 15
1 28
1 42
1 65
1 75
1 79
1 80
2 3
2 6
2 13
2 28
2 30
2 44
2 75
2 77
2 80
3 5
3 7
3 10
3 18
3 23
3 36
3 56
3 62
3 69
4 7
4 34
4 39
5 25
5 30
5 34
5 36
5 69
5 78
5 81
6 8
6 30
6 34
6 37
6 38
6 49
6 68
6 69
6 77
6 78
6 80
7 9
7 17
7 28
7 31
7 42
7 65
7 66
7 81
7 83
8 28
8 74
8 77
8 80
8 87
9 20
9 23
9 27
9 42
9 61
9 65
9 75
9 83
10 13
10 18
10 23
10 25
10 40
10 43
10 53
10 58
10 69
11 23
11 25
11 33
11 35
11 54
11 70
11 71
11 72
12 14
12 19
12 30
12 37
12 40
12 46
12 48
12 63
12 67
12 71
13 31
13 37
13 38
13 46
13 57
13 86
13 87
13 88
14 19
14 20
14 33
14 63
14 67
14 70
14 71
14 72
15 22
15 39
15 53
15 58
15 59
15 66
15 84
15 88
16 30
16 43
16 70
16 82
16 84
16 89
17 32
17 51
17 52
17 54
17 61
17 79
18 27
18 35
18 56
18 58
18 64
18 83
18 88
19 34
19 46
19 48
19 57
19 63
20 22
20 34
20 49
20 62
20 67
20 78
20 89
21 24
21 26
21 32
21 42
21 45
21 54
21 64
21 68
21 73
21 85
22 39
22 49
22 68
22 70
22 72
22 84
22 88
22 89
23 25
23 47
23 58
23 72
23 82
24 50
24 57
24 59
24 64
24 66
24 85
25 36
25 55
25 58
25 66
25 82
26 27
26 44
26 69
26 81
26 83
26 84
27 41
27 42
27 56
27 81
27 83
28 38
28 75
28 80
28 84
29 33
29 39
29 42
29 49
29 75
29 77
29 78
29 88
29 89
30 34
30 37
30 42
30 44
30 46
30 49
30 74
30 78
30 89
31 51
31 52
31 61
31 75
31 79
31 86
31 89
32 41
32 45
32 49
32 52
32 54
32 61
32 73
32 81
33 63
33 67
33 71
33 72
33 82
33 88
34 35
34 44
34 45
34 49
34 50
34 71
34 77
34 78
35 47
35 58
35 69
36 49
36 58
36 59
36 60
36 69
36 76
36 82
36 89
37 45
37 46
37 48
37 57
37 86
37 87
38 43
38 49
38 51
38 79
38 88
39 41
39 47
39 49
39 78
39 82
39 84
41 60
41 65
41 68
41 78
42 52
42 65
42 75
42 81
42 83
43 76
43 79
44 56
44 73
44 74
44 78
45 50
45 54
45 64
45 73
45 85
46 48
46 57
46 63
46 87
47 59
47 62
47 66
47 79
47 84
47 88
48 55
48 57
48 63
48 67
48 74
48 87
49 60
49 61
49 67
49 74
49 89
50 62
51 52
51 54
51 65
51 79
51 86
52 54
52 68
52 73
52 79
53 59
53 62
53 64
53 85
54 61
54 73
55 60
55 71
55 75
55 76
56 69
56 81
57 77
57 86
57 87
58 75
58 82
58 88
59 62
59 66
59 85
60 80
61 68
61 73
61 78
62 64
62 66
62 85
63 67
63 71
63 78
64 65
64 73
64 85
65 75
65 80
65 83
66 68
66 84
67 70
67 71
69 85
70 71
70 82
71 72
72 88
73 84
74 75
74 85
74 89
75 80
77 80
77 84
78 89
79 86
79 87
80 86
81 83
82 89
84 89
86 88
87 88
88 89
