50 109
7 0 2 7 7 6 4 1 3 4 2 7 6 3 1 5 0 0 2 0 7 7 7 4 5 1 4 4 5 0 2 0 4 6 7 1 4 5 6 6 7 4 4 3 2 1 0 1 2 3 
0 13
0 18
0 35
0 49
1 7
1 8
1 13
1 14
1 37
1 49
2 3
2 8
2 30
2 40
2 41
3 23
3 24
3 29
3 48
4 5
4 10
4 46
4 47
4 48
5 23
6 18
6 22
6 49
7 9
7 16
7 29
7 46
7 48
8 9
9 25
9 27
9 28
9 30
9 38
9 40
10 14
10 20
10 34
10 37
10 42
11 17
11 31
11 41
12 24
12 32
12 43
13 24
13 29
13 44
14 21
14 22
14 46
15 25
15 26
15 31
15 34
15 42
16 17
16 18
16 28
16 49
17 19
17 22
17 39
17 46
18 29
18 35
18 36
19 21
20 21
20 23
20 40
22 34
22 44
22 49
24 26
24 33
24 37
25 26
25 27
25 39
25 46
25 47
26 34
27 29
27 31
27 37
27 44
28 35
28 36
28 39
29 40
30 33
30 47
30 48
31 43
32 35
32 45
32 46
34 35
35 43
36 40
37 48
41 43
