60 89
13 6 1 7 10 12 6 4 13 13 2 6 15 7 1 11 9 10 10 0 0 15 6 4 5 15 10 9 9 10 9 11 12 2 13 0 7 10 6 7 15 9 4 5 4 7 1 9 12 4 6 7 13 12 7 5 11 15 15 9 
0 30
1 48
2 9
2 56
3 24
4 10
4 36
4 39
4 48
5 33
6 10
6 17
7 40
7 57
8 20
8 38
8 42
8 44
8 56
8 58
9 20
9 37
9 53
9 54
10 23
10 29
10 30
11 26
12 20
13 26
13 34
13 39
13 52
13 56
14 16
14 20
14 22
14 52
15 22
16 32
17 47
18 29
18 53
19 46
20 29
20 50
21 33
21 56
22 24
22 46
22 47
22 51
22 53
22 57
22 58
22 59
24 30
24 41
24 42
24 45
25 31
26 28
26 38
27 29
27 31
27 34
28 58
29 35
29 44
29 52
30 34
30 42
30 57
30 58
31 48
33 52
34 55
35 48
36 54
40 48
41 57
41 58
42 50
43 59
44 49
44 52
45 46
49 54
56 57
