60 126
1 12 0 8 1 1 13 14 11 10 4 10 1 0 13 13 13 14 14 14 3 1 3 0 3 10 2 8 13 4 3 4 9 15 10 8 9 1 0 13 5 13 0 14 1 6 14 13 8 9 7 0 15 9 9 8 13 1 4 0 
0 7
0 9
0 12
0 13
1 8
1 26
1 27
1 35
1 43
1 48
2 58
3 16
3 18
3 29
3 50
4 6
4 9
4 10
4 17
4 46
5 23
5 33
5 39
5 41
5 48
5 56
5 59
6 17
7 26
7 27
7 46
7 53
8 35
8 56
8 57
10 33
10 41
10 50
11 31
11 47
12 16
12 25
12 30
12 36
12 40
12 47
13 15
13 44
13 51
14 25
14 34
14 51
14 53
15 24
15 33
15 41
16 51
16 57
17 32
17 35
18 30
18 54
19 30
19 49
19 51
19 55
19 59
20 21
20 23
20 29
20 33
20 34
20 48
21 39
21 46
21 49
21 52
22 45
22 58
23 53
24 28
24 32
24 38
24 42
24 51
25 26
25 40
25 59
26 54
27 31
27 36
27 38
27 47
27 59
28 38
28 43
29 49
29 54
30 31
30 35
30 37
30 40
31 36
31 57
33 53
33 56
34 46
34 52
37 48
39 40
39 42
39 51
41 44
42 54
42 55
44 49
45 57
46 48
47 50
47 58
48 58
49 54
50 51
50 57
51 58
57 59
