40 98
3 5 6 6 4 3 0 5 5 7 1 3 3 4 5 1 1 3 6 6 4 4 1 0 5 7 7 5 1 6 7 3 6 5 4 3 4 5 4 2 
0 6
0 22
0 25
0 27
0 34
1 7
1 13
1 23
2 9
2 16
2 17
2 22
2 33
2 35
3 15
3 18
3 21
3 27
3 33
3 35
4 6
4 14
4 16
4 19
4 20
4 28
4 29
5 10
5 15
5 21
5 22
5 26
5 32
5 35
6 9
6 21
6 22
6 27
6 33
7 11
7 12
7 30
7 31
8 16
8 21
8 23
8 27
8 39
9 11
9 14
9 17
9 33
10 13
10 20
10 26
10 30
10 38
10 39
11 13
11 18
11 21
12 15
12 18
12 24
12 34
13 14
13 28
14 24
14 37
15 24
15 30
15 38
16 22
17 18
17 24
17 33
17 34
18 36
19 37
19 38
20 22
20 32
21 28
21 30
21 31
23 28
23 30
23 39
24 26
25 28
25 32
25 37
28 32
29 37
29 38
32 39
33 35
35 38
