80 119
6 9 14 6 2 14 11 10 12 13 8 7 4 1 2 8 15 5 15 15 13 0 12 6 9 4 8 1 4 3 15 15 3 11 10 9 2 6 12 7 3 11 5 9 11 3 11 0 13 11 9 8 13 7 6 10 0 0 0 8 14 13 15 14 9 11 3 8 15 2 15 3 7 6 6 15 11 15 0 13 
0 17
0 57
0 63
1 3
1 15
1 26
1 43
1 66
2 46
2 59
3 37
3 71
3 72
4 32
4 60
4 75
5 40
5 45
5 69
5 71
6 69
7 19
7 34
8 49
8 55
8 67
8 71
9 51
10 16
10 68
11 23
11 67
12 20
12 41
13 25
13 30
13 54
13 70
14 50
15 47
15 60
16 66
16 68
17 24
17 36
17 58
18 19
18 52
19 21
19 58
19 72
20 21
20 22
20 24
20 36
20 38
20 70
21 29
21 69
22 36
23 43
23 49
23 74
24 31
24 46
24 72
25 36
25 50
25 69
25 75
26 67
26 71
27 37
28 60
28 78
29 56
31 68
32 64
33 36
33 37
33 39
34 36
34 38
35 65
35 78
36 68
36 69
36 76
38 42
38 61
39 48
41 69
44 60
44 63
44 65
46 60
48 50
48 58
49 67
49 73
50 69
51 57
51 74
51 75
53 60
53 71
56 79
58 66
60 74
61 65
61 73
62 71
64 73
66 72
69 72
70 75
73 76
75 76
77 79
