70 209
13 0 12 11 1 4 11 11 14 15 3 6 4 15 9 6 10 14 14 1 1 4 13 8 10 2 4 1 12 7 2 12 12 1 7 11 2 7 1 0 14 14 4 4 1 12 12 9 7 10 4 14 5 9 11 9 7 0 3 4 12 9 14 2 3 1 4 9 0 0 
0 6
0 9
0 54
0 60
0 63
1 22
1 38
2 16
2 52
2 59
3 4
3 5
3 14
3 15
3 30
3 31
3 33
3 41
3 51
3 57
4 14
4 30
4 33
4 44
4 51
4 53
5 7
5 30
5 50
6 11
6 17
6 37
6 46
6 47
6 55
7 13
7 16
7 32
7 37
7 46
7 49
7 66
7 68
8 31
8 41
8 43
8 64
9 20
9 21
9 25
9 27
9 29
9 38
9 52
10 11
10 17
10 24
10 31
10 35
10 69
11 20
11 45
11 47
12 18
12 21
12 39
12 44
12 64
13 37
13 62
13 65
13 66
13 68
14 15
14 30
14 41
14 48
14 49
14 58
15 21
15 22
15 38
16 32
16 37
16 42
16 54
16 57
16 68
17 20
17 26
17 65
17 69
18 21
18 37
18 38
18 55
18 59
19 27
19 28
19 34
19 40
19 43
19 52
19 64
20 68
21 25
21 29
21 38
21 42
21 52
21 67
22 25
22 36
22 51
23 31
23 54
23 58
23 69
24 42
25 27
25 38
25 43
25 52
26 59
26 68
27 28
27 43
27 52
28 34
28 36
28 40
28 43
28 58
28 61
29 32
29 38
29 42
29 54
30 41
30 48
30 51
31 36
31 50
31 69
32 42
32 54
32 63
32 68
33 45
33 51
33 53
33 56
33 60
33 63
34 40
34 43
34 48
34 49
34 58
35 49
35 69
36 46
37 50
37 65
37 66
37 68
38 42
38 54
39 45
39 61
40 41
40 48
40 58
40 59
41 48
41 58
42 54
43 47
43 52
44 57
44 61
45 46
45 53
45 56
45 62
45 65
45 66
46 61
47 52
48 58
49 55
49 57
50 60
51 53
51 56
53 56
53 57
53 62
54 68
56 62
56 65
60 66
61 63
62 65
62 66
63 64
63 67
65 66
66 67
