70 105
5 14 1 7 11 14 8 1 7 5 12 5 4 1 3 3 10 15 7 7 5 11 15 2 8 3 6 15 15 7 7 2 7 13 7 14 6 14 11 6 10 5 4 2 7 3 13 14 8 14 2 6 15 7 4 1 8 2 14 14 9 9 4 3 14 14 6 13 10 13 
0 6
0 16
1 55
2 16
2 60
3 8
3 44
3 67
4 62
5 16
5 28
5 41
6 11
6 42
6 66
7 31
7 57
8 67
9 37
9 58
9 63
10 22
10 68
11 26
11 27
11 56
12 23
12 26
12 36
12 37
12 57
13 44
13 52
14 17
14 62
14 67
15 30
15 35
15 49
15 57
15 64
16 23
16 57
17 30
17 59
18 62
18 65
19 35
19 52
20 45
20 63
21 45
22 29
23 25
23 35
23 57
24 39
24 43
24 59
25 33
25 45
25 50
26 28
26 53
26 56
27 31
28 33
29 51
29 58
31 35
32 52
33 41
33 69
34 49
34 57
34 67
35 38
35 63
37 44
38 40
39 49
39 56
40 52
40 61
41 51
41 60
41 62
42 57
43 60
44 55
44 60
44 67
44 69
45 54
46 50
46 66
47 62
48 65
49 67
51 59
53 69
55 66
57 65
58 69
67 68
