100 444
6 10 23 0 3 6 22 13 24 20 15 13 31 9 28 20 17 24 2 1 21 15 0 6 31 4 17 0 18 31 29 19 0 12 0 16 7 1 31 4 18 8 2 16 24 22 0 5 3 25 21 19 0 22 0 8 8 6 14 17 29 13 11 13 10 7 23 19 12 27 23 20 29 24 17 11 14 12 0 8 20 10 10 20 17 20 23 23 6 22 3 22 16 4 5 12 13 13 5 31 
0 11
0 23
0 30
0 37
0 40
0 53
0 60
0 63
0 78
0 84
0 87
1 27
1 28
1 35
1 68
1 69
1 83
1 88
1 93
2 10
2 15
2 32
2 52
2 55
2 69
2 73
2 75
2 92
3 14
3 71
4 34
4 38
4 41
4 47
4 51
4 74
4 81
4 85
4 95
4 97
5 12
5 24
5 29
5 32
5 54
5 78
5 85
5 92
6 7
6 20
6 22
6 62
6 74
6 79
6 81
6 85
6 86
7 20
7 31
7 42
7 51
7 55
7 59
7 71
7 74
7 77
7 87
7 97
7 98
8 10
8 38
8 45
8 51
8 61
8 66
9 22
9 24
9 26
9 41
9 63
9 74
9 78
10 14
10 15
10 32
10 43
10 64
10 69
10 72
10 74
10 92
10 98
11 25
11 32
11 33
11 37
11 40
11 63
11 64
11 68
11 84
11 93
12 14
12 16
12 18
12 65
12 73
12 94
13 23
13 31
13 32
13 54
13 76
13 90
14 21
14 34
14 47
14 51
14 61
14 73
14 74
15 20
15 39
15 42
15 43
15 56
15 69
15 77
15 80
15 84
15 92
15 98
16 18
16 27
16 28
16 30
16 35
16 44
16 49
16 61
16 66
16 83
17 28
17 48
18 19
18 21
18 27
18 30
18 36
18 49
18 64
18 69
18 79
18 94
18 95
18 98
19 30
19 98
20 22
20 29
20 65
20 81
20 89
20 91
21 47
21 51
21 54
21 56
21 57
21 61
21 73
21 80
21 81
21 82
21 92
22 46
22 53
22 78
22 86
22 91
22 96
23 29
23 38
23 63
23 78
23 84
23 86
23 95
24 29
24 34
24 51
24 59
24 75
24 85
24 95
24 97
25 28
25 33
25 34
25 67
25 81
25 98
26 35
26 37
26 40
26 55
26 63
26 65
26 70
26 78
26 80
26 83
26 93
26 99
27 28
27 45
27 49
27 83
27 92
27 94
28 35
28 41
28 48
28 49
28 58
28 83
28 88
28 94
29 78
29 84
29 85
29 97
30 67
30 70
30 72
31 75
32 33
32 39
32 56
32 63
32 78
32 90
32 96
33 37
33 40
33 44
33 46
33 63
33 78
33 84
33 90
34 47
34 51
34 75
34 80
34 97
34 98
35 43
35 48
35 49
35 88
36 47
36 57
36 64
36 67
36 73
36 79
37 40
37 45
37 55
37 63
37 83
37 88
37 98
37 99
38 56
38 75
38 82
39 42
39 59
39 62
39 74
39 85
39 92
39 98
40 48
40 63
40 83
40 93
40 94
41 46
41 59
41 60
41 61
41 75
41 79
42 46
42 47
42 59
42 62
42 74
42 92
42 95
42 98
43 46
43 53
43 63
43 88
43 96
44 45
44 52
44 64
44 68
44 69
44 71
44 74
44 82
44 98
45 46
45 52
45 64
45 65
45 71
45 83
45 93
45 99
46 48
46 53
46 68
46 96
47 51
47 75
47 79
47 97
48 53
48 68
48 76
48 88
49 51
49 54
49 72
49 73
49 82
49 83
49 99
50 58
50 70
50 89
50 93
51 66
51 67
51 73
51 75
51 80
52 60
52 69
52 71
52 92
52 99
53 86
53 91
53 96
54 55
54 67
54 90
54 91
55 60
55 73
55 92
56 72
57 62
57 85
57 89
57 90
58 62
59 64
59 74
59 75
59 77
59 98
61 69
61 73
61 74
61 80
62 65
62 77
62 91
62 96
63 79
63 93
64 69
64 70
64 74
64 90
64 92
64 93
65 74
65 77
65 86
66 71
67 70
67 76
67 78
67 89
68 88
68 91
68 96
69 71
69 92
70 90
70 98
71 83
71 99
72 97
73 80
73 87
73 94
74 77
74 98
75 80
75 90
75 95
75 97
77 92
77 98
78 85
81 92
82 89
82 90
83 93
83 99
84 85
84 89
84 91
84 93
85 97
86 91
86 95
86 96
87 97
90 95
91 96
93 99
95 97
