50 119
2 2 6 7 3 2 3 4 5 7 0 3 4 7 3 5 1 5 6 3 2 0 7 4 3 4 2 1 2 3 5 3 7 2 2 6 0 7 7 6 0 7 0 0 1 2 5 7 6 5 
0 1
0 8
0 13
0 15
0 34
0 44
0 46
1 3
1 24
1 37
2 5
2 31
2 33
2 42
3 7
3 11
3 23
3 31
3 32
3 35
4 11
4 13
4 19
4 43
4 49
5 21
5 24
5 31
5 42
5 47
6 41
6 42
6 45
7 16
7 24
8 21
8 24
8 37
8 43
8 46
8 48
8 49
9 15
9 18
9 22
9 38
10 11
10 15
10 21
10 24
10 26
10 31
11 23
11 26
11 30
11 32
12 30
12 39
13 19
13 35
14 29
14 33
14 48
15 23
15 36
15 43
16 18
16 21
16 29
16 40
16 43
17 21
17 31
17 33
18 34
19 44
20 37
20 45
21 31
21 33
21 46
22 23
22 27
22 40
23 26
23 42
23 44
23 46
24 30
24 36
25 30
25 45
26 28
26 31
26 43
27 32
27 41
27 49
28 36
31 34
31 43
31 46
32 36
33 34
33 37
34 46
35 41
35 42
36 45
37 46
40 43
40 47
41 43
42 45
43 44
43 46
45 48
45 49
46 49
