90 385
14 10 2 6 6 4 0 8 10 11 1 13 10 10 11 12 7 13 9 0 13 5 5 14 11 10 3 2 2 0 10 7 5 0 3 5 13 8 9 7 6 11 1 3 3 13 1 14 15 8 7 13 9 6 6 11 3 8 13 9 14 9 15 2 8 10 14 7 11 7 10 5 3 14 10 10 3 3 8 11 13 6 15 10 9 2 13 7 14 14 
0 18
0 21
0 27
0 51
0 73
0 83
1 9
1 37
1 41
1 47
1 61
1 68
1 73
1 76
2 26
2 29
2 33
2 36
2 53
2 57
2 67
2 71
2 84
3 52
3 71
4 15
4 31
4 32
4 36
4 55
4 63
4 64
5 6
5 15
5 35
5 36
5 49
5 50
5 59
5 65
5 67
5 69
5 74
5 75
5 78
6 7
6 13
6 37
6 59
6 78
6 84
7 16
7 34
7 36
7 59
7 60
7 73
7 75
7 81
7 89
8 12
8 13
8 16
8 43
8 46
8 48
8 67
8 76
8 77
8 80
8 82
9 31
9 57
10 11
10 15
10 18
10 27
10 36
10 41
10 61
10 62
10 66
10 76
10 83
11 31
11 33
11 77
11 88
11 89
12 15
12 21
12 41
13 19
13 66
13 67
13 77
14 23
14 36
14 49
14 51
14 58
14 59
14 82
15 20
15 86
16 26
16 30
16 69
16 78
16 80
16 81
16 87
17 20
17 43
17 70
17 73
17 88
18 50
18 56
18 76
18 78
18 79
18 81
18 85
19 24
19 43
19 49
19 55
19 63
19 73
19 74
19 79
19 82
20 32
20 45
20 69
20 81
20 89
21 25
21 31
21 37
21 57
21 71
22 42
22 46
22 51
22 53
22 80
23 35
23 43
23 48
23 52
23 56
23 59
23 77
24 33
24 43
24 52
24 57
24 58
24 59
24 62
24 70
25 39
25 41
25 50
25 64
25 65
25 79
25 82
25 83
25 85
25 88
26 29
26 38
26 41
26 43
26 46
26 47
26 48
26 51
26 70
26 80
26 89
27 30
27 54
27 57
27 63
27 64
28 35
28 43
28 50
28 60
28 64
28 71
28 79
28 86
28 88
29 39
29 49
29 53
29 61
29 71
29 86
30 36
30 39
30 55
30 60
30 67
30 69
30 78
30 82
30 83
30 84
32 33
32 65
32 72
32 80
32 82
33 36
33 37
33 41
33 56
33 62
33 68
33 69
33 79
33 82
33 85
34 41
34 51
34 52
34 64
34 68
35 45
35 48
35 57
35 60
35 73
35 76
35 80
35 86
35 88
36 40
36 47
36 79
36 85
36 89
37 38
37 43
37 44
37 47
37 64
37 66
37 78
37 82
37 86
38 50
38 51
38 66
38 74
38 77
39 40
39 43
39 49
39 54
39 56
39 59
39 65
39 70
39 72
39 81
39 83
39 88
40 41
40 62
40 66
40 85
40 88
41 43
41 47
41 61
41 82
42 57
42 58
42 61
42 65
42 71
42 88
43 44
43 46
43 50
43 63
43 70
43 71
43 84
44 55
44 57
44 65
44 66
44 75
44 84
45 68
45 72
46 48
46 76
46 77
47 56
47 66
47 67
47 73
47 82
48 52
48 62
48 65
48 84
48 88
49 55
49 60
49 78
50 58
50 60
50 61
50 67
51 56
53 75
53 78
53 83
53 85
54 60
54 65
54 89
55 56
55 74
56 66
56 89
57 82
58 59
58 62
58 68
58 77
58 88
59 67
59 75
60 61
60 69
60 79
61 66
61 85
62 64
62 65
62 80
62 88
63 69
63 73
63 76
63 83
64 82
65 69
65 84
66 84
67 84
68 73
68 75
69 77
71 74
71 83
72 89
73 75
73 83
74 76
74 89
75 76
75 88
76 86
77 87
78 85
78 88
79 83
80 88
82 88
83 87
86 87
86 89
88 89
