50 106
5 3 4 5 0 0 6 7 2 1 7 7 3 5 1 4 4 4 0 6 3 4 3 5 5 1 5 1 7 2 6 2 6 3 7 3 3 6 6 5 2 0 7 1 2 3 5 2 4 0 
0 8
0 31
0 44
0 45
1 4
1 17
1 18
1 37
1 39
1 48
2 22
2 24
2 33
2 36
2 43
3 10
3 14
3 22
3 43
3 46
4 19
4 44
4 45
4 48
5 23
5 27
5 44
5 49
6 26
6 36
7 30
7 35
7 40
8 21
8 23
8 49
9 13
9 18
9 33
10 12
10 14
10 16
10 22
10 43
10 48
11 31
12 25
12 44
12 49
13 26
13 31
14 19
14 30
14 43
14 48
15 34
15 39
16 22
16 25
16 29
16 30
16 44
16 48
18 31
18 45
19 22
20 32
21 35
21 42
21 49
22 48
22 49
23 31
23 49
24 25
24 47
25 26
25 32
25 35
25 36
26 36
27 30
27 32
27 37
27 48
28 33
28 42
30 40
30 42
30 48
31 37
31 41
32 37
33 35
34 39
34 42
37 44
37 47
37 48
38 42
39 40
41 49
43 47
43 48
44 47
44 48
