70 105
15 14 0 6 14 7 0 4 13 5 5 8 3 14 6 2 0 9 10 5 2 7 8 2 11 14 3 10 15 13 0 6 3 11 10 8 15 2 13 10 1 14 14 10 1 5 15 9 9 12 13 13 2 14 13 11 4 14 3 6 10 1 3 3 13 7 7 0 4 3 
0 12
0 13
0 45
0 50
1 33
1 38
1 55
2 34
2 39
2 45
3 23
3 25
3 36
3 37
3 54
4 28
4 34
4 39
4 61
5 6
5 30
6 22
6 27
6 33
6 49
7 39
7 45
7 46
7 53
8 36
9 13
9 31
9 62
10 19
10 46
11 12
11 42
11 49
11 53
12 47
13 30
14 34
14 38
14 43
14 61
15 52
15 56
15 67
16 29
16 41
17 51
17 58
18 36
18 41
18 42
18 49
19 22
20 30
20 37
21 24
21 42
22 25
22 46
22 68
23 42
23 45
23 51
23 53
24 25
26 31
26 39
27 35
28 40
29 33
29 59
30 41
30 49
30 69
32 43
32 68
36 69
38 44
38 69
39 52
40 50
40 60
41 57
41 60
42 66
44 54
44 60
44 61
47 64
48 53
49 55
49 59
49 65
50 51
50 66
51 55
51 56
54 58
57 63
60 69
64 68
