90 1419
7 1 1 2 6 2 14 8 4 2 10 1 3 4 8 9 7 1 1 9 13 4 13 12 14 11 1 0 4 11 5 13 1 13 10 0 15 14 1 1 15 15 15 11 7 9 11 11 12 8 15 11 8 6 14 4 14 10 8 13 1 11 13 10 6 8 12 5 11 9 6 8 13 1 0 4 9 2 8 11 11 15 15 13 0 4 12 11 14 6 
0 1
0 2
0 9
0 13
0 16
0 18
0 19
0 20
0 21
0 22
0 23
0 25
0 26
0 27
0 28
0 29
0 30
0 31
0 37
0 40
0 42
0 44
0 47
0 50
0 54
0 58
0 64
0 66
0 72
0 76
0 77
0 79
0 80
0 86
1 3
1 4
1 9
1 11
1 12
1 17
1 18
1 20
1 21
1 24
1 25
1 30
1 33
1 34
1 37
1 40
1 42
1 49
1 53
1 55
1 57
1 58
1 59
1 60
1 61
1 62
1 63
1 70
1 71
1 72
1 74
1 76
1 79
1 84
1 86
2 4
2 6
2 12
2 17
2 20
2 24
2 26
2 35
2 36
2 40
2 42
2 49
2 52
2 61
2 63
2 68
2 70
2 73
2 74
2 78
2 81
3 6
3 8
3 15
3 17
3 18
3 21
3 26
3 27
3 29
3 33
3 34
3 37
3 38
3 40
3 41
3 42
3 43
3 46
3 51
3 53
3 56
3 57
3 63
3 65
3 68
3 71
3 79
3 80
3 83
3 84
3 86
3 87
3 89
4 5
4 7
4 10
4 13
4 14
4 17
4 22
4 23
4 24
4 28
4 31
4 35
4 38
4 48
4 49
4 50
4 52
4 53
4 56
4 59
4 60
4 61
4 62
4 67
4 68
4 70
4 71
4 74
4 75
4 76
4 78
4 79
4 84
4 89
5 7
5 8
5 9
5 10
5 16
5 19
5 20
5 24
5 25
5 28
5 37
5 40
5 43
5 45
5 48
5 49
5 57
5 62
5 64
5 65
5 66
5 67
5 69
5 71
5 72
5 75
5 76
5 80
5 81
5 83
5 84
5 86
5 87
5 89
6 12
6 17
6 19
6 20
6 21
6 29
6 32
6 35
6 37
6 42
6 46
6 49
6 53
6 54
6 58
6 60
6 61
6 62
6 66
6 69
6 70
6 71
6 73
6 75
6 80
6 81
6 88
7 9
7 10
7 12
7 14
7 15
7 16
7 18
7 22
7 23
7 36
7 39
7 42
7 44
7 45
7 46
7 48
7 50
7 51
7 52
7 53
7 55
7 58
7 59
7 62
7 64
7 70
7 72
7 76
7 77
7 78
7 84
7 85
7 86
7 87
8 11
8 24
8 27
8 31
8 32
8 34
8 36
8 40
8 41
8 45
8 47
8 55
8 58
8 70
8 82
9 11
9 14
9 15
9 16
9 19
9 24
9 29
9 31
9 32
9 35
9 38
9 39
9 40
9 41
9 42
9 45
9 53
9 55
9 56
9 60
9 71
9 72
9 74
9 79
9 81
9 83
9 84
9 85
9 86
9 88
10 11
10 15
10 22
10 24
10 30
10 32
10 33
10 34
10 37
10 41
10 42
10 46
10 52
10 53
10 61
10 64
10 67
10 71
10 75
10 76
10 78
10 83
10 87
10 89
11 14
11 15
11 19
11 29
11 48
11 51
11 53
11 56
11 58
11 65
11 66
11 73
11 75
11 77
11 78
11 88
12 18
12 20
12 24
12 27
12 28
12 35
12 38
12 40
12 41
12 44
12 46
12 47
12 48
12 51
12 59
12 65
12 69
12 71
12 72
12 75
12 79
12 82
12 89
13 21
13 33
13 37
13 47
13 56
13 57
13 59
13 62
13 73
13 79
13 82
13 86
13 87
14 15
14 18
14 19
14 21
14 22
14 24
14 28
14 30
14 32
14 33
14 34
14 35
14 40
14 44
14 48
14 51
14 53
14 58
14 59
14 61
14 69
14 70
14 71
14 72
14 73
14 74
14 82
14 84
14 86
14 87
14 89
15 20
15 21
15 24
15 26
15 32
15 33
15 34
15 36
15 37
15 38
15 40
15 42
15 45
15 47
15 50
15 51
15 53
15 54
15 55
15 57
15 59
15 61
15 67
15 71
15 72
15 74
15 76
15 77
15 78
15 80
15 82
15 83
15 84
15 86
15 87
15 89
16 19
16 23
16 24
16 26
16 31
16 36
16 41
16 44
16 45
16 46
16 47
16 50
16 52
16 54
16 55
16 57
16 58
16 59
16 62
16 68
16 80
16 81
16 84
16 85
16 88
17 19
17 20
17 21
17 22
17 24
17 27
17 28
17 32
17 40
17 43
17 45
17 49
17 50
17 51
17 52
17 53
17 54
17 55
17 57
17 58
17 63
17 64
17 66
17 71
17 75
17 77
17 78
17 80
17 84
17 85
17 86
17 87
17 89
18 19
18 20
18 21
18 24
18 25
18 26
18 28
18 29
18 31
18 32
18 34
18 35
18 39
18 42
18 43
18 48
18 49
18 51
18 56
18 58
18 59
18 65
18 66
18 68
18 71
18 74
18 77
18 79
18 82
18 84
18 86
19 21
19 23
19 25
19 31
19 32
19 33
19 36
19 41
19 43
19 44
19 47
19 48
19 49
19 52
19 55
19 59
19 65
19 67
19 72
19 73
19 75
19 76
19 80
19 81
20 23
20 26
20 31
20 32
20 38
20 39
20 45
20 54
20 57
20 59
20 61
20 64
20 66
20 69
20 81
20 82
20 85
20 88
21 23
21 24
21 28
21 29
21 33
21 36
21 37
21 38
21 39
21 42
21 44
21 45
21 46
21 56
21 57
21 64
21 68
21 71
21 76
21 77
21 79
21 80
21 82
21 84
21 85
22 23
22 26
22 27
22 28
22 32
22 34
22 35
22 38
22 43
22 44
22 45
22 46
22 48
22 49
22 53
22 54
22 55
22 56
22 58
22 60
22 61
22 65
22 67
22 70
22 72
22 74
22 76
22 78
22 84
22 86
22 87
23 24
23 26
23 28
23 35
23 36
23 37
23 40
23 42
23 45
23 46
23 47
23 49
23 50
23 52
23 53
23 54
23 57
23 59
23 60
23 71
23 75
23 80
23 83
23 84
23 87
24 26
24 30
24 31
24 38
24 39
24 40
24 44
24 51
24 52
24 62
24 64
24 66
24 67
24 68
24 70
24 78
24 84
24 85
24 89
25 26
25 28
25 36
25 39
25 42
25 46
25 48
25 49
25 50
25 51
25 52
25 55
25 59
25 61
25 65
25 66
25 67
25 68
25 69
25 70
25 71
25 76
25 79
25 80
25 85
26 28
26 31
26 32
26 38
26 50
26 51
26 52
26 54
26 58
26 63
26 66
26 73
26 81
26 84
27 30
27 32
27 33
27 34
27 36
27 40
27 41
27 43
27 47
27 49
27 52
27 54
27 55
27 57
27 58
27 59
27 63
27 64
27 65
27 71
27 72
27 73
27 78
27 82
27 83
27 84
27 85
28 29
28 33
28 35
28 36
28 37
28 40
28 43
28 47
28 52
28 55
28 56
28 57
28 58
28 59
28 61
28 64
28 65
28 67
28 68
28 69
28 78
28 80
28 81
28 84
28 87
28 88
28 89
29 31
29 32
29 34
29 37
29 40
29 41
29 43
29 47
29 52
29 55
29 57
29 63
29 66
29 72
29 75
29 76
29 77
29 78
29 79
29 81
29 87
29 89
30 32
30 34
30 36
30 52
30 54
30 56
30 57
30 61
30 62
30 69
30 70
30 71
30 73
30 75
30 76
30 78
30 83
30 86
30 88
31 34
31 35
31 38
31 40
31 42
31 45
31 48
31 50
31 51
31 55
31 57
31 59
31 68
31 76
31 77
31 79
31 81
31 88
32 33
32 35
32 36
32 39
32 40
32 42
32 43
32 48
32 50
32 51
32 52
32 53
32 56
32 59
32 60
32 62
32 64
32 65
32 68
32 69
32 70
32 72
32 75
32 77
32 78
32 83
32 86
32 89
33 35
33 37
33 38
33 39
33 40
33 42
33 43
33 46
33 48
33 49
33 50
33 54
33 56
33 57
33 64
33 67
33 74
33 77
33 79
33 82
33 83
33 85
33 86
34 36
34 39
34 42
34 43
34 46
34 49
34 52
34 55
34 57
34 69
34 74
34 84
34 85
34 87
34 88
35 36
35 39
35 43
35 44
35 46
35 49
35 51
35 55
35 57
35 60
35 61
35 64
35 65
35 66
35 67
35 68
35 76
35 78
35 79
35 80
35 87
35 89
36 40
36 42
36 44
36 47
36 49
36 50
36 51
36 52
36 53
36 54
36 55
36 57
36 58
36 64
36 65
36 66
36 67
36 69
36 70
36 71
36 72
36 74
36 75
36 77
36 78
36 83
36 84
36 89
37 50
37 52
37 54
37 58
37 62
37 65
37 75
37 78
37 79
38 40
38 44
38 46
38 50
38 51
38 53
38 54
38 55
38 58
38 59
38 60
38 66
38 71
38 75
38 78
38 79
38 83
38 84
38 85
39 45
39 49
39 55
39 56
39 59
39 64
39 65
39 66
39 69
39 71
39 72
39 73
39 76
39 78
39 80
39 82
39 84
39 88
39 89
40 46
40 53
40 55
40 56
40 57
40 65
40 66
40 70
40 71
40 75
40 77
40 80
40 82
40 85
40 86
40 87
40 89
41 43
41 44
41 45
41 47
41 48
41 53
41 56
41 57
41 59
41 64
41 69
41 70
41 73
41 76
41 77
41 78
41 79
41 82
41 83
41 84
41 88
41 89
42 46
42 47
42 48
42 50
42 55
42 59
42 61
42 67
42 69
42 71
42 74
42 75
42 80
42 84
42 85
42 86
42 89
43 45
43 52
43 56
43 57
43 59
43 60
43 61
43 67
43 68
43 71
43 76
43 77
43 79
43 80
43 83
43 86
43 87
44 47
44 51
44 54
44 58
44 60
44 63
44 77
44 81
44 84
44 87
45 56
45 58
45 60
45 63
45 64
45 65
45 67
45 72
45 73
45 74
45 76
45 78
45 85
45 88
46 49
46 56
46 57
46 59
46 60
46 62
46 67
46 71
46 72
46 73
46 78
46 82
46 84
47 55
47 56
47 57
47 59
47 67
47 68
47 70
47 71
47 74
47 78
47 79
47 82
47 89
48 50
48 51
48 52
48 55
48 57
48 59
48 62
48 65
48 69
48 71
48 73
48 75
48 79
48 81
48 83
48 87
49 56
49 57
49 61
49 62
49 65
49 67
49 70
49 77
49 81
49 82
49 84
49 85
50 52
50 53
50 55
50 57
50 60
50 62
50 65
50 66
50 67
50 71
50 72
50 75
50 77
50 80
50 81
50 82
50 83
50 84
50 86
50 89
51 54
51 57
51 61
51 65
51 66
51 67
51 70
51 74
51 79
51 83
51 85
51 89
52 54
52 56
52 57
52 58
52 63
52 65
52 66
52 67
52 69
52 70
52 71
52 79
52 80
52 86
52 87
53 54
53 55
53 56
53 57
53 58
53 59
53 62
53 64
53 65
53 67
53 68
53 69
53 75
53 77
53 79
53 80
53 81
53 82
53 87
53 88
53 89
54 57
54 60
54 69
54 71
54 72
54 76
54 84
54 86
54 88
55 56
55 60
55 63
55 65
55 67
55 68
55 71
55 72
55 73
55 75
55 78
55 81
55 86
55 87
56 58
56 59
56 61
56 62
56 65
56 66
56 68
56 77
56 78
56 84
56 86
56 87
57 64
57 65
57 66
57 73
57 77
57 80
57 82
57 83
57 84
57 87
57 88
57 89
58 64
58 65
58 74
58 81
58 83
58 87
59 61
59 62
59 63
59 64
59 65
59 67
59 68
59 71
59 78
59 81
59 83
59 87
60 64
60 65
60 66
60 67
60 70
60 72
60 74
60 75
60 78
60 79
60 80
60 87
61 66
61 67
61 68
61 71
61 79
61 86
61 87
61 89
62 64
62 65
62 68
62 70
62 71
62 72
62 74
62 77
62 78
62 79
62 80
62 83
62 85
62 86
62 88
63 64
63 65
63 72
63 75
63 81
63 83
63 87
64 68
64 69
64 70
64 71
64 74
64 78
64 82
64 84
64 85
64 86
64 87
65 68
65 70
65 71
65 74
65 75
65 76
65 78
65 79
65 84
65 88
66 67
66 70
66 79
66 83
66 85
66 87
67 70
67 71
67 72
67 74
67 75
67 77
67 78
67 80
67 84
67 85
68 72
68 76
68 78
68 80
68 87
68 88
69 72
69 78
69 80
69 85
69 86
69 87
69 89
70 78
70 80
70 81
70 83
70 84
70 86
70 89
71 75
71 78
71 80
71 81
71 84
71 87
71 88
72 73
72 75
72 88
73 76
73 78
73 82
73 88
74 75
74 76
74 77
74 78
74 79
74 86
75 78
75 81
75 83
75 86
75 89
76 80
76 81
76 83
77 78
78 79
78 83
78 85
78 87
78 89
79 84
79 85
79 87
79 88
80 85
80 89
81 85
82 86
83 84
83 89
84 85
84 87
85 87
85 88
86 88
86 89
