60 90
13 12 1 3 5 4 14 0 5 11 7 5 5 4 4 3 0 9 13 15 15 2 4 14 9 3 3 6 10 9 13 9 4 0 15 14 10 10 8 1 15 11 9 3 7 3 2 8 5 15 3 11 8 8 9 15 15 15 15 15 
0 18
0 50
1 11
1 30
1 38
1 44
1 50
2 17
2 25
2 31
2 34
3 28
3 49
3 54
4 16
4 39
4 52
5 28
5 35
5 40
6 8
6 15
6 29
6 32
7 52
7 53
8 12
8 17
8 25
8 59
9 21
9 26
9 31
9 33
9 34
10 48
11 27
11 36
11 52
12 23
13 16
13 24
13 39
13 56
14 20
15 25
15 33
15 41
15 56
16 32
16 48
17 19
17 42
17 54
18 27
18 39
18 42
18 52
19 26
19 41
20 28
21 24
21 33
21 43
22 44
24 48
26 51
27 38
27 44
27 58
28 37
28 46
29 33
29 43
29 51
29 53
31 49
31 54
32 36
37 38
37 50
39 55
39 56
39 58
40 45
43 48
46 49
46 50
47 51
57 59
