100 444
20 29 6 24 20 10 29 1 29 1 31 14 19 10 6 25 18 18 27 28 24 29 29 31 7 2 9 27 24 5 5 18 0 24 22 25 12 9 29 27 10 1 30 30 21 1 16 31 19 9 27 28 13 26 27 8 13 2 3 29 31 22 12 18 30 25 0 17 2 20 26 4 13 7 0 25 8 21 19 1 2 23 27 6 26 5 21 10 21 9 8 8 7 24 21 8 16 16 22 15 
0 2
0 15
0 50
0 51
0 52
0 75
0 91
0 99
1 10
1 38
1 53
1 70
1 71
1 84
1 89
1 96
2 15
2 37
2 42
2 47
2 50
2 91
2 97
2 99
3 13
3 45
3 48
3 49
3 61
3 62
3 76
3 80
3 81
4 12
4 17
4 48
4 51
4 67
4 77
4 78
4 91
5 11
5 29
5 31
5 38
5 40
5 54
5 59
5 67
5 77
5 79
5 84
5 90
6 9
6 10
6 16
6 17
6 18
6 43
6 54
6 58
6 67
6 68
6 84
6 87
7 11
7 15
7 19
7 23
7 29
7 34
7 58
7 69
7 73
7 75
7 82
7 94
7 95
8 23
8 29
8 38
8 40
8 44
8 46
8 56
8 70
8 95
9 18
9 21
9 31
9 37
9 47
9 54
9 67
9 68
9 78
9 87
10 52
10 53
10 75
10 87
10 93
10 96
11 12
11 29
11 31
11 44
11 54
11 79
11 85
12 17
12 19
12 25
12 29
12 34
12 47
12 59
12 69
12 70
12 74
12 84
12 95
13 30
13 37
13 40
13 50
13 57
13 88
13 97
14 50
14 61
15 42
15 47
15 48
15 50
15 58
15 88
15 97
16 23
16 49
16 75
16 87
17 37
18 21
18 54
18 62
18 68
18 77
18 84
18 95
19 22
19 24
19 34
19 37
19 58
19 59
19 69
20 24
20 25
20 28
20 34
20 36
20 73
20 74
20 77
20 82
21 54
21 64
21 68
21 69
21 77
21 84
22 25
22 34
22 55
22 59
22 60
22 63
22 66
22 92
22 94
23 40
23 44
23 56
23 73
23 79
23 98
24 25
24 28
24 40
24 51
24 84
24 85
24 86
25 28
25 41
25 69
25 80
25 82
25 90
26 69
27 33
27 51
27 62
27 81
28 40
28 73
28 74
28 82
28 86
28 94
29 31
29 35
29 45
29 48
29 55
29 58
29 65
29 69
29 79
29 85
29 95
30 33
30 35
30 39
30 55
30 57
30 80
30 88
30 92
31 37
31 40
31 58
31 69
31 77
31 79
31 80
31 83
31 95
31 98
32 33
32 36
32 41
32 61
32 65
32 76
32 80
32 81
33 35
33 39
33 55
33 57
33 60
33 66
33 92
34 59
34 60
34 66
34 94
35 57
35 81
35 88
35 92
36 37
36 41
36 60
36 65
36 79
36 82
36 86
36 95
37 45
37 46
37 67
37 78
38 46
38 53
38 58
38 62
38 70
38 72
38 98
39 55
39 57
39 60
39 76
39 92
39 95
40 58
40 87
40 90
40 98
41 76
41 80
41 82
41 86
42 45
42 50
42 57
42 88
42 91
42 97
43 46
43 51
43 52
43 68
43 78
44 54
44 70
44 71
44 98
45 49
45 61
45 62
45 64
45 79
46 51
46 58
46 64
46 68
46 78
46 79
47 52
47 75
47 91
47 93
48 49
48 50
48 51
48 64
49 59
49 62
49 64
49 81
49 88
50 88
50 91
50 97
51 64
51 67
51 78
51 85
52 63
52 75
52 79
52 87
52 96
52 99
53 63
53 64
53 71
53 87
53 89
53 93
53 96
54 77
54 84
54 89
55 59
55 60
55 66
55 92
56 69
56 70
56 73
56 74
56 98
57 63
57 88
58 63
58 69
58 89
58 94
59 60
59 66
60 66
61 62
61 68
61 76
61 80
61 81
61 95
62 64
62 74
62 81
62 97
63 65
65 76
65 81
65 82
65 85
65 92
66 82
66 92
66 94
67 68
67 70
67 75
67 78
68 80
69 76
69 79
69 95
70 71
70 72
70 77
70 85
71 77
71 89
71 96
71 98
72 79
72 91
72 95
72 96
73 74
74 86
75 87
75 91
75 93
76 80
76 96
77 79
77 84
77 89
78 99
79 83
79 84
79 90
79 95
79 97
80 81
81 83
82 83
82 86
83 97
86 92
87 96
87 99
88 97
89 90
89 96
91 99
93 99
