90 200
1 3 12 5 3 7 12 4 8 3 3 10 11 9 5 0 15 12 2 4 8 14 6 13 14 15 3 11 4 7 0 11 1 7 10 10 7 7 4 10 9 3 13 13 4 3 0 11 7 7 5 2 14 14 12 4 1 3 6 1 9 13 13 1 12 10 14 7 12 2 4 12 1 2 1 13 3 11 15 14 9 4 11 1 15 3 4 11 4 12 
0 13
0 31
0 65
1 60
1 68
2 46
2 77
2 83
3 9
4 9
4 14
5 25
5 32
5 45
5 63
5 70
6 17
6 38
7 15
7 23
7 24
7 65
7 82
8 12
8 23
8 50
8 66
8 72
8 86
9 11
9 12
9 30
9 40
9 45
9 55
9 59
9 64
9 69
10 30
11 32
11 45
11 46
11 55
12 13
12 25
12 63
12 72
12 82
13 18
13 41
13 50
13 74
13 88
14 76
15 30
15 32
15 45
15 52
15 70
16 62
17 52
17 63
17 66
17 70
17 75
18 41
18 70
19 43
19 50
20 31
20 49
20 67
21 48
21 50
21 63
21 64
21 77
22 57
22 59
22 60
23 51
24 46
24 74
24 76
25 39
25 43
25 45
25 46
25 51
25 73
26 27
26 31
26 65
26 73
26 79
26 84
27 58
28 59
29 47
30 35
30 39
30 43
30 45
30 53
30 70
30 82
31 78
32 45
32 50
32 57
32 62
32 67
32 69
33 50
33 59
34 48
34 65
34 86
34 88
35 61
35 65
35 78
36 81
37 38
37 42
37 81
38 53
38 68
38 85
39 45
39 48
39 66
39 67
39 70
39 74
39 76
39 79
39 86
39 87
40 51
40 76
40 84
41 47
42 45
43 45
43 54
43 85
43 86
43 89
44 47
45 50
45 69
46 55
46 67
47 52
47 67
48 84
49 55
49 68
49 84
50 58
50 71
51 70
51 77
52 65
52 83
53 83
53 86
54 76
55 85
56 57
56 83
58 61
58 64
59 61
59 84
60 65
61 83
61 84
62 72
62 87
65 70
65 81
65 83
67 85
68 81
69 85
71 78
73 87
74 77
74 88
75 78
76 84
77 78
78 89
79 80
80 83
81 87
82 88
84 89
