100 159
1 11 19 18 18 4 27 22 9 0 10 21 26 20 13 24 26 31 2 30 22 23 0 11 2 29 5 6 20 10 8 22 18 29 27 2 13 30 22 6 11 6 17 24 20 19 29 20 18 11 16 9 29 13 0 30 17 28 20 27 13 13 26 6 22 7 17 21 15 8 17 13 28 2 2 9 21 19 30 13 24 8 11 27 1 28 18 8 18 1 17 18 0 12 11 9 20 14 1 19 
0 4
0 21
0 49
0 95
1 4
1 20
1 21
1 52
1 83
1 85
2 3
2 35
2 40
2 60
2 71
2 79
3 22
3 45
3 53
3 86
4 58
5 10
5 24
5 56
5 81
6 11
6 48
6 65
7 20
8 79
8 90
9 23
9 39
9 75
9 92
10 18
10 22
10 74
11 23
11 87
12 71
12 83
13 15
13 24
13 31
13 48
13 49
13 51
13 89
13 99
14 26
14 31
14 45
14 53
14 72
15 17
15 31
15 32
15 42
15 58
15 59
15 73
15 90
15 93
16 45
16 81
17 27
17 33
17 43
17 63
18 26
19 43
19 51
20 38
21 39
21 75
22 44
22 53
23 32
23 53
23 94
24 74
25 52
25 86
26 32
27 37
27 70
28 55
28 58
29 58
29 77
29 92
30 64
31 38
31 41
31 45
31 51
31 69
31 71
31 72
31 93
31 99
32 85
33 78
34 37
34 80
35 50
35 53
35 72
36 77
36 95
37 39
37 68
37 89
39 88
41 63
41 66
41 94
43 70
45 71
46 77
46 88
46 89
47 61
47 68
47 93
47 97
48 57
48 85
51 58
54 82
55 96
56 60
57 76
57 90
58 69
59 81
60 62
60 98
62 72
64 72
64 84
66 86
66 87
66 91
67 77
67 84
67 91
68 82
69 77
69 93
70 90
71 72
71 76
73 96
77 80
80 92
82 89
93 99
