90 179
0 13 8 0 4 14 12 7 15 5 1 10 7 3 2 11 4 10 10 12 0 1 13 7 10 1 5 14 10 15 6 0 8 7 3 10 7 12 7 4 14 13 2 15 10 0 0 1 6 7 15 11 14 14 11 5 11 2 4 4 14 9 4 13 12 7 8 10 11 4 14 6 15 0 5 8 8 13 12 0 4 15 13 9 6 10 15 11 15 10 
0 5
0 17
0 42
0 46
1 13
1 25
1 38
1 51
1 62
1 68
1 88
2 7
2 17
2 41
2 69
2 72
2 85
3 13
3 39
3 56
3 74
3 75
3 82
3 86
4 17
4 57
4 76
4 80
5 7
5 32
5 61
6 16
6 20
6 79
6 87
7 21
7 24
7 28
7 31
7 66
8 13
8 22
8 49
8 53
8 59
8 74
9 12
9 38
9 75
9 79
10 57
10 69
10 84
10 85
11 21
11 26
11 85
12 26
12 54
12 56
12 73
12 74
12 76
12 88
13 32
13 55
13 79
14 31
14 47
14 54
15 27
15 28
15 51
16 18
16 38
16 41
16 65
16 72
16 79
16 83
17 51
18 22
18 44
18 87
19 48
19 79
20 23
20 44
20 72
20 79
21 49
21 70
22 25
22 32
22 37
22 38
22 84
23 28
23 89
24 33
24 51
24 68
25 44
25 53
26 45
26 54
26 75
27 44
27 58
27 87
29 34
29 83
30 51
30 66
31 38
32 67
32 77
33 34
33 38
33 40
33 41
33 48
34 44
34 57
34 66
34 71
35 73
35 79
35 80
36 37
36 48
37 58
38 58
38 67
38 74
38 86
39 67
40 49
40 77
40 86
40 88
41 43
41 80
41 88
43 55
43 60
44 51
44 60
45 47
45 57
46 59
47 61
47 79
50 56
50 80
51 84
52 65
53 54
53 55
53 62
54 58
54 59
54 88
55 85
56 57
61 78
62 85
63 73
63 77
64 77
64 89
66 72
68 76
70 75
70 85
71 87
72 82
79 81
80 87
