40 146
7 3 7 2 6 4 7 2 2 3 7 5 2 7 1 3 0 6 3 3 4 4 1 3 5 2 0 3 5 6 6 1 0 4 2 2 6 1 3 1 
0 3
0 27
0 30
0 35
1 5
1 6
1 11
1 12
1 20
1 24
1 33
2 4
2 5
2 13
2 15
2 22
2 24
2 26
2 27
2 33
2 36
3 5
3 8
3 9
3 20
3 26
3 28
3 33
4 13
4 15
4 17
4 20
4 23
4 29
4 37
4 39
5 8
5 14
5 15
5 17
5 18
5 27
5 28
5 33
5 35
6 9
6 13
6 21
6 22
6 26
6 28
6 29
7 10
7 19
7 26
7 32
7 33
7 39
8 10
8 15
8 18
8 24
8 28
8 30
8 37
9 21
9 22
10 11
10 19
10 31
10 35
10 36
11 19
11 24
11 30
12 14
12 18
12 20
12 21
12 30
12 35
13 20
13 22
13 28
13 39
14 18
14 31
14 35
14 36
14 38
14 39
15 23
15 30
16 17
16 23
16 25
17 18
17 30
17 36
18 39
19 22
19 27
19 29
19 34
19 35
20 26
20 34
20 38
21 25
21 32
21 36
21 38
21 39
22 26
22 32
22 33
22 36
23 34
23 36
23 39
24 26
24 39
25 26
25 30
25 38
26 31
26 39
27 32
27 33
27 38
28 29
28 34
29 35
30 31
30 36
30 38
30 39
31 35
31 37
32 33
32 36
32 38
33 38
35 38
36 38
37 38
