90 762
3 8 10 11 6 1 15 4 6 5 7 10 13 15 11 14 3 7 10 12 6 5 1 3 9 14 12 11 6 11 11 14 1 0 2 15 7 0 5 1 5 15 12 15 8 5 8 9 13 7 0 0 0 12 8 8 9 4 8 15 7 5 7 13 8 15 12 5 6 11 15 8 14 13 10 4 1 13 2 10 15 10 13 10 2 11 6 2 9 2 
0 7
0 10
0 12
0 13
0 14
0 15
0 16
0 17
0 20
0 21
0 23
0 30
0 35
0 44
0 48
0 68
0 76
0 81
0 88
0 89
1 2
1 5
1 8
1 18
1 20
1 23
1 26
1 34
1 35
1 37
1 39
1 44
1 45
1 47
1 48
1 50
1 51
1 54
1 55
1 57
1 59
1 60
1 71
1 87
2 5
2 6
2 7
2 14
2 21
2 23
2 26
2 39
2 43
2 47
2 48
2 65
2 72
2 85
2 87
3 11
3 21
3 27
3 28
3 29
3 30
3 31
3 42
3 43
3 49
3 70
3 75
3 84
4 10
4 19
4 33
4 35
4 41
4 47
4 53
4 57
4 59
4 71
4 72
4 78
4 83
4 85
5 6
5 8
5 14
5 24
5 27
5 33
5 34
5 35
5 38
5 44
5 45
5 46
5 51
5 53
5 57
5 59
5 64
5 65
5 67
5 71
5 72
5 79
5 82
6 20
6 41
6 43
6 45
6 47
6 50
6 57
6 61
6 62
6 68
6 72
6 81
6 86
7 16
7 18
7 21
7 23
7 25
7 27
7 31
7 42
7 44
7 46
7 52
7 57
7 64
7 66
7 67
7 72
7 74
8 9
8 12
8 21
8 29
8 34
8 36
8 37
8 41
8 42
8 43
8 44
8 46
8 49
8 52
8 63
8 68
8 79
8 82
8 86
9 11
9 13
9 21
9 22
9 24
9 25
9 32
9 36
9 43
9 45
9 50
9 55
9 56
9 65
9 66
9 68
9 70
9 79
9 86
10 17
10 25
10 26
10 30
10 32
10 33
10 38
10 39
10 48
10 56
10 62
10 67
10 79
10 82
10 87
11 17
11 21
11 22
11 29
11 31
11 33
11 37
11 41
11 47
11 50
11 58
11 59
11 63
11 71
11 74
11 77
11 78
11 80
11 84
12 14
12 29
12 32
12 41
12 53
12 75
12 83
12 88
13 17
13 22
13 26
13 28
13 31
13 38
13 40
13 43
13 54
13 62
13 64
13 67
13 71
13 77
13 81
13 82
13 84
13 85
14 15
14 16
14 28
14 30
14 31
14 35
14 41
14 62
14 64
14 65
14 66
14 77
14 80
14 88
15 25
15 26
15 31
15 48
15 50
15 51
15 53
15 58
15 60
15 64
15 70
15 72
15 87
15 89
16 20
16 24
16 27
16 46
16 47
16 51
16 55
16 59
16 61
16 65
16 75
16 83
16 84
16 88
17 22
17 26
17 28
17 35
17 44
17 51
17 57
17 58
17 59
17 64
17 66
17 74
17 76
18 19
18 20
18 21
18 24
18 25
18 31
18 34
18 38
18 42
18 52
18 54
18 57
18 73
18 75
18 78
18 85
19 22
19 30
19 35
19 44
19 50
19 55
19 56
19 60
19 79
19 83
19 86
20 21
20 25
20 26
20 28
20 38
20 42
20 43
20 47
20 51
20 60
20 61
20 64
20 66
20 68
20 79
20 83
21 26
21 30
21 37
21 40
21 43
21 44
21 48
21 54
21 57
21 59
21 61
21 62
21 67
21 74
21 79
21 85
21 89
22 24
22 31
22 42
22 45
22 46
22 76
22 82
23 25
23 30
23 41
23 42
23 55
23 64
23 69
23 70
23 71
23 76
23 86
23 88
24 35
24 41
24 51
24 52
24 53
24 81
25 30
25 34
25 37
25 41
25 43
25 47
25 48
25 49
25 53
25 58
25 61
25 62
25 65
25 68
25 70
25 71
25 76
25 82
25 84
26 35
26 42
26 49
26 52
26 56
26 58
26 67
26 69
26 77
26 85
27 32
27 38
27 48
27 64
27 67
27 68
27 74
27 83
27 84
28 34
28 38
28 39
28 47
28 48
28 50
28 53
28 56
28 58
28 62
28 69
28 71
28 85
28 86
29 30
29 32
29 41
29 51
29 56
29 57
29 73
29 74
29 76
29 80
29 86
30 31
30 32
30 38
30 42
30 43
30 44
30 45
30 46
30 48
30 55
30 58
30 67
30 70
30 76
31 33
31 36
31 40
31 59
31 61
31 73
31 77
31 84
32 39
32 40
32 46
32 50
32 57
32 58
32 66
32 72
32 74
32 78
32 83
33 46
33 52
33 54
33 58
33 60
33 61
33 74
33 77
33 78
34 35
34 42
34 43
34 44
34 50
34 51
34 53
34 66
34 72
34 84
34 88
35 41
35 58
35 64
35 67
35 68
35 71
35 78
36 40
36 47
36 51
36 52
36 53
36 77
36 80
36 82
37 45
37 48
37 50
37 52
37 55
37 63
37 67
37 68
37 88
37 89
38 39
38 48
38 49
38 55
38 61
38 80
38 81
38 87
38 88
39 48
39 56
39 64
39 67
39 68
39 69
39 70
39 77
39 80
39 84
39 85
40 43
40 51
40 53
40 54
40 74
40 75
40 88
41 44
41 47
41 59
41 64
41 69
41 70
41 75
41 76
41 77
41 79
41 83
41 87
41 88
41 89
42 49
42 53
42 56
42 63
42 72
42 79
42 80
42 86
42 87
42 89
43 44
43 46
43 52
43 56
43 59
43 62
43 64
43 71
43 83
43 89
44 46
44 47
44 49
44 53
44 54
44 63
44 75
44 76
44 78
44 79
44 88
44 89
45 46
45 55
45 60
45 63
45 67
45 78
45 81
45 83
46 52
46 53
46 63
46 64
46 66
46 67
46 81
46 86
47 48
47 50
47 60
47 63
47 65
47 66
47 77
47 81
47 84
48 52
48 58
48 64
48 66
48 67
48 75
48 76
48 85
49 59
49 61
49 64
49 72
49 73
49 81
49 88
50 52
50 59
50 60
50 78
50 81
50 83
51 58
51 60
51 61
51 62
51 70
51 80
51 85
51 88
52 63
52 85
52 88
53 61
53 85
53 87
53 88
54 57
54 59
54 76
54 85
54 88
55 60
55 63
55 70
55 71
55 77
55 87
56 61
56 63
56 82
57 61
57 85
58 64
58 68
58 74
58 75
58 79
59 61
59 63
59 69
59 74
59 79
59 81
59 87
59 88
60 65
60 71
60 80
60 82
60 84
60 85
60 86
60 87
61 83
61 89
62 68
62 70
62 73
62 74
62 76
62 77
62 85
63 66
63 75
63 79
63 82
63 83
63 84
63 87
64 68
64 81
64 83
64 84
64 86
64 87
65 77
65 83
66 70
66 71
66 72
66 76
66 79
67 72
67 73
67 77
67 78
67 84
67 85
67 86
67 89
68 70
68 77
68 79
68 82
69 73
70 77
70 81
70 82
70 84
71 72
71 82
72 75
72 80
72 85
72 89
73 74
73 76
73 79
73 82
73 86
74 76
74 77
74 85
74 86
75 81
75 82
75 83
76 79
76 81
77 85
79 85
80 82
81 85
82 88
85 87
88 89
