30 87
2 4 4 4 5 6 0 6 0 3 1 3 5 5 0 0 5 1 5 7 7 1 1 1 6 2 4 2 5 5 
0 11
0 17
0 19
0 23
0 28
1 4
1 6
1 7
1 10
1 13
1 14
1 19
1 20
1 24
2 7
2 8
2 10
2 22
2 29
3 10
3 21
3 25
4 10
4 11
4 14
4 17
4 19
4 21
4 24
4 28
5 7
5 22
5 23
6 8
6 9
6 27
6 29
7 11
7 12
7 14
7 20
7 27
8 10
8 11
8 13
8 19
8 23
9 25
10 12
11 14
11 15
11 16
11 20
11 24
11 25
11 27
11 29
12 22
12 23
12 24
12 26
13 15
13 24
13 26
13 27
14 19
14 23
14 24
15 18
15 21
15 22
16 18
16 25
16 29
18 22
19 20
19 22
19 26
19 27
20 24
20 27
21 26
22 27
22 28
23 28
24 27
25 29
