70 243
10 4 0 0 13 11 9 8 8 5 13 9 5 11 7 0 2 12 14 12 8 6 6 9 9 4 8 8 1 3 0 3 11 8 15 15 9 11 5 2 9 6 4 1 15 7 4 8 0 15 2 14 2 11 14 15 4 5 13 2 5 6 11 14 13 2 3 8 8 11 
0 21
0 23
0 28
0 39
0 65
1 9
1 19
1 24
1 33
1 41
1 44
1 60
2 7
2 10
2 17
2 21
2 29
2 33
2 37
2 45
2 69
3 20
3 32
3 43
3 44
3 47
3 69
4 5
4 19
4 32
4 51
5 18
5 33
5 35
5 36
5 37
5 64
6 13
6 17
6 18
6 19
6 25
6 30
6 44
6 49
6 50
7 18
7 25
7 29
7 31
7 49
7 67
8 18
8 38
8 60
8 61
8 62
9 24
9 26
9 28
9 30
9 31
9 32
9 38
9 46
9 53
9 59
10 15
10 35
10 46
10 54
10 57
11 32
11 41
11 65
12 18
12 20
12 43
13 31
13 34
13 44
13 46
14 18
14 30
14 33
14 36
14 39
14 61
15 19
15 28
15 37
15 44
15 52
15 54
15 55
15 59
15 61
16 29
16 33
16 50
16 52
16 53
17 19
17 28
17 42
17 48
17 49
18 23
18 24
18 29
18 35
18 44
18 49
18 54
19 22
19 25
19 31
19 33
19 39
19 45
19 51
19 52
20 27
20 38
20 39
20 42
20 48
20 55
20 61
20 62
20 65
21 23
21 36
21 48
21 55
21 58
22 27
22 30
22 58
22 59
22 64
23 46
23 53
24 35
24 46
24 49
25 30
25 41
25 42
25 56
25 66
26 32
26 52
27 32
27 63
28 39
28 42
28 50
28 53
29 48
29 64
30 33
30 38
30 44
30 45
30 51
30 66
31 32
31 33
31 34
31 35
31 49
31 60
31 66
32 42
32 52
32 62
33 39
33 40
33 46
33 47
33 48
33 62
34 41
34 50
34 55
34 63
34 68
35 54
35 61
36 37
36 53
36 55
37 55
38 43
38 56
39 40
39 48
39 50
39 54
39 55
40 53
40 56
40 61
41 44
41 49
41 54
41 59
42 61
42 67
43 48
43 50
43 64
43 67
44 45
45 53
45 61
45 65
46 54
46 61
47 63
48 64
49 67
50 55
50 56
50 61
52 69
53 55
54 66
55 57
55 58
55 63
56 64
58 69
59 62
60 61
61 64
61 66
63 64
63 67
64 67
65 68
66 67
