25 104
1 1 0 1 1 0 2 1 1 2 1 3 2 0 0 3 3 0 3 3 3 3 3 2 2 
0 1
0 3
0 4
0 6
0 9
0 12
0 13
0 15
0 16
0 17
0 21
0 23
1 9
1 10
1 12
1 13
1 14
1 15
1 22
2 3
2 7
2 8
2 10
2 14
2 15
2 16
2 21
3 4
3 5
3 9
3 13
3 15
3 16
3 17
3 18
3 20
3 23
4 9
4 13
4 14
4 20
4 21
4 22
5 8
5 14
5 19
5 21
6 9
6 13
6 19
6 21
6 22
6 23
7 9
7 11
7 12
7 15
7 16
7 18
8 15
8 20
9 12
9 22
9 23
10 15
10 20
10 21
10 24
11 12
11 14
11 15
11 21
11 22
11 24
12 13
12 15
12 21
12 24
13 14
13 19
13 21
13 23
14 15
14 17
14 23
14 24
15 16
15 17
15 19
15 20
16 18
16 20
16 21
16 23
16 24
17 24
18 20
18 23
19 22
19 23
20 21
20 23
21 22
23 24
