25 107
2 1 1 1 3 0 0 3 1 1 1 2 1 2 0 1 3 1 0 3 0 3 1 2 1 
0 5
0 8
0 10
0 11
0 13
0 18
0 21
0 22
1 2
1 8
1 11
1 12
1 15
1 16
1 17
1 18
1 21
1 22
1 24
2 4
2 10
2 12
2 21
2 23
2 24
3 5
3 7
3 8
3 10
3 13
3 15
3 18
3 20
3 22
4 5
4 7
4 11
4 14
4 16
4 17
4 21
5 7
5 11
5 12
5 13
5 14
5 15
5 22
6 7
6 13
6 19
6 20
6 22
7 9
7 12
7 13
7 24
8 9
8 10
8 12
8 13
8 14
8 15
8 16
8 17
8 18
8 19
8 20
8 21
8 23
9 12
9 14
9 17
9 18
9 19
9 22
10 11
10 16
10 17
10 23
11 13
11 22
12 23
12 24
13 18
13 22
14 15
14 16
14 21
14 22
14 24
15 19
15 22
16 17
16 19
16 23
16 24
17 18
17 21
18 19
18 22
19 22
19 24
20 24
21 23
22 23
22 24
