70 201
6 9 14 8 14 8 1 6 5 7 8 4 2 11 4 1 7 6 5 1 11 0 15 5 13 9 3 8 12 6 10 4 3 4 7 8 12 9 10 15 15 10 8 1 0 9 9 0 4 11 12 10 12 1 7 10 3 13 7 4 10 0 0 13 5 8 14 3 3 6 
0 5
0 9
0 16
0 22
0 25
0 61
1 4
1 7
1 12
1 15
1 18
1 26
1 32
1 33
1 46
1 50
1 54
1 67
2 10
2 19
2 22
2 27
2 40
2 69
3 17
3 19
3 34
3 38
3 57
4 16
4 35
4 57
5 11
5 19
5 22
5 24
5 32
6 13
6 65
6 67
7 22
7 62
8 21
8 25
8 27
8 30
8 32
8 42
8 46
8 47
8 61
8 67
9 19
9 25
10 15
10 26
10 28
10 31
10 44
10 53
10 61
11 20
11 35
12 35
12 48
12 52
12 53
12 67
13 15
13 35
13 36
13 61
13 63
14 15
14 28
14 52
14 59
14 68
15 19
15 29
15 36
15 44
15 59
15 60
15 63
15 64
16 21
16 37
16 39
16 47
16 54
17 45
17 54
17 59
17 61
18 23
18 33
18 40
18 61
19 32
19 45
20 34
20 40
20 53
21 42
21 45
21 48
22 25
22 26
22 35
22 60
23 46
23 47
23 48
23 52
23 62
23 64
23 68
23 69
24 36
24 50
25 30
25 32
25 46
25 48
26 29
26 36
26 38
26 43
26 48
27 38
27 42
27 54
27 55
27 56
28 31
28 43
28 55
29 30
29 46
29 56
30 47
30 57
31 36
31 38
31 40
31 53
32 47
33 42
33 49
34 35
34 49
34 51
34 52
34 62
35 48
35 49
36 41
37 50
37 54
38 47
39 41
39 53
41 46
41 61
42 51
43 47
43 50
44 64
44 65
46 48
46 62
46 64
46 66
46 69
47 57
47 69
48 59
48 62
48 68
48 69
49 61
50 62
51 66
51 67
53 54
55 64
56 58
56 62
56 68
58 67
59 60
59 66
62 68
62 69
63 64
64 68
65 69
66 68
67 68
68 69
