90 266
13 15 6 11 0 11 0 13 15 13 4 8 7 12 1 7 14 14 14 8 0 8 4 2 14 12 8 8 6 3 5 2 11 15 5 12 11 0 12 13 11 11 10 6 8 12 6 15 7 5 0 9 8 14 2 7 15 12 0 6 5 5 11 15 2 3 9 12 8 5 0 11 0 3 7 15 13 11 4 4 12 9 0 6 5 14 6 14 9 0 
0 1
0 11
0 37
0 52
0 70
0 83
1 10
1 35
1 39
1 41
1 78
1 79
1 81
2 43
2 79
2 80
2 88
3 16
3 30
3 31
3 51
3 54
3 63
3 65
3 69
3 79
4 5
4 19
4 46
4 54
4 56
4 59
4 65
4 74
5 13
5 14
5 22
5 35
5 55
5 65
5 69
5 83
5 89
6 19
6 43
6 50
6 66
6 76
6 83
6 89
7 8
7 44
8 52
8 72
8 84
8 88
9 36
9 84
10 28
10 67
10 80
11 15
11 37
11 67
11 70
11 73
12 13
12 22
12 34
12 45
12 52
12 87
13 23
13 25
13 55
13 80
14 15
14 16
14 32
14 65
14 68
14 69
14 76
14 83
15 23
15 24
15 31
15 34
15 74
15 88
16 28
16 32
16 51
16 65
16 69
17 28
17 37
17 57
17 60
17 62
17 86
18 30
18 44
18 51
18 63
19 45
19 54
19 60
19 62
19 66
19 76
19 89
20 36
20 43
20 46
20 48
20 56
20 71
21 74
21 85
21 86
22 33
22 44
23 24
23 42
23 78
23 85
24 50
24 59
24 80
25 39
25 57
26 72
26 83
27 71
27 77
28 30
28 38
28 42
28 87
29 32
30 33
30 43
30 47
30 53
31 37
31 45
31 52
31 58
31 71
31 76
31 80
31 81
32 51
32 65
32 69
32 72
32 74
33 40
33 71
33 75
33 87
34 38
34 41
34 73
35 41
35 61
35 76
35 78
35 80
36 51
36 83
36 84
36 89
37 41
37 57
37 70
37 82
38 46
38 67
38 68
38 73
38 74
38 75
38 86
38 87
39 53
39 68
39 70
39 81
39 85
40 49
40 57
41 51
41 72
41 78
41 79
42 61
44 61
44 70
44 89
45 60
45 74
46 54
47 50
47 76
47 79
48 63
49 57
49 65
50 52
50 57
51 59
51 72
51 79
52 56
52 58
52 73
52 85
53 82
54 68
54 84
54 85
54 89
55 75
56 67
56 76
56 81
58 89
60 65
60 74
60 75
60 84
61 73
62 68
62 70
62 76
63 68
64 88
64 89
65 66
65 69
65 83
66 76
66 83
66 89
68 70
70 81
70 83
70 85
71 73
71 81
72 78
72 79
74 76
74 88
75 77
75 80
76 85
77 85
78 81
79 82
79 85
81 85
83 84
88 89
