100 199
21 30 10 0 20 4 8 30 7 17 31 27 9 5 19 4 5 23 16 16 19 0 24 11 11 18 4 30 24 14 6 28 13 8 8 15 26 30 14 29 12 23 6 12 12 1 15 18 0 2 28 30 16 15 31 10 3 18 30 3 14 4 25 5 9 13 2 22 14 27 4 21 11 22 11 20 19 1 12 24 15 12 27 0 0 14 15 10 18 8 7 28 10 4 5 10 1 30 31 24 
0 7
0 36
0 78
0 92
1 57
1 73
2 28
2 42
2 84
3 34
3 45
3 75
3 87
3 88
3 98
4 26
4 35
4 42
4 67
4 69
5 23
5 35
5 63
6 47
6 73
7 16
7 33
7 73
8 10
8 20
9 13
9 24
9 88
9 98
10 15
10 18
10 29
10 49
11 57
11 66
11 83
12 29
12 34
13 36
13 47
13 86
14 32
14 34
15 31
15 45
15 77
15 85
15 88
16 46
16 47
16 94
17 39
17 54
17 69
18 31
18 35
18 84
19 27
19 47
19 59
19 67
20 21
20 39
21 39
21 45
22 27
23 25
23 27
23 50
23 84
23 92
24 48
24 49
24 53
24 75
25 80
25 88
26 39
26 67
26 87
26 93
27 33
27 35
27 77
28 32
28 61
28 73
28 93
29 42
29 57
29 85
29 87
30 37
30 60
30 90
31 36
31 41
32 84
32 89
33 40
33 72
34 70
35 47
35 85
35 99
36 37
36 39
36 45
36 93
37 43
37 91
38 46
38 76
39 59
39 67
39 78
39 95
40 88
41 73
41 80
41 84
41 93
41 94
42 51
42 52
42 56
43 69
43 72
43 84
44 56
44 79
44 94
45 55
45 59
46 55
46 57
46 76
47 80
47 87
48 59
49 71
49 88
51 57
51 96
52 74
52 97
53 67
53 70
53 76
53 82
53 88
54 78
54 85
55 61
55 86
55 90
55 94
57 81
58 66
58 74
58 77
59 60
59 87
60 69
61 75
62 66
62 72
62 84
63 78
63 81
64 67
64 82
64 84
65 73
67 84
68 72
68 94
68 98
71 86
72 76
72 94
73 87
73 98
74 80
74 82
74 87
77 96
78 87
82 84
83 87
83 97
89 92
90 96
91 96
