70 185
5 4 14 5 8 13 13 4 1 14 15 14 7 13 7 10 7 10 1 9 7 0 10 12 2 11 15 12 4 9 5 5 9 13 8 13 0 1 4 15 4 0 10 15 4 3 0 6 10 9 4 14 5 4 1 2 0 14 3 11 12 4 5 4 5 3 1 11 3 12 
0 12
0 19
0 24
0 26
0 29
0 34
0 36
0 45
0 58
0 59
1 15
1 35
1 44
1 55
1 58
1 62
1 63
2 11
2 48
3 15
3 34
3 36
3 64
4 16
4 17
4 38
4 48
4 61
4 64
5 10
5 14
5 29
5 35
5 41
5 51
5 56
5 60
5 69
6 9
6 18
6 46
6 48
7 8
7 17
7 44
7 46
7 59
7 60
8 19
8 27
8 55
8 69
9 15
9 17
9 45
9 46
9 62
10 20
10 38
10 53
11 14
11 48
11 49
11 59
11 67
12 18
12 23
12 30
12 45
12 47
12 48
12 56
13 15
13 35
13 45
13 55
13 62
14 23
14 35
14 48
14 52
14 66
15 16
15 36
15 43
15 47
17 50
18 31
18 33
18 45
18 57
19 24
19 38
19 52
19 62
20 22
20 50
21 26
21 38
21 65
22 41
23 30
23 42
24 27
24 29
24 46
24 49
24 58
25 30
25 38
25 43
25 47
25 54
25 56
25 62
26 46
26 65
26 68
27 34
27 46
27 49
27 52
27 53
27 63
27 67
28 29
28 46
28 48
28 51
28 64
29 39
29 49
29 61
30 44
31 34
31 45
31 54
32 35
32 36
32 48
32 53
33 66
34 51
34 52
34 53
34 57
34 58
36 57
37 38
37 45
37 59
37 63
38 43
38 68
40 42
40 45
40 47
41 50
41 53
41 63
42 47
43 50
43 58
44 55
44 63
44 69
45 46
46 48
46 53
47 48
47 53
49 51
51 53
51 60
53 55
54 57
54 60
55 66
57 65
58 64
59 63
59 64
60 65
62 68
63 65
