35 153
6 2 0 6 0 0 0 1 0 4 0 3 3 2 2 1 3 0 4 1 4 4 3 2 5 5 4 4 3 2 2 3 7 4 0 
0 8
0 9
0 11
0 25
0 27
0 32
0 33
0 34
1 7
1 9
1 20
1 23
1 25
1 32
1 33
2 5
2 7
2 10
2 14
2 17
2 28
2 33
2 34
3 4
3 10
3 12
3 13
3 15
3 22
3 26
3 29
4 8
4 12
4 16
4 27
4 28
4 32
4 33
5 10
5 11
5 18
5 20
5 24
5 26
5 30
5 31
6 10
6 14
6 16
7 8
7 10
7 17
7 18
7 21
7 30
7 34
8 14
8 15
8 19
8 22
8 24
8 26
8 31
8 34
9 11
9 14
9 16
9 18
9 23
9 28
9 31
9 32
9 33
10 18
10 20
10 24
10 30
11 16
11 17
11 22
11 23
11 24
11 28
11 31
12 13
12 17
12 26
12 27
12 29
12 30
12 33
13 14
13 15
13 17
13 21
13 22
13 26
13 29
14 15
14 17
14 20
14 25
14 29
14 30
14 31
14 34
15 17
15 21
15 22
15 26
15 29
16 21
16 23
16 25
16 28
16 31
16 32
17 21
17 32
17 33
17 34
18 24
18 26
18 29
18 30
18 31
19 20
19 23
20 21
20 27
20 30
20 34
21 22
21 34
22 23
22 24
22 26
22 29
24 25
24 29
24 30
26 27
26 29
27 28
27 32
27 33
28 31
28 32
28 33
29 33
30 34
31 32
32 33
