100 197
13 17 13 8 15 25 14 6 31 28 6 13 7 4 30 5 6 11 6 2 1 13 21 11 7 11 29 19 19 15 26 21 13 4 5 7 9 30 0 19 16 5 14 22 28 15 31 15 4 24 6 30 9 5 1 21 7 22 22 20 9 27 11 0 30 23 0 26 6 15 10 13 15 16 1 16 8 27 12 29 15 10 24 14 31 5 21 26 15 31 1 11 1 7 21 4 4 5 18 1 
0 14
0 47
0 76
0 79
1 14
1 18
1 48
1 62
1 63
1 65
1 99
2 20
2 70
2 73
3 16
3 17
3 27
3 97
3 98
4 9
4 40
4 47
4 79
5 64
5 96
5 97
6 77
6 83
6 97
7 10
7 19
7 93
8 46
9 21
9 86
10 18
10 24
10 36
10 55
10 88
10 99
11 28
11 71
11 95
12 73
13 31
13 48
14 22
14 41
14 45
14 74
14 82
14 88
14 92
14 94
15 56
16 31
16 67
16 97
17 18
17 40
18 19
18 22
18 42
18 91
19 26
19 35
19 47
20 36
20 39
20 46
20 83
21 22
21 39
21 45
21 52
21 99
22 37
22 63
23 34
23 40
23 43
23 57
23 58
23 62
23 84
23 92
24 39
24 42
24 69
24 71
24 78
25 62
26 46
26 79
26 92
27 69
27 92
28 50
28 79
28 91
29 88
30 43
30 53
31 32
31 39
31 62
32 71
32 73
32 77
32 91
33 59
33 69
33 71
33 73
33 86
33 92
34 47
35 46
35 68
35 85
35 89
37 39
37 86
38 42
38 52
38 54
40 51
40 52
40 99
41 53
42 92
42 96
43 45
43 56
43 94
44 61
45 68
46 49
47 83
47 90
48 87
49 60
49 66
49 67
49 85
50 74
51 60
52 77
54 85
54 91
55 68
56 70
56 75
56 88
57 77
57 80
58 84
59 82
60 75
60 89
60 94
61 63
62 64
62 80
63 91
64 91
65 86
66 93
66 97
68 84
69 80
70 73
70 98
71 89
71 93
72 89
73 81
73 98
74 84
74 95
76 97
77 98
78 83
80 84
81 91
81 97
82 83
83 93
84 92
85 94
87 90
88 89
88 92
91 94
92 98
94 99
