100 198
15 15 18 29 2 30 22 25 24 4 13 0 5 7 14 11 7 26 30 28 30 7 2 29 9 2 2 1 31 7 22 1 18 11 5 2 17 28 0 4 21 5 12 17 31 15 28 30 21 17 19 7 30 17 25 20 25 8 7 21 9 3 28 5 17 13 23 26 10 6 10 26 2 5 25 23 9 5 5 3 1 16 17 22 2 18 19 3 30 17 6 15 1 11 2 4 0 0 8 16 
0 1
0 31
0 45
0 71
0 85
1 5
1 10
1 58
1 83
1 89
2 10
2 24
2 91
3 25
3 55
3 56
3 65
4 16
4 40
4 87
5 14
5 17
5 31
5 48
5 59
5 64
6 19
6 23
6 27
6 41
6 79
7 30
7 33
7 43
7 54
7 76
8 18
8 36
8 56
8 57
8 88
8 98
9 83
10 13
10 14
10 20
10 23
10 27
10 38
10 43
10 47
10 59
10 62
11 20
11 59
11 64
11 72
11 79
12 19
12 27
12 50
12 66
12 90
14 46
14 75
15 17
15 59
16 20
16 34
17 24
17 31
17 59
17 67
18 22
18 86
18 90
19 71
19 78
19 97
20 74
21 23
21 35
21 53
21 82
22 41
22 44
22 77
22 78
22 79
23 24
23 52
23 82
23 89
24 33
24 97
25 68
26 43
26 63
27 41
27 46
27 48
27 64
27 90
28 30
28 41
28 43
28 50
28 81
28 98
29 37
29 44
29 64
30 50
30 52
30 64
30 95
31 42
31 85
31 99
32 86
34 64
34 86
35 72
35 75
35 90
36 94
37 49
37 75
38 64
39 86
40 59
40 89
42 56
42 61
43 62
43 67
43 84
43 98
44 72
45 55
45 58
45 63
45 91
46 70
46 71
47 55
47 68
48 65
48 75
48 83
48 94
48 99
49 52
49 53
49 95
51 61
51 74
52 63
52 68
52 86
53 68
53 73
53 76
53 85
54 91
55 56
57 72
57 77
58 88
59 60
59 71
59 74
59 94
59 96
61 96
62 73
62 99
64 98
65 77
65 91
65 96
66 72
67 78
67 93
68 73
69 74
70 92
72 74
73 75
73 88
75 95
77 96
79 80
81 87
88 96
88 97
90 98
91 94
