80 360
13 6 7 13 15 0 9 2 9 1 5 10 0 13 11 8 3 6 9 0 6 10 12 3 15 13 6 5 2 4 1 6 5 0 0 6 6 15 8 4 3 4 1 4 13 1 7 6 13 13 6 14 11 13 4 9 0 9 3 5 6 11 0 10 6 3 12 3 2 10 10 10 6 7 4 11 3 13 10 13 
0 20
0 29
0 34
0 42
0 47
0 54
0 55
0 61
0 67
0 71
0 78
1 17
1 22
1 28
1 29
1 35
1 37
1 53
1 54
1 64
1 74
2 3
2 5
2 8
2 11
2 12
2 20
2 47
2 48
2 51
2 71
2 78
3 9
3 30
3 78
4 10
4 13
4 19
4 28
4 37
4 45
4 46
4 66
4 68
5 8
5 11
5 20
5 27
5 31
5 32
5 48
5 51
5 62
6 9
6 12
6 20
6 22
6 27
6 29
6 39
6 44
6 55
6 60
6 64
7 15
7 18
7 30
7 40
7 43
7 50
7 57
7 69
7 75
8 11
8 20
8 33
8 44
8 47
8 51
8 62
8 72
8 78
9 31
9 34
9 37
9 45
9 66
9 68
9 79
10 13
10 17
10 26
10 28
10 37
10 46
10 66
10 74
11 16
11 20
11 31
11 36
11 51
11 60
11 61
11 62
11 78
12 18
12 22
12 27
12 39
12 44
12 60
12 64
13 14
13 19
13 21
13 28
13 46
13 49
13 66
13 68
13 73
13 79
14 17
14 36
14 58
14 61
15 21
15 30
15 40
15 49
15 50
15 57
15 69
15 70
15 75
15 76
16 66
17 28
17 29
17 35
17 37
17 46
17 67
17 74
18 27
18 36
18 40
18 44
18 50
18 51
18 55
18 60
18 75
19 31
19 32
19 41
19 43
19 49
19 58
19 66
19 68
19 69
20 47
20 55
20 71
20 78
21 26
21 30
21 45
21 57
21 59
21 69
21 77
22 29
22 35
22 39
22 63
22 64
22 71
22 74
23 29
23 32
24 55
24 61
24 69
24 74
25 26
25 34
25 37
25 42
25 45
25 54
25 58
25 59
25 67
25 77
26 30
26 34
26 38
26 45
26 59
26 67
26 77
27 36
27 40
27 44
27 50
27 60
27 75
28 37
28 46
28 61
28 74
28 77
29 33
29 35
29 38
29 39
29 61
29 64
29 74
30 45
30 57
30 59
30 66
30 69
31 32
31 43
31 49
31 51
31 62
31 75
32 38
32 43
32 49
32 50
32 51
32 62
32 68
32 72
33 41
33 59
33 67
34 42
34 48
34 54
34 67
34 71
34 74
34 77
35 37
35 39
35 42
35 48
35 55
35 56
35 64
35 65
35 74
36 41
36 48
36 51
36 52
36 68
37 46
37 56
37 63
37 74
37 76
38 51
38 56
38 62
38 63
38 68
38 72
39 44
39 60
39 64
39 78
40 44
40 50
40 60
40 62
40 63
40 75
41 43
41 77
42 47
42 48
42 54
42 67
42 71
42 72
42 78
43 49
43 51
43 62
43 66
43 68
43 76
44 52
44 60
44 64
45 57
45 59
45 63
45 69
45 77
46 55
46 59
46 66
46 68
47 54
47 64
47 71
47 78
48 74
48 79
49 62
49 66
49 68
50 57
50 69
50 75
51 55
51 62
52 55
52 58
52 75
52 78
53 55
54 67
54 71
54 77
55 61
56 65
57 59
57 68
57 69
58 66
58 69
58 74
58 75
59 67
59 77
60 75
61 75
62 65
62 79
63 69
65 78
65 79
66 68
67 73
67 77
69 75
70 79
71 78
76 79
