80 359
1 13 14 0 7 9 2 4 2 6 6 5 10 5 0 1 11 15 1 14 10 10 4 10 9 15 5 9 5 3 9 6 2 6 4 4 10 3 6 12 3 14 11 4 0 13 6 4 11 6 7 0 15 13 8 11 10 2 9 1 6 13 2 5 6 5 1 6 13 1 6 13 13 0 3 1 7 10 12 9 
0 13
0 14
0 25
0 49
0 67
0 76
0 79
1 7
1 12
1 14
1 18
1 33
1 40
1 62
1 65
1 66
1 68
1 69
2 12
2 18
2 26
2 45
2 59
2 60
2 78
3 9
3 11
3 26
3 30
3 36
3 41
3 49
3 50
3 52
3 73
3 79
4 8
4 10
4 16
4 17
4 25
4 62
4 63
4 64
4 65
4 71
4 78
5 11
5 32
5 37
5 41
5 42
5 43
5 45
5 51
5 55
5 60
5 67
6 31
6 48
6 76
6 79
7 14
7 23
7 38
7 40
7 46
7 59
7 68
7 72
8 25
8 26
8 28
8 34
8 44
8 55
8 58
8 61
8 71
8 74
8 78
9 20
9 23
9 27
9 30
9 36
9 38
9 48
9 50
9 72
9 74
10 21
10 41
10 69
10 71
11 27
11 37
11 42
11 45
11 51
11 60
11 67
11 79
12 13
12 15
12 18
12 21
12 33
12 54
12 58
12 65
12 71
12 75
13 28
13 34
13 56
13 70
13 75
13 77
14 19
14 23
14 33
14 35
14 40
14 59
14 68
14 72
15 18
15 21
15 32
15 33
15 52
15 54
15 57
15 58
15 65
15 78
16 27
16 62
16 69
17 25
17 31
17 35
17 46
17 62
17 63
17 64
17 68
18 19
18 21
18 25
18 33
18 43
18 56
18 58
18 65
18 68
19 77
19 79
20 22
20 23
20 30
20 36
20 38
20 50
20 56
20 59
20 72
20 77
21 32
21 42
21 44
21 54
21 57
21 58
21 67
22 27
22 31
22 39
22 45
22 47
22 51
22 60
22 70
23 38
23 39
23 50
23 59
23 72
24 47
25 44
25 62
25 63
25 71
25 78
26 28
26 34
26 41
26 44
26 49
26 56
26 61
26 67
26 73
27 39
27 45
27 47
27 51
27 60
27 70
28 31
28 36
28 55
28 77
29 49
29 55
30 36
30 38
30 41
30 45
30 50
30 73
31 35
31 39
31 46
31 47
31 59
31 64
31 70
32 34
32 37
32 42
32 54
32 58
32 67
33 40
33 63
33 65
33 68
34 41
34 44
34 49
34 55
34 61
34 73
34 78
35 39
35 46
35 47
35 62
35 63
35 64
36 41
36 49
36 50
36 60
36 73
36 74
37 42
37 45
37 54
37 60
37 67
37 73
37 77
38 50
38 59
38 70
38 72
39 46
39 47
39 51
39 55
39 70
40 53
40 59
40 64
40 65
40 68
40 72
41 49
41 50
41 73
42 49
42 54
42 60
42 67
43 52
43 56
43 72
43 74
43 75
44 49
44 61
44 71
44 78
45 51
45 57
45 60
45 70
46 47
46 56
46 62
46 64
46 70
47 64
47 70
47 72
48 56
48 60
48 61
48 68
49 61
49 73
50 51
51 52
51 56
51 60
51 70
52 54
52 69
53 62
53 71
54 55
54 57
54 58
54 61
54 67
55 64
55 69
55 72
56 66
56 77
57 59
57 70
58 65
58 67
59 68
59 72
59 74
60 66
60 77
61 71
61 73
61 78
62 63
62 64
62 71
63 64
63 69
63 71
63 78
65 68
65 69
66 73
67 74
69 75
71 78
76 77
