30 84
3 4 4 0 4 4 7 1 4 3 7 3 6 2 7 3 4 2 3 1 0 2 5 2 6 4 1 0 4 6 
0 4
0 6
0 9
0 11
0 13
0 18
0 19
1 2
1 7
1 10
2 8
2 12
2 15
2 29
3 5
3 8
3 12
3 14
4 11
4 18
4 20
4 21
4 22
5 6
5 12
5 13
5 14
5 16
5 28
5 29
6 8
6 12
6 16
6 18
6 24
6 25
6 26
7 17
7 21
7 29
8 9
8 18
8 26
9 19
9 22
9 26
10 11
10 13
10 22
10 23
10 26
11 13
12 14
12 17
12 19
12 20
12 22
12 23
13 24
13 28
14 15
14 16
14 22
14 27
15 17
15 21
15 22
15 24
15 27
16 18
16 21
16 23
16 27
17 28
18 21
18 22
18 23
18 25
21 26
21 28
22 23
24 25
25 27
26 29
