50 230
3 7 4 2 0 6 6 7 7 5 7 7 3 5 1 7 7 0 6 5 7 6 7 0 3 6 2 7 4 3 4 7 1 5 5 0 1 5 5 2 4 0 7 7 4 1 2 2 5 2 
0 15
0 20
0 26
0 32
0 40
1 6
1 10
1 13
1 26
1 34
1 36
1 37
1 40
2 5
2 11
2 14
2 17
2 29
2 33
2 45
2 46
2 48
3 4
3 9
3 10
3 12
3 22
3 24
3 27
3 29
3 30
3 47
4 9
4 14
4 15
4 16
4 17
4 31
4 38
4 40
4 44
4 45
4 49
5 18
5 19
5 31
5 33
5 35
5 36
5 46
6 11
6 18
6 25
6 26
6 29
6 30
6 34
6 36
6 37
6 39
7 9
7 11
7 19
7 23
7 26
7 29
7 34
7 41
7 46
7 49
8 9
8 22
8 23
8 27
8 28
8 31
8 33
8 35
8 42
9 11
9 12
9 16
9 32
9 37
9 39
9 42
9 44
9 45
9 48
10 19
10 23
10 24
10 32
10 37
10 46
11 12
11 13
11 18
11 22
11 26
11 28
11 31
11 38
11 41
12 18
12 19
12 22
12 24
12 27
13 22
13 40
13 43
13 44
13 45
13 46
14 19
14 23
14 35
14 38
15 16
15 19
15 22
15 24
15 29
15 30
15 47
16 20
16 27
16 33
16 35
16 36
16 44
17 22
17 25
17 29
17 30
17 33
17 37
17 46
17 49
18 21
18 37
18 42
18 44
19 22
19 23
19 31
19 36
19 42
19 47
20 21
20 29
20 43
20 49
21 26
21 33
21 36
21 41
21 43
21 45
22 24
22 34
22 38
22 40
22 41
22 43
22 49
23 27
23 28
23 34
23 37
23 39
23 43
23 44
24 33
24 34
24 38
24 39
24 45
24 48
25 31
25 49
26 28
26 35
27 30
27 39
27 43
27 45
27 48
28 31
28 37
28 39
28 41
28 46
29 31
29 39
29 46
30 35
30 38
30 44
31 32
31 37
32 44
32 49
33 41
33 42
34 39
34 44
34 47
34 49
35 40
35 43
35 44
35 47
36 39
36 43
36 47
37 40
38 41
38 43
38 45
39 45
40 44
40 47
41 44
41 48
44 46
44 48
46 47
47 49
