40 90
4 1 2 0 2 6 1 1 1 1 7 5 7 4 1 5 3 1 3 6 5 7 4 4 7 2 1 6 6 4 6 1 7 4 5 0 3 2 1 5 
0 1
0 6
0 15
0 31
0 34
1 11
1 23
1 28
1 35
2 11
2 13
2 17
2 20
3 8
3 19
3 21
3 29
4 13
4 21
4 23
4 38
5 17
5 32
6 21
6 23
6 33
7 20
7 21
7 22
7 31
7 34
7 38
8 10
8 27
8 29
9 12
9 18
9 27
10 11
10 21
10 25
10 29
10 35
11 13
11 23
11 39
12 23
13 23
14 20
14 22
14 25
14 38
14 39
15 24
15 29
15 38
16 17
16 18
16 22
16 39
17 18
17 19
18 23
18 33
18 35
18 38
19 21
19 23
19 29
19 38
20 23
20 28
20 33
22 31
23 30
23 31
24 39
25 36
26 34
26 37
28 34
28 39
29 33
30 34
30 37
31 32
31 37
31 39
35 38
36 38
