80 158
13 6 2 1 4 7 6 4 7 14 4 12 6 2 15 13 15 6 5 3 8 8 7 10 6 1 10 7 7 4 11 12 14 7 6 9 9 3 1 12 6 0 13 12 7 9 9 13 11 13 2 2 5 11 11 1 6 0 8 9 11 3 2 2 13 14 5 1 6 3 13 2 8 6 10 2 12 7 7 15 
0 13
0 32
0 38
0 49
0 68
0 70
1 4
1 44
1 64
2 13
2 22
2 25
2 32
3 17
3 64
3 69
4 23
4 52
4 57
4 66
5 7
5 51
5 61
5 63
6 35
6 46
6 65
6 74
7 13
7 60
7 76
8 14
8 19
8 23
8 39
8 69
9 12
9 22
9 39
9 60
10 15
10 33
11 17
11 29
11 33
11 73
11 77
12 16
12 33
12 44
12 46
13 31
13 36
13 40
13 53
14 19
14 31
14 40
14 49
14 59
15 30
15 38
15 65
15 66
15 73
16 24
16 32
16 43
16 64
16 77
17 22
17 35
17 41
17 47
17 61
18 23
18 55
18 57
20 32
21 29
21 44
21 71
22 28
22 35
22 59
22 63
23 37
24 42
24 71
25 41
25 47
25 48
25 72
26 30
26 38
27 50
27 58
28 55
29 54
29 70
30 32
30 44
30 60
31 32
31 45
31 50
31 68
32 41
32 60
32 62
32 64
34 47
34 52
35 36
35 72
35 73
37 45
37 49
37 58
39 45
39 61
40 72
41 45
41 79
42 60
43 46
43 63
44 60
44 62
45 58
46 60
46 61
46 67
47 79
48 55
48 69
48 77
49 52
49 59
51 63
53 61
55 63
56 68
56 70
57 74
58 60
58 78
59 66
59 75
60 72
60 79
62 71
63 76
64 70
68 73
73 76
74 78
76 77
