100 1776
20 23 31 1 21 26 3 14 20 10 0 30 31 7 27 30 5 13 1 2 28 30 1 3 5 21 8 18 10 0 3 17 13 25 11 22 15 5 17 16 26 13 12 6 1 29 13 15 23 27 1 25 15 22 8 6 21 14 25 9 22 0 0 8 24 6 23 24 30 27 10 24 3 10 20 22 6 22 0 3 21 26 19 28 26 17 3 23 19 2 30 17 18 9 22 12 3 15 31 7 
0 5
0 6
0 8
0 14
0 18
0 22
0 23
0 24
0 25
0 30
0 31
0 41
0 42
0 43
0 50
0 51
0 53
0 54
0 55
0 56
0 57
0 58
0 60
0 61
0 62
0 66
0 67
0 69
0 70
0 75
0 76
0 81
0 84
0 87
0 90
0 97
0 99
1 2
1 3
1 5
1 6
1 9
1 10
1 17
1 18
1 19
1 21
1 22
1 26
1 27
1 30
1 31
1 32
1 35
1 36
1 38
1 43
1 51
1 53
1 54
1 57
1 58
1 59
1 60
1 61
1 62
1 67
1 69
1 71
1 72
1 73
1 79
1 86
1 88
2 6
2 7
2 8
2 9
2 11
2 13
2 15
2 19
2 20
2 24
2 25
2 30
2 31
2 32
2 35
2 41
2 44
2 48
2 54
2 55
2 57
2 61
2 64
2 69
2 71
2 74
2 76
2 77
2 82
2 86
2 88
2 90
3 5
3 8
3 27
3 28
3 29
3 35
3 37
3 39
3 40
3 45
3 47
3 50
3 51
3 53
3 55
3 59
3 62
3 63
3 65
3 68
3 71
3 73
3 76
3 78
3 79
3 80
3 95
3 98
3 99
4 5
4 12
4 15
4 16
4 17
4 19
4 25
4 29
4 31
4 32
4 33
4 41
4 44
4 47
4 53
4 55
4 57
4 61
4 63
4 64
4 66
4 68
4 73
4 78
4 83
4 87
4 88
4 92
4 95
4 97
4 99
5 10
5 14
5 16
5 21
5 22
5 25
5 27
5 29
5 31
5 32
5 33
5 35
5 37
5 38
5 40
5 41
5 42
5 46
5 48
5 50
5 53
5 56
5 57
5 63
5 68
5 71
5 78
5 83
5 84
5 90
5 92
5 93
5 99
6 8
6 10
6 11
6 12
6 14
6 15
6 23
6 28
6 30
6 32
6 33
6 38
6 41
6 42
6 43
6 47
6 49
6 53
6 54
6 66
6 67
6 70
6 72
6 73
6 74
6 77
6 79
6 81
6 82
6 83
6 90
6 98
7 8
7 9
7 12
7 16
7 20
7 25
7 26
7 29
7 31
7 35
7 37
7 40
7 46
7 47
7 49
7 50
7 51
7 55
7 57
7 59
7 60
7 62
7 64
7 69
7 72
7 77
7 85
7 86
7 89
7 90
7 91
7 94
7 95
7 97
7 99
8 12
8 13
8 16
8 17
8 18
8 30
8 34
8 35
8 36
8 41
8 45
8 46
8 49
8 54
8 56
8 58
8 59
8 62
8 65
8 68
8 70
8 72
8 80
8 86
8 91
8 92
8 97
9 13
9 15
9 17
9 18
9 21
9 24
9 25
9 26
9 27
9 31
9 33
9 34
9 40
9 42
9 44
9 46
9 49
9 51
9 54
9 55
9 58
9 62
9 63
9 64
9 65
9 68
9 69
9 70
9 72
9 73
9 87
9 88
9 89
9 90
9 98
9 99
10 12
10 15
10 16
10 18
10 20
10 23
10 30
10 36
10 43
10 46
10 47
10 48
10 50
10 60
10 61
10 62
10 64
10 65
10 68
10 70
10 71
10 72
10 73
10 75
10 84
10 86
10 90
10 99
11 14
11 21
11 32
11 34
11 35
11 45
11 49
11 50
11 51
11 52
11 59
11 60
11 62
11 65
11 66
11 67
11 69
11 72
11 73
11 74
11 76
11 77
11 79
11 80
11 81
11 82
11 83
11 86
11 88
11 90
11 92
11 93
11 97
11 98
12 14
12 15
12 16
12 18
12 19
12 20
12 25
12 31
12 33
12 34
12 35
12 38
12 39
12 40
12 41
12 42
12 46
12 47
12 49
12 54
12 56
12 59
12 60
12 62
12 64
12 67
12 69
12 70
12 74
12 77
12 79
12 83
12 84
12 87
12 88
12 90
12 91
12 92
12 94
12 95
12 97
12 99
13 14
13 15
13 17
13 19
13 21
13 23
13 24
13 25
13 27
13 32
13 34
13 36
13 37
13 39
13 40
13 44
13 45
13 49
13 54
13 55
13 58
13 60
13 63
13 70
13 72
13 75
13 78
13 83
13 84
13 85
13 86
13 94
14 15
14 18
14 21
14 23
14 27
14 31
14 32
14 34
14 43
14 48
14 50
14 51
14 54
14 62
14 63
14 65
14 69
14 70
14 71
14 72
14 75
14 76
14 84
14 86
14 87
14 92
14 93
14 94
14 95
14 99
15 16
15 17
15 20
15 24
15 28
15 29
15 34
15 36
15 37
15 38
15 44
15 52
15 54
15 55
15 56
15 58
15 61
15 66
15 68
15 71
15 73
15 74
15 76
15 78
15 80
15 82
15 90
15 91
15 94
15 95
16 17
16 19
16 21
16 22
16 23
16 26
16 35
16 38
16 41
16 43
16 44
16 45
16 47
16 53
16 54
16 55
16 56
16 57
16 61
16 63
16 64
16 67
16 73
16 76
16 77
16 80
16 88
16 91
16 93
16 94
16 95
17 20
17 21
17 22
17 25
17 26
17 27
17 30
17 37
17 39
17 41
17 49
17 51
17 54
17 55
17 58
17 59
17 70
17 74
17 75
17 77
17 79
17 83
17 84
17 89
17 90
17 93
17 95
17 96
17 97
17 99
18 19
18 20
18 29
18 35
18 36
18 38
18 41
18 46
18 49
18 56
18 60
18 61
18 62
18 63
18 67
18 70
18 71
18 72
18 74
18 76
18 84
18 87
18 89
18 90
18 93
18 94
18 97
18 98
18 99
19 23
19 26
19 32
19 37
19 39
19 40
19 41
19 43
19 50
19 51
19 53
19 58
19 59
19 60
19 61
19 63
19 65
19 70
19 77
19 78
19 80
19 83
19 87
19 92
19 94
19 97
20 22
20 25
20 27
20 28
20 29
20 32
20 37
20 38
20 41
20 43
20 45
20 46
20 48
20 52
20 56
20 58
20 61
20 65
20 66
20 71
20 72
20 74
20 77
20 81
20 83
20 84
20 88
20 89
20 93
20 95
20 96
20 98
21 25
21 28
21 36
21 38
21 39
21 40
21 41
21 42
21 44
21 48
21 49
21 52
21 53
21 54
21 60
21 61
21 66
21 67
21 68
21 71
21 74
21 75
21 76
21 81
21 82
21 84
21 89
21 91
21 94
22 26
22 28
22 36
22 45
22 47
22 51
22 54
22 58
22 61
22 68
22 70
22 72
22 76
22 78
22 82
22 83
22 88
22 91
22 92
22 95
22 96
22 97
22 98
23 24
23 28
23 29
23 31
23 33
23 40
23 44
23 54
23 56
23 58
23 67
23 70
23 76
23 77
23 83
23 93
23 94
23 97
24 26
24 32
24 33
24 38
24 40
24 42
24 45
24 46
24 49
24 51
24 65
24 70
24 77
24 78
24 81
24 83
24 86
24 99
25 26
25 28
25 30
25 38
25 40
25 50
25 51
25 52
25 54
25 55
25 57
25 68
25 70
25 71
25 75
25 76
25 83
25 84
25 88
25 89
25 91
25 92
25 93
25 95
25 97
25 99
26 28
26 30
26 38
26 46
26 48
26 49
26 50
26 53
26 54
26 55
26 57
26 58
26 60
26 61
26 62
26 67
26 69
26 70
26 72
26 76
26 77
26 78
26 86
26 88
26 89
26 91
26 96
27 30
27 31
27 32
27 33
27 35
27 36
27 37
27 42
27 43
27 45
27 48
27 49
27 50
27 52
27 56
27 59
27 65
27 68
27 76
27 79
27 80
27 82
27 83
27 85
27 87
27 88
27 90
27 91
27 97
28 33
28 35
28 36
28 37
28 42
28 43
28 44
28 45
28 48
28 50
28 51
28 52
28 53
28 56
28 59
28 60
28 65
28 68
28 69
28 70
28 71
28 74
28 75
28 76
28 78
28 81
28 84
28 87
28 92
28 93
28 94
28 97
28 98
29 30
29 40
29 41
29 42
29 47
29 48
29 51
29 52
29 53
29 56
29 57
29 58
29 59
29 63
29 65
29 71
29 73
29 80
29 82
29 91
29 93
29 96
29 97
30 32
30 34
30 35
30 37
30 42
30 49
30 50
30 51
30 54
30 58
30 60
30 62
30 66
30 67
30 68
30 71
30 73
30 74
30 76
30 78
30 79
30 80
30 82
30 83
30 84
30 86
30 87
30 91
30 92
30 93
30 94
30 96
31 32
31 41
31 53
31 54
31 56
31 57
31 62
31 63
31 66
31 67
31 68
31 77
31 80
31 84
31 87
31 89
31 92
31 94
31 97
31 98
31 99
32 39
32 40
32 41
32 42
32 43
32 52
32 53
32 54
32 55
32 56
32 64
32 67
32 70
32 71
32 73
32 76
32 81
32 82
32 86
32 87
32 92
32 96
33 35
33 36
33 49
33 50
33 52
33 56
33 64
33 65
33 69
33 72
33 76
33 79
33 82
33 84
33 87
33 91
33 92
33 94
33 95
34 38
34 39
34 40
34 41
34 45
34 49
34 50
34 51
34 57
34 59
34 61
34 63
34 64
34 65
34 71
34 72
34 73
34 74
34 76
34 78
34 83
34 84
34 86
34 87
34 89
34 91
34 92
35 36
35 38
35 40
35 43
35 45
35 47
35 51
35 53
35 61
35 63
35 64
35 71
35 73
35 77
35 78
35 83
35 86
35 88
35 89
35 93
35 94
35 95
35 98
36 39
36 40
36 45
36 47
36 50
36 51
36 59
36 63
36 65
36 71
36 72
36 74
36 77
36 81
36 83
36 87
36 88
36 89
36 90
36 94
36 95
36 97
37 40
37 45
37 49
37 50
37 52
37 53
37 54
37 58
37 60
37 68
37 69
37 72
37 73
37 74
37 75
37 76
37 84
37 88
37 93
37 95
37 96
37 99
38 42
38 47
38 51
38 52
38 54
38 56
38 60
38 62
38 63
38 65
38 68
38 75
38 81
38 86
38 89
38 93
38 99
39 42
39 43
39 45
39 49
39 52
39 58
39 59
39 63
39 64
39 65
39 66
39 67
39 68
39 69
39 71
39 74
39 77
39 78
39 80
39 88
39 93
39 94
39 97
40 41
40 43
40 47
40 48
40 57
40 62
40 65
40 66
40 71
40 72
40 78
40 80
40 82
40 83
40 84
40 86
40 90
40 91
41 42
41 45
41 46
41 50
41 51
41 55
41 56
41 57
41 58
41 61
41 62
41 65
41 69
41 71
41 74
41 78
41 79
41 81
41 82
41 84
41 90
41 93
41 95
41 97
41 99
42 47
42 48
42 52
42 53
42 63
42 64
42 65
42 66
42 68
42 72
42 79
42 82
42 84
42 85
42 86
42 87
42 89
42 90
42 91
42 93
42 95
42 96
42 97
42 98
42 99
43 47
43 60
43 63
43 66
43 69
43 73
43 76
43 77
43 80
43 84
43 98
44 45
44 52
44 53
44 55
44 61
44 65
44 70
44 73
44 75
44 76
44 77
44 79
44 80
44 81
44 83
44 84
44 87
44 90
44 91
44 92
44 93
44 97
45 47
45 48
45 52
45 53
45 57
45 58
45 61
45 69
45 71
45 72
45 73
45 75
45 77
45 83
45 85
45 87
45 88
45 96
45 99
46 53
46 54
46 57
46 60
46 61
46 62
46 63
46 64
46 67
46 75
46 79
46 80
46 81
46 82
46 83
46 84
46 85
46 88
46 96
46 99
47 54
47 57
47 58
47 65
47 66
47 67
47 69
47 74
47 75
47 76
47 79
47 83
47 86
47 87
47 90
47 92
47 97
48 53
48 58
48 61
48 62
48 63
48 67
48 68
48 72
48 74
48 78
48 80
48 81
48 88
48 91
48 98
49 50
49 52
49 54
49 58
49 59
49 62
49 67
49 68
49 70
49 72
49 75
49 77
49 81
49 83
49 85
49 86
49 91
49 93
49 97
49 99
50 51
50 53
50 60
50 61
50 66
50 67
50 72
50 75
50 79
50 85
50 86
50 87
50 90
50 96
50 98
51 53
51 55
51 57
51 61
51 63
51 66
51 69
51 74
51 75
51 83
51 85
51 86
51 87
51 90
51 92
51 93
51 94
51 97
51 98
52 54
52 57
52 58
52 65
52 69
52 76
52 79
52 81
52 82
52 83
52 84
52 85
52 92
52 93
52 97
52 99
53 56
53 58
53 62
53 69
53 70
53 71
53 72
53 73
53 75
53 79
53 82
53 83
53 85
53 87
53 88
53 94
53 95
54 57
54 59
54 65
54 71
54 72
54 77
54 92
54 96
55 57
55 58
55 61
55 64
55 69
55 70
55 71
55 74
55 75
55 76
55 83
55 85
55 87
55 88
55 89
55 90
55 91
55 92
55 93
55 96
55 99
56 58
56 61
56 66
56 72
56 78
56 79
56 80
56 94
56 95
56 98
57 59
57 60
57 63
57 64
57 69
57 74
57 76
57 77
57 78
57 80
57 82
57 83
57 88
57 92
58 61
58 64
58 66
58 69
58 70
58 73
58 80
58 81
58 82
58 87
58 88
58 89
58 90
58 97
59 63
59 65
59 68
59 73
59 74
59 75
59 80
59 82
59 85
59 89
59 90
59 92
59 95
59 98
60 62
60 72
60 75
60 77
60 82
60 83
60 84
60 85
60 86
60 87
60 88
60 90
60 91
60 93
60 97
61 64
61 65
61 67
61 73
61 74
61 75
61 76
61 79
61 81
61 82
61 84
61 85
61 86
61 87
61 95
61 98
61 99
62 65
62 68
62 69
62 70
62 73
62 74
62 79
62 82
62 84
62 86
62 88
62 90
62 92
62 94
62 96
63 65
63 67
63 68
63 69
63 76
63 79
63 80
63 82
63 83
63 86
63 87
63 97
63 99
64 66
64 67
64 68
64 71
64 72
64 75
64 76
64 77
64 79
64 80
64 82
64 90
64 94
64 97
65 66
65 73
65 75
65 79
65 80
65 88
65 91
65 93
65 94
65 96
65 97
66 70
66 75
66 84
66 87
66 89
66 95
66 97
67 72
67 79
67 82
67 83
67 84
67 86
67 89
67 97
67 98
68 70
68 73
68 78
68 79
68 81
68 83
68 84
68 86
68 89
68 90
68 91
68 92
69 72
69 74
69 76
69 77
69 80
69 81
69 83
69 86
69 91
69 96
69 97
70 71
70 76
70 79
70 80
70 81
70 82
70 83
70 84
70 85
70 87
70 90
70 95
70 97
71 77
71 79
71 80
71 82
71 84
71 87
71 91
71 95
72 73
72 75
72 77
72 81
72 82
72 83
72 84
72 86
72 88
72 91
72 95
72 96
72 99
73 74
73 75
73 83
73 86
73 87
73 89
73 90
73 94
73 95
73 96
73 98
74 77
74 79
74 84
74 92
74 93
74 95
75 78
75 79
75 81
75 82
75 85
75 86
75 88
75 95
75 99
76 79
76 84
76 85
76 86
76 90
76 92
76 95
77 78
77 81
77 83
77 85
77 86
77 89
77 90
77 94
77 97
78 79
78 80
78 83
78 84
78 86
78 88
78 89
78 90
78 91
78 95
78 97
79 80
79 82
79 83
79 86
79 87
79 88
79 91
79 93
79 96
79 98
80 83
80 85
80 86
80 91
80 95
80 96
80 97
81 82
81 83
81 84
81 85
81 90
81 93
81 94
81 96
81 97
81 99
82 85
82 88
82 90
82 93
82 94
82 98
83 89
83 90
83 91
83 92
83 93
83 94
83 95
83 96
83 98
83 99
84 85
84 86
84 87
84 88
84 90
84 91
84 93
84 96
84 97
84 98
85 86
85 88
85 90
85 93
85 95
85 98
86 90
86 91
86 93
86 95
86 97
86 98
87 89
87 93
87 97
87 98
87 99
88 89
88 91
88 92
88 95
89 92
89 96
89 97
89 99
90 92
90 93
90 94
90 99
91 93
91 94
91 95
91 97
91 98
92 93
92 94
92 95
92 97
93 94
93 99
94 98
95 97
95 98
97 99
98 99
