80 162
10 7 15 10 8 4 12 6 6 2 6 6 4 5 4 11 6 10 11 15 1 4 7 5 3 1 9 14 15 5 14 10 9 3 12 1 3 11 6 14 1 14 4 12 7 12 14 1 15 1 1 1 10 1 12 2 1 15 11 8 4 3 6 8 5 10 7 15 4 14 10 9 7 12 4 6 2 13 8 11 
0 52
1 22
1 24
1 26
1 40
1 44
2 8
2 22
2 34
2 37
2 41
2 45
2 71
2 76
3 32
3 35
3 37
3 45
3 70
3 76
4 10
4 31
4 48
4 72
5 8
5 27
5 44
6 10
6 56
7 18
7 21
7 24
7 74
7 75
8 14
8 40
8 45
8 76
9 68
9 75
10 15
10 61
11 12
11 22
11 77
12 34
12 53
12 69
12 79
13 16
13 63
14 42
14 65
14 74
16 53
17 22
17 43
17 51
18 20
18 51
19 66
19 68
19 77
20 27
21 28
21 77
22 33
22 55
22 61
22 62
22 66
22 67
22 72
23 36
23 37
23 49
24 46
24 70
24 72
25 45
25 63
26 46
26 61
26 64
26 76
27 45
27 60
27 75
28 50
29 78
30 39
30 42
30 64
30 74
31 32
31 61
32 35
32 38
32 51
32 54
33 75
34 40
34 52
34 64
34 76
35 76
36 48
36 52
37 45
37 61
37 76
38 47
38 50
38 54
38 71
39 45
40 49
40 53
41 43
41 51
41 52
42 52
42 65
42 73
43 48
44 66
45 49
45 72
45 76
46 57
46 65
46 76
47 52
47 68
49 52
49 69
49 76
50 63
50 67
50 71
50 72
52 59
52 64
54 77
55 79
56 61
56 78
57 61
57 72
57 74
57 76
57 79
58 73
59 71
59 77
61 73
61 76
63 71
63 76
66 79
68 78
69 74
