70 149
3 2 3 3 12 10 9 14 7 0 12 12 9 7 4 8 15 4 0 1 8 5 0 1 15 14 2 4 2 2 0 7 9 0 4 5 3 3 10 14 12 4 0 10 0 14 14 7 9 0 2 10 3 7 4 5 2 9 5 13 8 14 1 6 5 8 4 10 12 10 
0 12
0 17
0 39
0 53
0 56
1 10
1 24
1 29
1 34
1 38
1 41
1 46
1 68
2 4
2 22
2 54
3 9
3 30
3 44
3 63
3 64
4 41
4 45
4 48
5 7
5 23
5 45
5 48
5 55
6 17
6 32
6 40
6 41
6 56
7 28
7 37
8 18
8 27
8 47
9 21
9 25
9 48
9 68
10 46
10 57
10 67
11 12
11 21
11 39
11 65
11 68
12 19
12 26
12 37
13 18
13 21
13 27
13 39
14 15
14 43
15 17
15 27
15 46
15 55
16 27
16 43
16 62
17 26
17 57
18 48
18 50
18 58
19 56
19 60
19 61
19 62
19 68
20 22
20 44
20 49
20 60
20 64
21 52
22 34
22 41
23 28
23 59
23 60
24 32
25 38
25 52
25 53
25 63
26 29
26 55
26 62
27 52
28 31
28 61
29 36
29 57
29 63
30 40
31 49
31 57
31 60
31 63
32 55
32 66
33 44
33 58
33 63
33 69
34 67
35 50
35 58
35 66
36 41
36 45
36 62
37 48
37 53
38 46
39 56
39 58
40 46
40 50
40 55
40 57
41 42
42 44
42 49
42 69
43 46
43 67
44 58
45 59
46 51
46 65
47 50
48 54
53 54
56 58
56 66
59 61
59 62
60 61
61 64
64 68
