70 159
5 12 11 8 12 9 12 5 13 10 8 3 2 4 13 8 9 6 4 0 11 15 4 5 12 14 6 2 14 11 14 2 7 13 4 7 1 5 12 12 4 13 3 0 13 4 11 13 13 1 9 6 7 14 8 0 8 0 6 15 1 8 9 13 5 6 10 10 10 6 
0 15
0 20
0 32
0 36
0 66
1 8
1 10
1 12
1 14
1 43
1 63
2 31
2 43
2 67
2 68
3 15
3 19
3 30
3 37
3 47
3 64
4 29
4 52
4 68
5 11
5 14
5 24
5 62
6 13
6 18
6 25
6 54
7 18
7 19
7 22
7 69
8 46
8 49
8 53
8 56
9 26
9 28
9 36
9 44
10 18
10 26
10 31
10 42
11 26
11 34
11 47
12 56
12 64
13 26
13 65
13 68
14 15
14 19
14 26
14 44
14 48
14 49
15 36
15 41
15 43
15 60
16 21
16 28
16 43
17 54
17 58
17 62
18 39
18 52
18 56
19 25
19 33
19 38
19 40
19 66
20 27
20 41
21 28
21 47
22 31
22 41
22 46
23 34
23 48
23 49
23 50
23 53
24 29
24 43
24 53
24 59
24 67
25 48
25 50
25 58
25 69
26 38
26 40
26 60
26 61
27 40
27 65
28 48
28 62
29 63
30 41
30 45
30 66
31 43
31 56
31 60
32 35
32 37
32 40
32 51
32 54
32 56
34 45
34 61
35 38
35 53
36 55
36 56
37 38
37 51
37 57
37 60
38 69
40 58
41 46
41 49
41 58
42 61
42 63
42 65
43 46
44 47
45 67
46 57
47 55
48 61
48 62
48 63
49 66
50 66
52 57
53 63
55 56
55 67
57 67
59 60
60 67
61 67
61 69
