100 150
23 26 10 24 22 27 22 29 15 8 29 12 23 8 30 20 30 1 5 27 24 8 15 2 20 9 20 24 27 25 30 22 24 26 6 3 11 21 20 16 21 0 29 28 3 5 21 5 9 0 3 4 26 25 10 14 7 29 3 1 3 31 13 25 22 20 19 30 28 8 22 8 4 15 20 3 24 23 13 17 30 23 23 23 0 10 11 15 10 27 18 31 28 17 28 2 1 20 19 15 
0 1
0 34
1 78
2 28
3 43
3 67
3 95
4 21
4 41
4 80
5 56
5 59
5 63
6 19
6 32
6 43
6 44
6 54
7 12
7 49
7 60
7 83
7 92
7 98
8 16
8 41
8 94
9 27
9 40
9 52
9 76
10 21
10 41
10 94
11 30
11 35
11 67
12 37
13 53
13 72
14 54
14 56
14 63
15 50
15 74
15 87
16 77
16 99
17 27
17 51
17 52
17 66
18 24
18 53
18 75
19 33
19 62
20 25
20 85
20 86
21 34
22 61
23 49
23 67
23 92
24 28
24 38
24 45
25 31
25 57
26 51
26 61
26 88
26 97
27 59
28 33
28 62
29 63
30 77
30 99
31 46
31 75
31 85
32 62
32 91
33 45
34 69
34 80
35 37
35 64
35 77
36 73
36 81
36 96
37 49
37 67
38 95
39 41
39 64
40 59
40 63
42 51
42 52
42 88
43 69
43 78
44 79
45 53
46 98
47 50
47 65
47 87
48 69
48 79
48 93
50 55
50 96
51 61
53 57
53 76
54 91
55 65
55 83
56 91
57 75
58 93
60 72
61 68
61 82
65 89
68 90
69 90
70 92
71 79
71 81
71 93
73 98
74 85
74 86
79 90
80 90
81 88
81 97
81 98
83 89
84 95
86 87
89 92
93 97
94 99
