80 142
1 7 15 2 0 1 3 8 15 0 12 14 9 2 4 1 13 15 15 4 14 12 6 8 7 2 13 8 3 9 3 15 3 12 1 9 5 4 7 8 14 5 5 7 9 6 7 15 3 8 9 9 8 11 10 11 0 14 7 15 5 10 7 14 7 2 6 8 7 4 15 12 9 0 1 0 2 1 1 1 
0 8
0 13
0 24
0 26
0 48
0 58
0 72
1 8
1 9
1 63
1 76
2 5
2 18
2 44
2 50
3 15
3 26
3 49
4 29
4 34
4 62
4 66
4 73
5 46
5 71
6 37
6 40
6 41
6 62
7 17
7 41
7 42
8 38
9 51
9 55
9 58
10 45
10 47
10 60
10 66
11 34
11 46
11 60
11 66
12 24
12 60
12 77
13 27
13 28
13 45
14 17
14 29
14 41
14 62
14 73
14 75
15 41
15 73
16 19
16 51
16 55
16 64
17 21
17 72
18 53
18 63
19 69
19 74
19 79
20 27
20 28
20 36
20 50
20 71
21 42
21 68
21 79
22 35
22 40
22 47
22 60
23 47
24 29
24 45
24 66
25 76
26 38
27 58
27 63
28 38
28 43
28 76
29 72
30 53
30 58
30 63
30 65
31 57
32 58
33 36
33 40
33 44
33 50
33 64
34 49
35 70
36 76
37 60
38 45
38 47
38 57
38 67
39 55
42 77
43 46
43 59
45 48
45 61
46 57
46 74
47 54
47 70
49 73
50 63
52 73
53 74
54 78
55 68
56 67
57 70
57 71
57 76
58 68
59 65
59 73
61 67
65 68
65 74
65 79
68 72
69 77
77 79
