80 237
5 0 4 3 14 8 4 2 5 3 6 11 6 12 9 4 4 15 2 1 3 14 6 8 0 4 7 13 9 6 0 7 1 15 0 4 5 5 6 0 7 7 1 4 15 14 6 11 9 11 7 7 7 14 4 13 9 6 5 1 6 15 12 2 4 5 2 11 0 15 7 7 11 15 15 12 9 14 4 6 
0 4
0 6
0 16
0 17
0 34
0 35
0 41
0 58
0 64
1 27
1 40
1 63
1 76
2 3
2 12
2 17
2 43
2 54
3 14
3 20
3 54
3 59
3 61
4 6
4 15
4 16
4 24
4 35
4 50
5 54
6 10
6 15
6 16
6 50
6 73
7 26
7 35
7 38
7 43
7 46
7 51
7 68
8 24
8 32
8 50
8 65
8 70
8 77
9 17
9 32
9 49
9 53
9 65
9 72
10 11
10 19
10 33
10 40
10 59
10 74
11 20
11 27
11 43
11 48
11 51
11 59
11 68
12 15
12 43
12 46
12 61
13 37
13 39
13 55
13 71
13 75
13 79
14 20
14 22
14 54
14 64
15 16
15 21
15 26
15 38
15 41
15 52
15 59
16 36
16 42
16 52
16 61
16 73
16 74
17 19
17 33
17 41
17 45
17 48
18 22
18 72
19 33
19 64
19 68
20 31
20 35
20 54
21 23
21 47
21 57
21 63
21 66
22 31
22 35
22 37
22 39
22 71
23 45
23 47
23 57
23 63
23 76
24 30
24 70
24 77
25 55
25 59
25 69
25 77
26 43
26 60
26 68
27 40
27 42
27 58
27 75
27 79
28 38
29 33
29 34
29 45
29 64
29 74
30 36
30 38
30 52
30 60
30 70
31 37
31 39
31 48
31 54
31 56
31 64
32 50
32 65
32 72
32 77
33 41
33 45
34 35
34 41
34 45
34 74
35 59
35 64
35 79
36 38
36 56
36 60
36 77
37 39
37 48
37 71
38 52
39 71
39 75
40 55
40 58
40 63
41 51
41 60
41 64
41 78
42 43
42 67
43 44
43 46
44 47
45 61
46 51
46 61
47 57
47 62
47 64
47 66
49 53
49 65
49 67
49 69
49 72
50 65
50 72
51 59
51 68
51 74
52 60
52 73
53 62
53 67
53 69
53 72
55 71
55 75
55 79
56 78
57 62
57 66
57 67
58 63
58 76
59 68
60 73
62 66
62 67
62 69
63 76
64 74
65 72
66 67
66 69
67 69
67 78
70 77
71 75
75 79
77 78
