60 631
7 11 15 12 11 7 11 7 3 8 5 1 1 1 15 12 13 11 9 0 14 8 4 3 1 13 10 5 5 15 7 9 7 2 5 8 12 5 7 15 9 3 8 13 0 7 3 2 1 4 6 8 0 9 15 2 5 5 0 2 
0 3
0 4
0 6
0 7
0 8
0 10
0 11
0 12
0 14
0 16
0 19
0 21
0 26
0 27
0 28
0 29
0 30
0 32
0 33
0 35
0 36
0 37
0 39
0 40
0 42
0 43
0 44
0 46
0 47
0 48
0 50
0 59
1 2
1 3
1 4
1 5
1 11
1 14
1 15
1 18
1 19
1 20
1 23
1 25
1 26
1 27
1 28
1 29
1 30
1 32
1 33
1 35
1 38
1 40
1 41
1 43
1 44
1 45
1 47
1 48
1 51
1 52
1 53
1 56
1 59
2 3
2 5
2 8
2 11
2 13
2 17
2 19
2 20
2 22
2 25
2 29
2 31
2 39
2 49
2 52
2 53
2 54
2 55
2 57
3 4
3 6
3 10
3 11
3 12
3 20
3 23
3 24
3 25
3 26
3 28
3 34
3 35
3 41
3 42
3 46
3 47
3 49
3 58
4 5
4 7
4 10
4 12
4 13
4 16
4 17
4 19
4 24
4 25
4 32
4 40
4 41
4 52
4 54
4 55
4 56
4 57
4 58
5 6
5 9
5 13
5 15
5 17
5 18
5 28
5 29
5 35
5 37
5 41
5 49
5 50
5 52
5 53
5 57
5 58
6 8
6 12
6 13
6 17
6 20
6 23
6 25
6 32
6 40
6 47
6 51
6 53
6 57
7 12
7 15
7 17
7 19
7 23
7 24
7 26
7 27
7 28
7 30
7 32
7 37
7 39
7 40
7 42
7 47
7 49
7 54
7 55
7 56
8 11
8 13
8 14
8 15
8 16
8 17
8 20
8 30
8 31
8 32
8 38
8 42
8 44
8 45
8 47
8 50
8 54
8 56
8 58
9 11
9 19
9 21
9 24
9 28
9 30
9 31
9 38
9 51
9 54
9 58
9 59
10 16
10 17
10 18
10 22
10 23
10 24
10 30
10 31
10 33
10 37
10 38
10 42
10 43
10 50
10 51
10 54
10 55
10 56
11 14
11 16
11 18
11 23
11 43
11 44
11 52
11 53
11 54
11 58
12 15
12 16
12 17
12 19
12 21
12 30
12 31
12 32
12 33
12 34
12 35
12 36
12 39
12 40
12 44
12 47
12 50
12 51
12 54
12 57
13 14
13 15
13 22
13 23
13 26
13 34
13 36
13 38
13 42
13 44
13 50
13 55
13 59
14 17
14 20
14 21
14 24
14 30
14 32
14 34
14 39
14 42
14 43
14 44
14 47
14 48
14 49
14 50
14 52
14 57
15 18
15 20
15 22
15 25
15 27
15 29
15 30
15 32
15 46
15 52
15 55
15 56
16 21
16 25
16 27
16 38
16 46
16 47
16 49
16 56
16 57
16 58
17 18
17 19
17 22
17 25
17 41
17 43
17 46
17 51
17 57
17 58
17 59
18 19
18 27
18 29
18 33
18 34
18 38
18 41
18 43
18 46
18 49
18 53
18 55
18 56
18 57
18 58
19 20
19 22
19 23
19 25
19 28
19 29
19 34
19 35
19 39
19 41
19 44
19 51
19 55
20 22
20 26
20 29
20 39
20 42
20 43
20 46
20 47
20 49
20 50
20 55
21 25
21 27
21 28
21 31
21 36
21 37
21 38
21 40
21 43
21 49
21 56
21 59
22 24
22 26
22 28
22 35
22 39
22 45
22 48
22 49
22 50
22 51
22 55
22 57
23 26
23 35
23 36
23 38
23 42
23 43
23 47
23 49
23 52
23 53
23 54
23 57
24 25
24 27
24 29
24 30
24 34
24 35
24 36
24 42
24 44
24 47
24 49
24 50
24 55
24 56
25 26
25 29
25 30
25 31
25 39
25 41
25 42
25 45
25 47
25 57
25 59
26 28
26 29
26 31
26 32
26 33
26 36
26 39
26 40
26 42
26 45
26 48
26 49
26 52
26 57
27 29
27 33
27 35
27 36
27 37
27 41
27 48
27 51
27 56
28 29
28 35
28 39
28 40
28 41
28 43
28 48
28 50
28 51
28 52
28 54
28 56
28 57
29 35
29 37
29 42
29 43
29 49
29 50
29 51
29 53
29 54
29 56
29 57
29 58
30 31
30 32
30 33
30 44
30 48
30 50
30 52
30 57
30 58
30 59
31 35
31 40
31 42
31 44
31 45
31 48
31 53
31 54
31 55
32 33
32 35
32 37
32 39
32 41
32 43
32 48
32 50
32 52
32 54
32 59
33 35
33 37
33 39
33 41
33 46
33 47
33 51
33 54
33 55
33 57
33 58
33 59
34 35
34 36
34 41
34 42
34 46
34 47
34 49
34 50
34 52
34 54
34 55
34 59
35 39
35 41
35 42
35 44
35 45
35 48
35 50
35 54
35 56
35 57
35 59
36 37
36 44
36 47
36 50
36 52
36 56
37 39
37 41
37 43
37 47
37 48
37 53
37 56
37 59
38 39
38 41
38 42
38 46
38 47
38 48
38 50
38 53
38 56
38 57
39 44
39 48
39 49
39 56
39 58
40 42
40 43
40 44
40 45
40 47
40 48
40 49
40 50
40 52
40 54
40 56
41 42
41 49
41 52
41 54
41 59
42 44
42 46
42 47
42 48
42 52
42 54
42 59
43 47
43 50
43 54
43 55
43 58
43 59
44 46
44 52
44 56
44 57
44 58
44 59
45 49
45 50
45 53
45 55
45 58
46 48
46 49
46 50
46 53
46 54
46 56
46 59
47 49
47 50
47 52
47 59
48 49
48 50
48 52
48 53
48 55
49 50
49 53
49 58
49 59
50 52
50 53
50 55
50 56
50 58
50 59
51 53
52 57
53 55
53 56
54 59
55 58
56 57
56 58
56 59
