40 106
1 0 6 3 0 6 7 7 7 7 3 5 0 4 6 1 2 2 0 0 0 0 5 7 5 4 0 7 6 7 2 4 2 1 7 4 2 1 1 0 
0 7
0 11
0 15
0 19
0 30
0 34
1 4
1 12
1 15
1 22
2 4
2 5
2 12
2 13
2 14
2 23
2 25
3 4
3 5
3 10
3 21
3 24
4 5
4 18
4 20
4 29
5 6
5 16
5 22
5 29
5 34
5 38
6 11
6 24
6 29
6 30
7 8
7 13
7 25
7 30
8 12
8 14
8 22
8 32
8 37
9 19
9 20
9 36
10 24
11 19
11 25
11 30
11 38
12 31
12 38
12 39
13 20
13 34
14 16
14 28
14 33
14 35
14 38
15 22
15 25
15 32
16 21
16 29
16 36
16 37
17 32
18 21
18 23
18 26
18 37
18 38
19 29
19 30
19 32
20 24
20 30
20 33
20 34
22 32
22 39
23 33
23 39
24 28
25 29
25 39
26 31
26 34
26 35
26 36
27 29
28 30
28 34
29 30
29 32
29 37
31 32
31 35
32 38
33 38
35 36
37 39
