40 106
0 6 1 0 0 7 1 5 3 3 0 4 0 7 6 6 6 7 7 0 4 4 1 5 7 6 1 2 5 5 4 1 2 1 2 3 7 7 6 0 
0 2
0 3
0 12
0 18
0 22
0 25
0 30
0 31
1 6
1 38
2 12
2 39
3 8
3 27
3 33
4 5
4 20
4 23
4 26
4 32
4 34
5 12
5 13
5 21
5 22
5 27
5 32
5 34
5 35
5 38
6 21
6 26
6 28
6 32
6 39
7 8
7 10
7 13
8 12
8 16
8 38
9 34
10 11
10 12
10 25
10 34
11 14
11 17
11 36
12 14
12 38
13 23
13 34
13 38
13 39
14 15
14 18
14 21
14 38
15 24
15 27
15 31
15 35
15 37
16 20
16 22
17 18
17 20
17 24
17 29
17 31
18 19
18 29
19 21
19 22
19 28
20 28
21 23
21 36
22 27
22 37
23 25
23 26
23 31
23 34
24 28
24 32
25 27
25 33
26 34
26 36
27 29
27 38
28 32
28 37
28 38
29 30
29 31
30 33
30 38
31 32
31 35
31 38
32 37
34 36
36 37
