70 123
13 8 0 2 13 11 2 15 2 8 11 11 14 4 3 7 15 2 9 14 15 15 0 6 7 6 10 12 12 6 3 2 2 6 11 10 13 5 9 8 13 9 12 13 11 15 0 3 5 1 2 10 10 12 13 11 12 3 13 14 15 1 5 1 6 6 1 8 6 5 
0 22
0 32
0 33
0 42
1 13
1 37
1 50
1 53
2 14
2 30
2 40
2 46
3 18
3 27
3 28
3 58
4 55
4 64
5 8
5 33
5 42
5 62
6 10
6 54
6 61
7 18
7 28
7 69
8 30
8 36
8 46
8 59
9 15
9 31
9 55
10 45
10 48
10 53
11 13
11 34
11 48
11 53
12 21
12 23
12 49
12 51
13 32
13 67
14 27
14 31
14 58
15 36
15 46
16 28
16 58
16 64
17 20
17 45
17 51
17 52
18 21
18 25
18 35
19 37
20 57
20 61
21 39
21 47
21 69
22 43
22 60
23 29
23 57
24 30
24 37
24 40
24 50
25 26
25 27
25 47
26 37
26 40
26 52
27 40
29 49
30 33
31 46
31 66
32 50
32 60
33 50
34 38
34 67
35 40
35 57
36 62
37 44
38 48
38 68
39 51
41 42
41 62
41 63
42 43
43 63
44 45
44 52
44 53
45 61
47 51
47 52
48 54
49 69
50 56
50 65
51 57
54 68
55 66
56 66
58 66
60 67
64 66
65 67
