50 75
1 1 3 0 5 1 4 6 2 1 7 4 6 0 0 1 3 5 0 7 0 5 0 1 0 6 4 1 5 1 1 3 4 5 0 3 3 3 1 4 5 4 0 0 3 1 4 3 2 6 
0 2
1 6
1 11
1 15
1 23
1 28
2 30
2 37
3 44
4 10
4 23
4 28
4 44
4 48
5 14
5 16
5 24
7 9
8 29
8 34
8 35
8 42
9 21
9 27
9 29
9 31
9 34
9 38
9 43
10 22
10 41
11 13
11 30
11 41
11 45
12 26
12 39
12 40
13 35
14 28
14 35
14 46
15 34
15 42
16 23
17 28
18 22
18 44
19 33
20 35
20 42
21 39
23 30
23 32
23 47
24 26
25 34
25 39
26 36
26 37
26 42
27 35
28 42
29 40
31 40
31 44
32 47
33 37
33 47
35 49
38 39
38 46
40 43
40 47
44 47
