70 210
10 14 12 1 0 4 13 1 8 8 2 8 15 11 13 14 0 6 1 4 11 1 4 1 6 2 2 11 8 6 14 4 6 2 10 12 10 2 6 14 1 1 10 11 10 3 12 10 1 2 8 9 12 5 13 0 10 11 3 2 14 15 4 13 2 12 9 2 2 10 
0 4
0 9
0 38
0 39
0 44
0 45
0 49
0 64
1 2
1 12
1 16
1 35
1 56
1 61
2 12
2 16
2 36
2 48
2 63
3 27
3 36
3 41
3 63
4 38
4 41
4 57
4 64
4 69
5 8
5 14
5 20
5 23
5 27
5 31
5 37
5 47
6 14
6 15
6 20
6 33
6 47
6 58
6 59
7 34
7 41
7 46
7 57
7 68
7 69
8 22
8 30
8 37
8 40
9 25
9 31
9 39
9 43
9 44
9 64
10 13
10 19
10 29
10 45
10 54
11 15
11 24
11 34
11 46
11 66
11 68
12 16
12 54
12 56
12 61
12 63
13 21
13 26
13 28
13 32
13 36
13 65
14 20
14 33
14 37
14 47
14 49
15 24
15 33
15 59
15 66
16 48
16 56
16 63
17 22
17 24
17 50
18 48
18 50
18 68
19 23
19 26
19 27
19 28
19 62
19 65
20 33
20 47
20 59
21 26
21 32
21 36
21 48
21 63
22 27
22 39
22 46
23 27
23 28
23 37
23 62
24 33
24 34
24 59
24 66
25 30
25 35
25 39
25 43
25 55
25 60
25 61
26 28
26 32
26 54
26 65
27 37
27 47
27 62
28 62
28 65
29 30
30 31
30 49
30 50
30 68
30 69
31 59
32 36
32 48
32 52
32 65
33 40
33 59
34 46
34 66
34 68
35 43
35 56
35 60
35 61
36 48
36 63
37 47
37 62
38 41
38 44
38 64
38 69
39 43
39 44
39 60
40 45
40 67
41 57
41 64
41 69
42 54
42 65
43 44
43 58
43 60
44 52
44 64
45 49
45 68
46 57
46 66
46 67
46 68
47 52
48 63
49 50
49 58
50 64
51 68
53 54
53 57
53 62
55 56
55 58
55 63
56 60
56 61
57 68
57 69
59 66
60 61
62 65
62 67
68 69
