100 272
6 1 23 22 29 8 10 14 26 0 3 13 7 26 12 17 25 27 15 6 12 5 25 31 21 7 14 22 28 21 3 12 3 14 11 14 1 28 1 26 17 28 2 2 5 25 9 21 13 24 25 7 17 2 24 14 21 18 8 1 12 17 6 18 1 24 31 10 7 10 19 11 1 2 10 22 9 30 15 3 0 26 23 8 10 31 11 28 10 13 2 14 12 29 7 8 1 28 5 5 
0 47
0 74
0 88
1 3
1 16
1 17
1 18
1 30
1 53
1 58
1 72
1 83
1 95
2 16
2 50
2 73
2 88
2 89
2 92
4 24
5 41
5 64
5 96
6 17
6 26
6 38
6 82
6 83
7 18
7 30
7 48
7 84
8 50
8 59
8 75
8 85
9 27
9 56
9 61
9 68
9 87
10 39
10 57
10 74
10 84
10 89
10 90
11 45
12 21
12 22
12 73
13 81
14 69
14 78
14 83
15 21
15 37
15 49
15 67
15 75
15 93
16 20
16 69
16 74
16 88
16 89
17 20
17 23
17 25
17 32
17 60
17 61
17 67
18 23
18 31
18 35
18 36
19 38
19 52
19 60
19 61
19 65
19 68
20 62
21 34
21 39
21 49
21 61
21 92
21 98
22 67
22 95
23 44
23 82
24 42
24 52
24 54
24 60
24 70
24 72
24 80
24 99
25 34
25 37
25 38
25 55
25 69
25 73
26 28
26 69
26 96
27 36
27 57
27 65
27 75
28 31
28 48
28 49
28 53
28 56
29 73
29 78
30 35
30 40
30 41
30 59
30 77
30 99
31 43
31 47
31 53
31 57
31 87
31 88
31 95
32 70
32 71
32 72
32 78
32 81
32 95
33 37
33 41
33 52
33 67
33 78
33 99
34 67
34 68
34 69
34 77
34 87
35 40
35 72
35 82
35 83
35 94
35 96
36 43
36 68
36 80
36 84
36 91
37 55
37 96
38 57
38 63
38 66
38 69
38 77
39 40
39 58
40 59
40 66
40 94
41 73
41 79
41 82
41 96
42 43
42 72
42 78
42 95
43 51
43 54
43 66
44 65
44 97
45 95
46 49
46 77
46 82
46 88
47 60
47 75
47 80
47 97
48 97
49 69
49 76
50 72
50 80
51 76
51 79
52 55
52 78
52 83
52 90
53 54
53 66
53 94
54 61
54 85
54 94
55 56
55 57
56 71
57 77
58 61
58 64
58 83
58 87
58 92
58 93
59 85
59 86
61 80
61 97
62 67
63 68
63 77
63 97
64 87
64 98
65 68
66 72
66 85
67 72
67 78
67 82
69 88
69 98
71 78
71 86
71 91
71 97
72 73
72 93
72 99
73 74
73 84
73 89
74 91
75 80
76 84
76 85
76 96
76 97
77 88
78 80
78 81
79 93
80 87
81 88
82 91
83 94
84 88
84 93
85 99
90 92
92 95
94 97
