100 252
29 0 27 24 20 18 11 14 14 4 16 14 29 24 25 16 20 8 24 7 27 26 14 16 12 15 24 28 8 23 18 19 1 18 7 3 21 31 1 8 21 17 5 22 1 22 30 4 27 3 24 10 7 8 23 0 9 1 10 21 31 16 27 30 26 27 26 21 5 17 27 23 12 6 0 21 10 13 15 8 29 24 8 4 14 4 0 23 29 4 21 13 1 21 2 27 30 18 4 11 
0 6
0 19
0 76
1 7
1 13
1 26
1 47
1 48
1 67
1 78
2 31
2 62
2 88
2 94
3 24
3 45
3 52
4 30
4 33
4 43
4 73
4 95
5 10
5 15
5 26
5 82
5 91
6 8
6 14
6 18
6 21
6 32
6 64
6 72
6 73
7 15
7 47
7 78
7 89
7 98
7 99
8 10
8 21
8 26
8 72
9 12
9 13
9 26
9 29
9 64
9 82
9 98
10 19
10 33
10 48
10 84
11 21
11 37
11 43
11 44
11 59
12 35
12 66
12 70
12 77
12 94
13 32
13 46
13 50
13 54
13 59
13 96
14 42
14 66
14 75
15 25
15 47
15 54
15 56
15 59
16 22
16 26
16 29
16 32
16 38
16 52
16 76
16 79
16 84
16 89
16 96
17 20
17 69
17 96
18 22
18 34
18 36
18 62
18 90
19 22
19 39
19 68
19 77
20 97
21 30
21 45
21 64
21 87
22 58
22 65
22 81
22 94
23 38
23 55
23 62
23 79
23 82
23 87
24 25
24 88
25 50
25 61
25 83
25 91
26 36
26 50
26 57
26 75
26 84
27 83
27 87
28 45
28 71
28 74
29 60
29 61
29 90
30 33
30 39
30 59
30 64
30 74
30 85
31 64
32 70
33 76
33 84
34 93
35 58
35 72
36 51
36 53
36 80
37 42
38 54
38 74
38 77
38 80
38 83
38 94
39 47
39 53
39 79
40 44
40 71
40 98
41 78
41 82
41 97
42 43
42 84
43 46
43 56
43 62
43 77
44 48
44 49
44 60
45 50
45 87
45 91
46 48
46 63
46 67
46 69
46 78
46 99
47 54
47 77
47 87
48 57
48 64
48 67
48 97
49 57
49 72
49 73
49 99
50 61
51 82
51 83
52 68
52 80
53 62
53 92
54 60
54 62
54 90
54 91
54 98
55 92
56 69
57 62
57 71
58 63
58 75
58 79
59 70
59 98
60 97
62 86
62 94
62 99
63 81
64 71
65 90
65 91
65 97
65 98
66 81
66 84
67 71
68 92
68 93
68 97
69 73
70 85
72 80
72 96
73 88
75 81
76 85
76 94
77 81
84 86
84 95
87 89
87 92
87 94
91 93
94 98
97 99
