100 251
10 2 2 9 23 30 13 26 14 2 28 3 18 23 6 25 15 12 11 21 8 4 2 2 28 16 6 28 7 31 23 26 29 11 29 24 15 21 0 27 9 13 1 1 5 21 10 31 24 19 8 21 3 20 11 7 8 14 28 5 12 4 26 29 25 2 3 22 20 20 21 24 17 30 12 31 25 21 5 23 27 29 16 11 5 1 9 17 20 3 12 12 8 17 15 11 17 24 3 18 
0 28
0 45
0 72
0 83
1 13
1 14
1 16
1 37
1 46
1 52
1 57
1 77
2 22
2 56
2 67
2 88
2 95
3 19
3 26
3 85
3 93
4 16
4 25
4 94
5 48
5 91
5 97
6 27
6 32
6 68
6 76
6 78
7 11
7 15
7 33
7 54
7 59
7 74
8 31
8 38
8 39
8 65
8 97
9 15
9 37
9 45
9 65
10 17
10 52
10 64
11 33
11 48
11 87
12 16
12 17
12 61
12 65
13 21
13 45
13 59
13 70
13 80
13 85
14 49
14 92
15 86
15 91
16 47
16 49
16 57
16 88
17 59
17 62
17 71
17 78
18 56
18 69
18 74
18 84
18 89
18 98
19 23
19 27
19 74
19 86
19 96
20 42
20 69
21 36
21 39
21 47
21 65
21 83
21 99
22 43
22 89
22 90
22 96
23 30
23 40
23 44
23 81
23 94
24 43
24 55
24 83
24 86
25 37
25 82
25 94
26 64
26 73
26 85
27 35
27 50
27 56
27 98
28 36
28 46
28 56
29 43
29 50
29 79
29 89
30 32
30 48
30 59
30 72
30 86
31 42
31 46
31 47
31 73
31 81
31 82
31 87
31 99
32 51
32 58
32 65
32 76
33 34
33 57
33 87
33 91
34 37
34 71
34 95
35 36
35 51
35 52
35 71
35 78
36 50
36 52
36 66
36 72
36 85
36 86
37 49
37 87
37 94
38 48
38 49
38 50
39 45
39 53
39 74
39 79
40 45
40 69
40 85
40 87
40 98
41 49
41 50
41 59
41 63
42 56
42 61
43 47
44 52
45 57
45 73
45 84
45 97
46 96
46 98
47 58
47 59
47 84
47 85
48 73
49 62
49 79
49 80
49 94
50 74
51 79
52 72
52 85
52 93
52 98
53 98
54 62
54 65
54 86
55 58
56 70
56 78
57 86
57 93
59 75
59 83
60 97
61 72
61 76
61 81
62 86
62 94
63 80
63 81
63 85
63 99
64 71
64 74
65 80
66 70
66 91
67 74
68 90
69 97
69 98
70 92
70 94
74 92
74 97
75 79
77 88
77 90
77 98
80 88
80 94
80 97
83 85
84 92
85 92
85 97
86 97
90 98
95 98
