60 104
1 3 11 1 2 4 0 4 8 12 11 13 7 8 11 7 13 4 2 10 3 6 9 0 7 0 11 1 1 5 13 8 10 11 6 7 12 11 14 7 0 7 11 11 10 1 10 10 13 7 11 7 3 14 4 11 1 3 10 6 
0 33
0 38
1 22
1 39
2 27
2 48
3 4
3 9
3 11
3 28
3 44
3 48
4 22
4 33
5 18
5 24
5 46
6 7
6 16
6 39
7 30
7 43
7 50
7 55
8 19
8 26
8 28
8 44
8 45
8 57
9 56
10 21
10 22
10 29
10 42
11 13
11 21
11 43
11 50
12 32
12 35
12 52
13 54
14 18
14 25
14 43
14 55
15 16
15 20
15 34
16 55
17 38
18 34
18 47
19 38
19 49
19 59
20 46
21 22
21 48
21 54
22 42
22 50
23 25
23 27
23 36
24 35
24 47
25 28
25 41
25 47
25 57
27 37
27 41
27 42
28 43
29 33
30 52
31 35
31 42
32 58
32 59
33 37
33 44
33 48
34 46
34 55
35 58
36 45
36 51
36 59
38 44
39 50
39 51
40 58
41 44
43 56
47 58
49 59
50 53
50 54
54 58
57 58
57 59
