70 148
3 15 7 2 13 1 8 2 7 4 10 0 4 2 8 4 15 10 2 7 5 3 9 14 0 7 5 15 15 5 5 7 0 13 10 9 9 14 5 14 1 4 2 1 4 8 11 11 10 13 10 5 11 11 6 9 1 5 1 8 5 9 12 0 2 13 12 10 0 9 
0 49
1 21
1 36
1 42
1 47
1 49
1 56
2 22
2 44
2 48
2 69
3 29
3 37
3 47
3 48
3 49
3 57
4 19
5 20
5 35
5 36
5 56
6 7
6 25
6 39
6 57
6 63
7 21
7 24
7 25
7 47
7 56
7 60
8 20
8 34
9 39
9 42
9 54
9 59
10 50
10 51
10 54
10 59
10 61
10 66
11 18
11 25
11 26
11 39
12 16
12 44
13 17
13 19
13 27
13 31
13 68
14 16
14 49
14 56
15 44
16 25
16 50
16 53
16 55
17 22
17 44
17 53
17 55
18 41
18 43
18 49
18 63
18 69
19 24
19 66
20 28
20 52
21 32
21 44
21 55
21 59
21 64
22 37
22 45
22 49
23 44
23 51
23 54
24 68
25 44
25 49
25 59
25 61
25 66
26 41
27 50
27 55
27 59
27 66
28 43
28 52
29 51
29 69
30 45
32 46
32 67
32 69
33 38
33 57
33 61
33 64
34 37
34 49
34 57
35 53
35 59
35 63
36 54
37 48
38 61
39 47
39 56
40 41
40 57
40 58
41 45
42 50
42 55
43 63
43 64
44 57
44 62
44 68
45 63
47 48
48 54
49 52
49 55
55 63
56 69
57 58
57 69
58 60
60 65
61 62
61 67
62 64
62 67
