60 135
10 1 4 7 9 3 14 15 14 10 10 6 5 9 15 5 8 4 2 3 10 14 3 8 8 15 8 12 3 14 6 13 2 13 15 1 3 9 0 2 13 9 9 7 0 7 0 12 8 8 7 9 11 4 9 15 3 12 5 1 
0 8
0 13
0 18
0 42
0 44
1 20
1 24
1 27
1 37
2 8
2 16
2 26
2 28
2 30
2 35
2 43
2 56
3 4
3 15
3 33
3 47
4 13
4 16
4 42
4 55
5 14
5 18
5 31
5 33
5 41
6 15
6 57
7 15
7 22
7 25
7 26
7 30
7 49
8 19
8 24
8 26
8 28
8 42
8 55
8 56
9 12
9 14
9 18
9 22
9 30
9 35
9 36
9 50
10 32
10 38
10 55
11 23
11 24
11 26
11 27
11 37
11 50
12 21
12 24
12 30
12 36
12 39
12 50
12 56
13 17
13 28
13 45
13 56
14 17
14 18
14 20
14 24
14 56
15 19
15 37
15 52
16 54
16 59
17 35
18 20
18 38
19 31
20 22
20 29
20 35
21 49
22 32
22 43
23 24
23 45
23 47
24 44
24 54
25 33
25 46
25 47
26 28
26 31
26 35
27 34
27 47
27 49
29 32
30 46
31 49
32 36
33 44
33 46
34 37
34 41
36 45
37 46
38 39
40 55
41 59
42 43
42 47
45 50
45 54
45 55
46 54
48 52
51 56
52 58
53 55
53 58
54 59
55 56
55 58
56 57
