30 90
5 4 2 4 7 1 4 2 4 1 5 5 4 4 2 1 2 6 4 0 0 2 7 6 6 6 7 6 7 6 
0 1
0 3
0 6
0 7
0 8
0 25
1 5
1 6
1 7
1 18
1 19
2 25
2 29
3 6
3 7
3 8
3 25
3 26
4 10
4 15
4 16
4 20
4 24
4 27
4 29
5 6
5 7
5 12
5 17
5 18
5 19
6 7
6 8
6 11
6 14
6 23
7 18
8 10
8 12
8 25
8 26
8 28
9 15
9 24
9 26
9 28
10 19
10 26
11 15
12 23
13 21
13 24
13 27
14 15
14 16
14 19
14 26
14 28
15 20
15 22
15 24
15 27
15 29
16 17
16 18
16 19
16 20
16 27
17 18
17 19
17 20
17 27
18 19
19 27
20 21
20 27
20 29
22 24
22 25
22 26
22 28
22 29
23 25
24 26
24 28
24 29
25 26
25 28
26 28
28 29
