30 90
7 6 3 5 4 4 4 6 6 6 4 0 7 1 5 4 0 0 2 6 2 6 2 1 7 6 7 6 0 2 
0 5
0 12
0 15
0 19
0 25
0 26
1 8
1 10
1 11
1 14
1 16
1 17
1 23
1 29
2 7
2 12
2 14
2 16
2 26
2 27
2 28
3 4
3 5
3 6
3 15
3 20
3 25
4 6
4 7
4 10
4 11
4 20
4 23
5 6
5 15
5 25
5 26
6 15
6 18
6 20
6 23
7 9
8 11
8 13
8 17
8 22
8 24
8 29
9 13
9 23
10 11
10 14
10 20
10 23
10 29
11 23
11 29
12 13
12 19
12 25
12 26
12 27
13 17
13 19
13 22
13 24
13 27
14 20
14 21
15 20
15 25
15 28
17 24
17 27
17 29
19 24
19 26
19 27
20 23
20 28
21 22
21 26
21 27
21 28
22 24
22 26
24 27
24 29
25 26
26 27
