100 294
6 27 0 6 24 8 11 5 21 19 5 31 22 27 31 16 30 1 6 28 0 11 6 9 15 9 3 9 31 4 18 24 14 29 16 0 19 8 17 31 28 16 25 7 9 17 3 4 23 18 7 14 6 8 25 1 4 0 31 22 31 26 25 12 31 9 6 14 19 8 6 10 31 29 29 12 10 20 16 13 9 19 4 19 19 16 0 18 20 4 17 14 5 14 13 21 9 8 7 22 
0 1
0 3
0 34
0 51
0 65
0 70
0 74
0 99
1 6
1 16
1 20
1 29
1 33
1 50
1 58
1 88
1 89
1 91
1 93
1 96
2 9
2 68
2 85
4 5
4 6
4 23
4 26
4 27
4 30
4 34
4 45
4 66
4 79
4 83
4 95
5 23
5 32
5 46
5 57
5 58
5 62
5 99
6 40
6 55
6 61
6 64
6 80
6 81
6 82
7 17
7 56
7 68
8 10
8 16
8 64
8 68
9 22
9 34
9 38
9 40
9 43
9 48
9 84
10 21
10 22
10 70
10 72
10 82
10 90
11 49
11 78
11 80
12 41
12 54
12 61
12 64
12 75
12 80
12 98
13 67
13 80
14 17
14 41
14 46
14 48
14 72
14 73
14 84
15 23
15 32
15 51
15 60
15 71
15 75
15 91
15 99
16 38
16 59
16 61
17 32
17 58
17 79
17 90
17 94
18 24
18 27
18 41
18 69
19 32
19 44
19 61
19 64
20 39
20 70
20 71
20 86
21 24
21 65
21 95
22 31
22 78
22 90
22 97
23 42
23 66
23 67
23 99
24 30
24 84
24 87
24 91
25 74
26 46
26 55
28 37
28 47
28 74
28 98
29 30
29 42
29 49
29 66
29 67
29 83
29 85
29 89
29 99
30 45
30 52
30 57
30 69
30 70
30 77
30 87
30 92
30 97
31 60
31 66
31 67
32 42
32 53
32 75
32 80
32 98
32 99
33 43
33 48
33 63
33 84
33 98
34 55
34 80
34 82
34 84
34 91
35 47
35 76
35 85
35 87
35 88
36 39
36 62
36 84
38 62
38 69
39 75
39 78
39 85
39 98
40 78
40 86
40 89
41 72
41 95
42 66
42 83
42 85
42 87
42 91
43 86
44 71
44 86
44 88
44 99
45 58
45 69
45 85
45 92
46 86
47 52
48 50
48 56
48 61
48 79
48 83
49 74
49 84
49 87
49 92
50 71
50 90
51 69
51 80
51 83
51 88
51 98
52 53
52 57
52 63
52 64
52 66
52 83
52 87
53 64
53 75
53 98
53 99
54 55
54 56
54 63
54 98
55 61
55 80
55 82
55 84
56 94
57 68
57 83
57 87
57 92
59 62
59 76
59 81
60 68
60 70
60 91
61 65
61 66
61 98
62 93
63 73
63 77
63 86
63 95
64 94
64 98
66 83
66 91
66 93
69 96
70 78
71 77
71 88
72 92
73 83
73 84
73 98
75 98
76 94
76 96
77 89
77 94
77 98
78 81
80 82
81 84
81 88
81 90
82 84
84 91
84 96
87 92
88 93
90 96
