90 135
7 0 1 15 1 6 0 11 0 3 10 10 11 2 10 3 6 7 1 4 12 5 9 7 4 10 4 1 5 10 0 12 9 3 12 14 11 5 9 6 1 5 0 4 15 6 11 1 2 5 8 4 10 4 15 2 3 2 7 9 0 4 5 9 5 11 14 12 8 12 7 3 15 8 5 1 9 12 15 6 3 15 4 9 2 9 10 9 9 15 
0 6
0 22
0 67
1 12
1 50
1 76
1 83
1 84
2 31
3 38
3 63
3 66
4 29
4 76
4 86
4 87
5 28
5 75
5 81
5 83
6 40
6 41
6 54
6 70
6 85
7 18
7 52
7 79
7 86
8 64
9 54
9 55
9 60
9 76
9 84
10 11
10 50
11 30
12 47
12 61
12 65
12 69
13 19
13 70
13 74
14 15
14 26
14 77
15 36
15 73
15 77
15 78
15 84
16 40
17 72
17 83
18 24
19 25
19 52
19 71
20 39
20 42
20 57
21 44
21 54
22 88
23 24
23 53
23 54
23 58
23 76
24 67
24 83
24 84
25 27
25 29
25 64
25 86
25 89
26 35
26 80
26 89
27 35
28 32
28 68
29 42
31 35
31 52
31 64
31 85
32 39
32 88
33 54
33 65
34 36
36 47
36 60
36 89
37 67
39 60
39 68
41 66
42 87
43 59
44 87
45 57
45 65
46 57
46 69
48 55
48 79
48 88
49 63
50 80
51 89
53 83
54 58
54 63
54 83
56 66
56 81
58 89
59 81
59 86
60 70
62 83
63 71
65 75
69 74
70 72
72 80
73 86
76 85
79 89
80 82
