35 85
7 6 7 1 4 2 4 2 2 1 6 1 4 0 6 3 1 6 3 0 4 2 7 7 3 6 0 6 7 3 1 7 3 4 1 
0 5
0 19
0 22
0 23
0 25
0 28
1 20
1 30
1 34
2 7
2 11
2 12
2 17
2 23
2 27
3 9
3 14
3 17
3 25
3 28
4 15
4 19
4 21
4 25
5 16
5 24
5 32
5 34
6 12
6 14
6 20
6 27
6 31
7 8
7 22
7 33
8 11
8 12
8 15
8 27
8 29
9 13
9 34
10 16
10 22
10 24
10 33
11 22
11 24
11 29
12 18
13 29
13 32
14 18
14 26
14 31
15 18
15 28
15 33
16 19
16 21
16 31
17 24
17 26
17 29
17 32
18 23
18 25
18 34
19 33
19 34
20 30
21 34
23 24
23 26
23 30
23 33
23 34
25 26
26 27
26 28
27 28
27 29
28 32
30 31
