50 432
4 6 1 2 1 7 3 1 7 1 7 6 2 1 0 3 3 7 6 4 4 0 6 5 2 6 2 5 2 3 6 3 4 7 7 7 5 0 1 7 4 3 3 7 2 5 2 3 0 4 
0 3
0 4
0 5
0 7
0 11
0 12
0 13
0 14
0 16
0 18
0 19
0 21
0 23
0 24
0 26
0 27
0 30
0 33
0 34
0 38
0 40
0 41
0 43
0 46
0 47
1 3
1 7
1 9
1 12
1 15
1 17
1 26
1 31
1 40
1 45
1 46
1 48
2 3
2 4
2 7
2 8
2 9
2 10
2 12
2 19
2 22
2 23
2 24
2 33
2 34
2 36
2 39
2 41
2 42
2 43
2 45
2 46
2 47
3 4
3 6
3 7
3 8
3 10
3 11
3 12
3 14
3 16
3 18
3 19
3 22
3 24
3 26
3 28
3 29
3 32
3 38
3 41
3 42
3 45
4 5
4 6
4 7
4 9
4 11
4 12
4 13
4 14
4 15
4 22
4 25
4 26
4 29
4 32
4 36
4 38
4 45
4 47
5 6
5 9
5 12
5 20
5 21
5 23
5 31
5 34
5 36
5 38
5 43
5 45
5 48
6 9
6 10
6 13
6 18
6 20
6 22
6 23
6 26
6 30
6 31
6 32
6 33
6 37
6 38
6 40
6 42
6 44
6 48
6 49
7 9
7 12
7 13
7 14
7 16
7 20
7 21
7 22
7 24
7 25
7 26
7 30
7 31
7 37
7 38
7 42
8 9
8 10
8 13
8 15
8 17
8 18
8 19
8 21
8 22
8 23
8 24
8 27
8 28
8 31
8 34
8 43
8 44
8 45
8 48
9 13
9 16
9 24
9 25
9 26
9 27
9 28
9 47
9 49
10 16
10 18
10 22
10 26
10 29
10 34
10 36
10 38
10 40
10 42
10 46
10 47
11 12
11 17
11 18
11 23
11 24
11 25
11 26
11 27
11 28
11 29
11 34
11 41
11 42
11 43
11 45
11 46
11 49
12 13
12 21
12 22
12 23
12 24
12 26
12 32
12 34
12 35
12 37
12 40
12 42
12 43
12 47
12 49
13 14
13 15
13 16
13 17
13 18
13 20
13 24
13 25
13 34
13 35
13 41
13 43
13 45
13 49
14 16
14 22
14 23
14 24
14 29
14 33
14 34
14 36
14 37
14 40
14 43
14 49
15 16
15 18
15 21
15 22
15 26
15 27
15 29
15 33
15 38
15 43
15 44
15 47
15 49
16 17
16 19
16 20
16 24
16 25
16 27
16 30
16 34
16 39
16 40
16 41
16 45
16 46
16 49
17 18
17 22
17 27
17 28
17 32
17 38
17 44
17 49
18 21
18 25
18 26
18 38
18 40
18 49
19 21
19 22
19 24
19 32
19 33
19 35
19 39
19 42
19 45
19 46
20 22
20 29
20 30
20 32
20 35
20 36
20 41
21 28
21 30
21 31
21 32
21 33
21 34
21 36
21 37
21 41
21 47
21 49
22 24
22 25
22 27
22 29
22 31
22 32
22 33
22 38
22 45
23 24
23 26
23 32
23 35
23 36
23 38
23 41
23 45
23 47
24 25
24 26
24 27
24 30
24 33
24 43
24 46
25 26
25 37
25 40
25 41
25 46
25 47
26 30
26 36
26 42
26 48
27 28
27 30
27 31
27 34
27 37
27 40
27 41
27 45
27 46
28 30
28 33
28 35
28 36
28 37
28 39
28 42
28 43
28 46
28 49
29 32
29 34
29 45
29 46
29 47
29 48
29 49
30 43
30 47
31 32
31 35
31 36
31 37
31 38
31 40
31 41
31 42
32 35
32 38
32 39
32 40
32 41
32 43
32 44
32 47
32 49
33 41
33 44
33 47
33 49
34 40
34 42
34 43
34 44
35 36
35 37
35 40
35 48
36 38
36 45
36 47
37 46
38 40
38 42
38 44
38 45
38 49
39 40
39 43
39 46
39 49
40 41
40 42
40 44
40 46
41 44
41 46
42 45
42 46
43 46
44 45
44 47
45 46
46 49
47 48
47 49
