50 441
7 0 0 5 6 7 7 0 0 2 6 7 4 7 6 4 0 5 3 2 3 2 7 6 5 0 3 7 6 6 7 7 3 2 5 4 0 6 2 1 7 6 7 1 3 3 6 3 2 2 
0 2
0 5
0 6
0 7
0 10
0 12
0 13
0 14
0 16
0 17
0 19
0 23
0 25
0 28
0 33
0 35
0 36
0 38
0 39
0 40
0 41
0 47
0 49
1 4
1 5
1 7
1 10
1 24
1 25
1 27
1 28
1 32
1 34
1 37
1 38
1 40
1 45
1 46
1 47
2 3
2 5
2 12
2 17
2 20
2 21
2 22
2 24
2 28
2 32
2 33
2 35
2 36
2 41
2 44
2 48
3 8
3 17
3 18
3 19
3 20
3 21
3 24
3 27
3 30
3 34
3 36
3 39
3 41
3 49
4 8
4 12
4 16
4 17
4 19
4 22
4 28
4 29
4 35
4 38
4 42
4 46
4 47
4 49
5 9
5 10
5 12
5 16
5 17
5 19
5 20
5 21
5 23
5 24
5 28
5 31
5 34
5 39
5 43
5 49
6 7
6 9
6 12
6 15
6 16
6 17
6 19
6 24
6 25
6 26
6 28
6 31
6 35
6 38
6 39
7 8
7 14
7 21
7 27
7 32
7 34
7 35
7 37
7 38
7 40
7 41
7 44
8 9
8 10
8 15
8 18
8 21
8 22
8 23
8 28
8 29
8 33
8 34
8 35
8 36
8 37
8 38
8 39
8 41
8 44
8 47
8 48
9 10
9 13
9 15
9 16
9 22
9 23
9 24
9 26
9 27
9 32
9 33
9 34
9 41
9 42
9 43
9 45
10 11
10 12
10 13
10 15
10 18
10 19
10 20
10 21
10 22
10 23
10 25
10 26
10 29
10 30
10 33
10 36
10 38
10 41
10 42
10 43
10 44
10 47
10 49
11 18
11 19
11 27
11 30
11 32
11 38
11 47
11 48
12 19
12 21
12 22
12 24
12 32
12 33
12 37
12 44
12 46
12 47
13 14
13 15
13 18
13 19
13 20
13 21
13 22
13 23
13 35
13 36
13 37
13 38
13 39
13 44
13 45
13 47
13 48
14 18
14 19
14 22
14 24
14 30
14 33
14 42
14 44
14 48
14 49
15 16
15 18
15 23
15 24
15 25
15 27
15 31
15 32
15 33
15 36
15 38
15 39
15 40
15 43
15 48
16 18
16 29
16 30
16 31
16 39
16 40
16 41
16 45
16 48
17 18
17 24
17 33
17 34
17 39
17 40
17 45
17 47
17 49
18 22
18 23
18 24
18 26
18 27
18 29
18 32
18 34
18 35
18 36
18 37
18 39
18 47
19 22
19 25
19 26
19 30
19 33
19 34
19 36
19 39
19 43
19 44
20 22
20 24
20 25
20 26
20 27
20 29
20 33
20 37
20 38
20 41
20 47
20 49
21 23
21 24
21 25
21 27
21 29
21 30
21 32
21 35
21 37
21 41
21 42
21 44
21 45
21 47
21 48
22 25
22 31
22 34
22 41
22 46
22 48
22 49
23 24
23 25
23 27
23 28
23 29
23 32
23 33
23 35
23 36
23 46
23 47
24 38
24 45
25 26
25 28
25 34
25 35
25 37
25 39
25 42
25 43
25 48
25 49
26 27
26 29
26 31
26 32
26 33
26 38
26 39
26 43
26 44
26 48
27 28
27 29
27 30
27 33
27 34
27 37
27 38
27 40
27 42
27 43
27 44
27 49
28 29
28 30
28 31
28 32
28 33
28 34
29 33
29 34
29 36
29 37
29 42
29 43
29 48
30 35
30 38
30 39
30 40
30 41
30 42
30 43
31 32
31 37
31 39
31 48
31 49
32 33
32 36
32 37
32 40
32 42
32 43
32 47
32 48
33 34
33 39
33 41
33 44
33 46
34 36
34 41
34 42
34 43
34 44
34 47
34 48
34 49
35 38
35 39
35 40
35 44
35 49
36 41
36 49
37 40
37 42
37 49
38 40
38 42
38 43
38 46
38 47
38 48
39 44
39 48
40 41
40 42
41 44
41 45
41 46
41 48
41 49
43 45
44 47
44 48
45 46
47 49
