90 179
6 5 11 8 1 4 0 2 10 7 6 1 6 4 6 0 10 10 15 1 11 6 14 1 7 2 9 2 7 4 7 12 11 8 14 6 10 1 9 10 6 8 4 15 15 7 13 11 12 14 12 1 2 12 5 8 6 1 10 12 6 3 2 3 4 10 13 6 13 15 10 6 3 2 4 7 8 0 10 5 14 0 3 6 5 15 1 11 9 0 
0 4
0 22
0 61
1 34
1 46
1 85
2 13
2 26
2 35
2 45
3 16
3 18
3 23
3 76
4 29
4 35
4 76
5 65
6 7
6 17
6 82
7 32
7 70
8 44
8 48
8 64
8 75
8 79
9 33
9 61
9 75
9 80
10 26
10 29
10 50
10 56
10 60
11 15
11 21
11 37
11 41
11 55
12 25
12 38
12 62
13 14
13 53
13 57
13 68
14 18
14 35
14 54
14 74
15 44
15 58
15 64
16 24
16 28
16 47
17 19
17 42
17 64
17 70
18 39
18 59
19 72
19 78
19 82
20 46
20 52
21 53
21 57
21 65
22 26
22 29
22 45
22 80
23 24
23 78
23 88
24 67
24 81
25 48
25 60
25 63
26 53
27 30
27 56
28 29
28 30
28 50
28 59
28 72
28 76
29 31
30 70
31 49
32 44
32 61
32 75
33 35
33 45
33 51
34 71
34 79
34 86
35 39
36 38
36 56
36 62
36 72
36 81
37 64
37 65
37 73
38 48
38 80
38 87
39 51
40 62
40 67
40 81
41 57
41 58
41 83
42 58
42 78
42 83
43 59
43 78
43 83
44 70
45 61
46 71
46 84
47 50
47 56
47 81
48 69
48 74
49 64
49 73
49 79
49 86
50 66
51 80
52 55
52 63
52 71
53 60
53 88
54 57
54 59
54 83
55 60
55 67
55 72
56 66
56 87
58 70
60 65
60 66
63 74
65 84
66 84
67 88
69 73
69 86
69 87
71 74
73 84
74 79
74 86
75 77
75 85
79 85
79 89
84 87
88 89
