90 179
14 7 8 13 7 6 1 10 14 5 12 9 7 10 1 4 6 8 10 6 6 6 8 14 11 12 6 6 8 11 6 0 4 15 1 13 11 10 6 15 11 6 6 7 4 1 2 9 1 12 10 11 15 2 1 5 10 10 9 8 5 2 0 7 3 2 15 0 1 5 12 14 6 3 10 10 1 1 4 10 12 6 3 7 5 15 2 4 11 2 
0 15
0 65
0 76
0 84
1 17
1 49
1 57
1 70
1 78
2 17
2 34
2 57
2 66
3 36
3 42
3 55
3 69
4 8
4 41
4 59
4 73
4 88
5 30
5 53
5 62
6 15
6 48
6 50
6 65
7 10
7 15
7 39
7 63
7 84
8 20
8 47
8 71
8 78
9 14
9 21
9 70
9 81
10 11
10 61
10 85
10 87
11 13
11 19
11 40
11 71
11 74
12 59
12 63
12 71
12 73
13 53
13 62
13 72
14 22
14 32
14 38
15 31
15 56
16 27
16 47
16 49
16 72
16 74
16 78
17 45
18 37
18 39
18 56
18 60
18 89
19 53
19 61
20 45
20 73
21 26
21 32
21 46
21 66
21 87
22 37
22 48
22 81
23 42
23 55
23 76
23 84
24 49
24 57
24 62
24 72
25 27
25 28
25 32
25 38
25 47
25 58
26 45
26 59
26 75
26 88
27 35
27 50
27 61
28 37
28 74
29 39
29 63
29 68
29 73
29 89
30 43
30 58
31 37
31 39
31 48
31 83
32 88
33 55
33 63
33 68
33 84
34 43
34 58
34 79
35 49
35 60
35 69
35 72
36 86
37 44
38 48
38 50
40 69
40 72
40 85
41 76
42 86
42 87
43 57
43 62
44 56
44 79
44 81
45 78
46 50
46 70
47 88
50 69
51 55
51 83
52 70
52 79
52 81
54 56
54 64
54 79
56 67
59 77
61 82
64 67
65 69
65 85
66 70
66 75
67 89
71 77
75 77
76 85
76 87
77 80
81 83
82 86
82 87
84 87
