70 170
5 2 2 14 7 8 6 9 15 10 0 1 15 0 2 12 0 15 0 6 12 10 15 5 8 2 9 15 11 14 5 7 15 15 5 14 12 9 15 7 11 1 1 0 4 7 1 7 6 14 13 15 0 9 2 8 10 4 3 8 0 11 2 8 2 3 1 6 11 9 
0 7
0 12
0 50
1 10
1 50
1 51
1 53
1 55
2 10
2 43
2 54
2 57
2 59
3 25
3 43
3 50
4 27
4 34
4 40
4 67
5 7
5 32
5 35
5 45
5 49
5 65
6 28
6 42
6 46
6 51
7 13
7 14
7 16
7 21
7 24
7 69
8 15
8 17
8 20
8 29
8 38
9 25
9 39
9 52
9 66
10 20
10 42
10 60
10 62
10 63
10 67
11 17
11 27
11 33
11 40
11 65
12 13
12 18
12 31
12 61
12 63
13 40
13 51
13 60
14 30
14 56
14 60
15 32
15 56
15 63
16 22
16 32
16 58
16 62
17 36
17 64
17 69
18 21
18 28
18 63
19 45
19 49
19 57
20 30
20 58
20 68
21 48
21 53
21 56
22 65
22 66
23 26
23 38
23 47
23 55
23 57
23 65
24 25
24 35
24 49
24 50
25 62
25 66
26 28
26 52
27 37
27 53
27 60
28 37
28 51
28 57
28 64
29 39
29 62
30 38
31 33
31 45
31 65
32 35
32 53
32 63
32 69
33 47
34 69
35 57
35 68
36 38
36 46
36 65
36 68
37 45
37 48
37 53
38 43
38 54
40 64
40 68
41 61
41 67
42 46
43 46
44 49
44 62
45 47
45 66
46 56
47 55
47 58
47 61
47 68
48 52
48 64
49 52
49 54
49 57
50 53
50 63
50 64
52 62
52 67
54 67
56 64
56 67
57 62
61 63
62 64
62 66
63 67
64 65
67 69
