90 268
13 5 1 4 5 7 12 15 8 8 5 4 8 13 3 10 11 7 12 0 14 6 4 10 1 3 8 14 9 15 2 3 9 0 6 7 1 13 8 12 4 8 3 0 6 2 2 8 4 3 13 3 6 10 12 7 6 15 11 2 5 4 5 7 6 0 14 7 14 6 10 11 0 6 2 1 6 4 8 15 1 0 15 4 8 2 10 10 12 7 
0 9
0 11
0 20
0 21
0 54
0 76
1 17
1 27
1 35
1 42
1 58
1 61
1 88
2 5
2 47
2 59
2 63
2 69
2 77
2 78
2 83
3 52
3 63
3 86
3 88
4 8
4 32
4 55
4 65
4 67
4 72
4 73
5 13
5 40
5 47
5 62
5 71
5 78
6 9
6 40
6 51
6 82
7 21
7 40
7 46
7 54
7 76
7 85
8 10
8 32
8 67
8 72
8 73
9 11
9 20
9 28
9 54
9 75
10 29
10 37
10 72
10 73
10 74
11 20
11 21
11 28
11 34
11 54
12 24
12 26
12 30
12 49
12 52
12 53
12 74
13 31
13 40
13 46
13 47
13 71
13 85
14 33
14 66
14 68
14 86
15 22
15 66
15 88
16 18
16 32
16 82
16 83
17 42
17 50
17 58
17 61
17 62
17 68
17 80
18 24
18 89
19 25
19 39
19 45
19 56
19 64
19 81
20 28
20 56
20 75
21 46
21 54
21 76
22 26
22 72
23 24
23 44
23 80
24 26
24 30
24 48
24 52
24 86
25 39
25 50
25 58
25 80
25 81
26 30
26 48
26 66
26 69
26 86
27 30
27 33
27 58
28 45
28 51
28 56
28 75
28 84
29 37
29 49
29 68
29 72
29 73
29 74
30 48
30 49
30 52
31 34
31 37
31 54
31 73
32 57
32 65
32 67
32 73
33 37
33 45
33 47
33 89
34 50
34 77
35 42
35 61
35 70
35 87
35 88
36 53
36 57
36 60
36 65
36 70
36 87
36 88
37 49
37 52
37 72
37 74
38 43
38 53
38 54
39 45
39 64
39 80
39 81
40 46
40 71
40 85
41 83
42 50
42 55
42 58
42 61
43 50
43 53
43 86
44 82
44 83
45 56
45 64
45 75
46 68
46 76
46 85
47 63
47 71
47 78
47 83
48 66
48 77
48 86
49 52
49 62
49 74
49 84
50 58
50 80
50 81
51 74
51 84
52 74
53 58
53 69
53 83
54 76
55 86
56 64
56 75
57 60
57 65
57 67
57 87
58 80
59 63
59 66
59 77
59 78
59 86
60 65
60 67
60 70
60 82
60 87
61 70
61 88
63 66
63 77
63 78
64 75
64 81
65 67
66 77
66 86
70 83
70 87
70 88
71 78
71 85
72 73
74 84
76 85
77 86
79 85
80 81
84 86
87 88
