25 108
2 2 3 3 2 1 3 3 2 3 0 2 0 3 3 3 1 2 1 3 3 0 2 3 1 
0 4
0 5
0 9
0 14
0 15
0 18
0 19
0 20
0 21
0 22
0 23
1 2
1 4
1 6
1 11
1 12
1 13
1 17
1 18
1 19
1 22
1 23
2 6
2 9
2 20
2 21
2 24
3 4
3 6
3 11
3 16
3 19
3 24
4 9
4 10
4 12
4 13
4 14
4 15
4 17
4 18
4 20
5 6
5 8
5 10
5 11
5 15
5 17
5 21
5 24
6 8
6 9
6 11
6 12
6 14
6 16
6 18
6 21
6 23
7 9
7 13
7 15
7 16
7 18
7 21
7 22
7 24
8 10
8 12
8 14
8 16
8 18
9 11
9 16
9 17
9 20
9 22
10 11
10 12
10 19
10 21
10 23
11 15
11 16
11 17
12 20
12 21
13 14
13 24
14 15
14 17
14 20
14 22
14 24
15 16
16 24
17 18
17 19
17 20
17 22
18 20
18 24
19 24
20 21
20 23
21 24
22 24
23 24
