35 104
7 5 3 7 1 6 5 5 6 2 7 0 0 0 5 1 5 5 4 1 0 4 1 1 3 4 6 1 5 3 6 1 3 7 1 
0 1
0 5
0 17
0 21
0 27
0 31
0 32
0 34
1 3
1 16
1 18
1 22
1 26
1 27
1 32
2 5
2 6
2 12
2 16
2 20
2 29
3 4
3 12
3 21
3 23
3 27
3 31
3 32
3 33
4 5
4 10
4 20
4 21
4 23
4 31
4 34
5 12
5 13
5 16
5 25
5 27
5 31
5 32
5 34
6 10
6 18
6 24
6 25
6 29
7 21
7 28
7 33
8 11
8 13
9 13
9 22
9 23
10 12
10 19
10 26
10 32
11 15
11 19
11 31
12 21
12 22
12 24
13 18
14 22
14 26
14 32
15 32
17 18
17 23
17 24
17 29
18 20
18 27
18 29
18 34
19 33
20 21
20 30
21 23
21 27
21 28
21 29
21 30
21 32
22 25
22 30
22 32
23 27
23 31
23 34
24 27
25 30
25 33
26 27
26 34
27 32
30 31
31 34
32 34
