100 300
3 2 25 17 26 28 17 31 5 19 30 19 10 24 17 9 14 16 11 15 5 22 18 27 21 9 27 20 0 13 16 20 21 21 20 21 17 6 22 29 9 13 30 23 16 1 9 2 22 10 26 3 23 4 18 29 10 5 29 15 2 3 19 1 14 22 22 26 25 5 14 30 30 2 31 5 31 12 23 18 3 21 24 7 1 31 24 17 27 13 20 14 26 25 12 30 9 20 22 23 
0 19
0 33
0 50
0 94
0 97
1 20
1 25
1 32
1 53
1 54
1 69
2 3
2 8
2 27
2 67
2 72
2 91
3 8
3 27
3 39
3 57
3 66
4 44
4 60
4 68
4 77
4 79
4 92
5 10
5 45
5 50
5 84
5 92
5 94
6 17
6 33
6 34
6 38
6 49
6 96
7 11
7 31
7 43
7 55
7 78
7 97
8 27
8 57
8 66
8 91
9 24
9 30
9 64
9 76
9 84
9 95
10 44
10 45
10 60
10 92
10 94
11 16
11 19
11 43
11 81
11 97
12 37
12 40
12 51
12 58
12 62
12 83
12 89
13 56
13 71
13 80
13 87
13 90
13 98
14 42
14 48
14 75
14 82
14 88
14 96
15 18
15 23
15 39
15 57
15 66
15 78
16 19
16 26
16 35
16 81
16 93
17 33
17 34
17 48
17 82
17 96
18 23
18 39
18 55
18 57
18 78
19 26
19 35
19 43
19 81
20 25
20 32
20 36
20 53
20 54
21 26
21 35
21 42
21 75
21 88
21 93
22 24
22 29
22 30
22 37
22 70
22 71
22 99
23 31
23 39
23 55
23 65
23 78
24 30
24 64
24 95
24 99
25 36
25 53
25 54
25 79
26 35
26 88
26 93
27 65
27 66
27 72
27 91
28 41
28 65
28 90
28 93
29 30
29 70
29 71
29 87
29 99
30 64
30 99
31 43
31 55
31 78
31 97
32 54
32 69
32 73
32 85
33 34
33 38
33 48
33 96
34 38
34 46
34 49
35 63
35 81
35 93
36 53
36 68
36 77
36 79
37 46
37 96
38 41
38 46
38 49
39 57
39 66
40 41
40 58
40 62
40 83
40 89
41 46
41 49
41 58
41 65
41 83
42 47
42 48
42 75
42 82
42 86
42 88
43 81
43 97
44 45
44 47
44 60
44 77
44 92
45 50
45 92
45 94
46 49
46 58
46 83
47 94
48 82
48 96
49 83
50 76
50 84
50 94
50 95
51 52
51 59
51 62
51 80
51 89
51 90
53 68
53 79
54 69
54 85
55 78
55 97
56 59
56 80
56 87
56 90
56 98
57 66
58 83
58 89
59 62
59 80
59 89
59 90
60 68
60 77
60 92
61 74
61 86
62 80
62 89
63 65
63 88
64 76
64 95
64 99
66 74
67 69
67 72
67 73
67 85
67 91
68 77
68 79
69 73
69 85
70 71
70 87
70 98
70 99
71 87
71 98
72 73
72 85
72 91
73 85
73 91
74 89
74 92
75 82
75 88
75 93
76 84
76 94
76 95
77 79
79 86
80 90
81 97
82 96
84 94
84 95
87 98
88 93
90 98
