25 112
1 2 1 2 2 1 2 3 2 2 2 0 3 1 0 3 3 2 2 1 1 0 1 1 3 
0 1
0 3
0 4
0 6
0 7
0 9
0 10
0 16
0 20
0 21
1 2
1 4
1 14
1 20
1 21
1 22
1 23
1 24
2 4
2 8
2 11
2 15
2 20
2 21
2 22
2 23
2 24
3 6
3 8
3 10
3 14
3 16
3 17
3 18
3 19
3 24
4 5
4 6
4 10
4 16
4 20
4 21
5 8
5 9
5 12
5 13
5 14
5 15
5 18
5 19
5 23
6 10
6 12
6 16
6 17
6 19
6 20
6 21
7 8
7 15
7 24
8 10
8 11
8 13
8 14
8 16
8 17
8 18
9 12
9 13
9 14
9 15
9 18
9 23
9 24
10 15
10 16
10 17
10 20
11 17
11 19
12 13
12 15
12 18
12 22
12 23
12 24
13 14
13 15
13 17
13 18
13 20
14 16
14 17
14 18
15 22
15 23
15 24
16 17
16 23
17 18
17 22
18 21
19 21
19 24
20 21
20 22
21 22
21 24
22 23
22 24
23 24
