35 101
6 7 0 6 0 5 1 1 0 0 6 1 7 3 6 1 7 6 6 2 5 3 7 4 4 5 6 4 2 5 4 7 1 3 3 
0 13
0 17
0 19
0 22
0 24
0 25
0 26
1 11
1 12
1 17
1 19
1 20
1 21
1 26
1 34
2 4
2 6
2 23
2 25
2 32
2 33
3 27
3 29
3 31
4 15
4 22
4 27
4 28
4 33
5 7
5 15
5 18
5 19
5 30
6 10
6 13
6 31
6 32
6 33
7 9
7 11
7 18
7 19
7 28
8 12
8 20
8 27
8 31
9 15
9 18
9 21
9 22
9 28
10 22
10 23
10 25
10 31
11 17
11 19
11 20
11 25
11 32
12 16
13 21
13 22
13 25
13 32
13 34
14 19
14 21
15 18
15 30
15 31
16 18
16 23
16 30
16 31
16 33
17 22
17 26
17 32
18 30
18 34
19 21
20 33
21 26
22 24
22 25
22 32
23 27
23 31
23 33
25 32
26 33
27 28
28 29
28 32
29 30
29 33
30 33
31 33
