35 111
6 0 4 2 2 7 6 7 2 0 4 0 3 0 5 1 2 7 6 0 5 1 3 1 5 1 6 2 3 1 6 0 7 0 6 
0 2
0 7
0 9
0 18
0 23
0 33
1 8
1 28
1 30
1 32
2 4
2 5
2 10
2 21
2 23
2 27
3 7
3 8
3 9
3 13
3 14
3 19
3 23
3 24
4 18
4 20
4 26
5 11
5 12
5 20
5 23
5 30
6 8
6 15
6 19
6 20
6 21
6 25
6 29
6 33
7 12
7 16
7 21
7 24
7 29
7 31
8 18
8 30
8 31
8 32
9 12
9 14
9 24
9 33
10 14
10 18
10 21
10 22
10 29
10 32
11 23
11 24
12 19
12 20
12 28
13 19
14 16
14 19
14 20
14 21
14 24
14 27
15 17
15 23
15 26
15 30
16 24
16 27
16 30
16 32
17 20
17 22
17 32
18 20
18 21
18 29
19 23
19 31
20 28
21 28
22 25
22 31
22 32
23 24
23 31
23 32
24 25
24 28
25 33
26 27
26 30
26 32
27 28
27 34
28 31
28 32
29 32
29 34
30 32
32 33
32 34
