30 133
6 7 2 2 4 4 0 5 5 4 1 5 7 3 2 2 0 0 1 6 1 4 2 2 0 1 3 5 6 7 
0 8
0 12
0 21
0 24
1 5
1 6
1 12
1 14
1 23
1 25
1 26
2 3
2 4
2 7
2 8
2 9
2 11
2 12
2 18
2 23
2 24
2 26
3 6
3 9
3 10
3 12
3 13
3 18
3 21
3 22
3 23
3 24
3 26
4 7
4 8
4 10
4 14
4 18
4 21
4 23
4 26
4 28
4 29
5 6
5 13
5 19
5 21
5 22
5 24
6 8
6 9
6 10
6 15
6 21
6 23
6 24
6 26
6 28
7 8
7 9
7 11
7 18
7 21
7 22
7 23
7 24
7 28
8 9
8 10
8 19
8 20
8 21
8 22
8 26
8 28
8 29
9 10
9 22
9 24
9 26
9 28
10 13
10 18
10 20
10 21
10 26
10 28
11 18
11 22
11 26
11 29
12 22
12 24
12 29
13 18
13 20
13 21
13 22
13 25
14 16
14 22
14 25
14 28
15 20
15 23
15 29
16 17
16 20
16 21
16 23
16 25
17 18
17 27
18 21
18 23
18 24
18 26
19 28
20 25
20 26
21 23
21 28
22 26
22 27
23 24
23 27
23 28
23 29
24 26
24 28
25 29
26 27
27 28
