80 119
11 4 2 5 10 8 10 4 1 2 8 12 14 2 10 10 11 7 1 13 6 4 1 3 3 10 10 4 1 3 7 11 6 8 11 7 8 3 11 14 3 13 15 3 1 2 11 6 4 3 11 12 8 7 11 13 5 7 7 4 10 2 7 9 6 8 3 2 1 4 8 14 4 13 10 11 0 7 2 12 
0 25
0 27
0 59
1 36
1 37
1 67
2 19
2 55
2 79
3 19
3 31
3 49
4 8
4 37
4 78
5 10
5 17
5 56
6 7
6 8
6 67
6 72
6 77
7 21
7 27
7 43
8 35
9 35
9 53
10 32
10 74
11 16
11 39
11 58
12 34
13 26
13 49
13 61
14 33
14 38
14 57
15 16
15 60
15 65
16 20
17 32
17 40
18 33
19 53
20 58
21 55
22 27
22 28
22 45
22 59
22 70
22 71
23 33
23 39
23 73
24 26
24 33
24 61
24 69
25 30
25 64
26 50
27 30
27 37
27 38
27 44
27 47
27 66
27 75
27 78
28 29
28 63
29 44
29 76
30 62
31 50
32 79
33 54
34 62
34 63
35 36
36 53
37 68
38 54
39 45
40 56
41 42
41 48
41 66
42 61
43 47
43 72
44 58
46 51
46 65
46 77
47 67
48 56
48 77
49 50
50 73
52 66
52 78
53 65
54 61
55 74
57 60
57 71
59 75
62 64
63 67
64 69
67 75
74 79
