90 193
0 0 1 15 0 5 0 4 8 6 5 8 9 9 6 7 1 15 4 11 6 5 14 3 1 15 14 4 7 10 6 15 11 6 12 1 8 1 9 10 2 0 8 3 9 3 15 8 2 5 9 3 9 2 2 8 6 3 10 8 8 3 2 10 2 1 7 0 10 6 8 2 3 0 8 7 3 14 15 9 1 9 6 5 6 1 11 10 2 2 
0 1
0 59
1 38
1 41
1 89
2 38
2 78
2 82
2 84
3 13
3 19
3 20
3 33
3 59
3 87
4 11
4 15
4 26
4 40
4 51
4 83
4 84
5 39
5 57
6 24
6 28
6 33
6 49
6 71
7 24
7 50
7 51
7 62
7 66
8 22
9 10
9 18
9 24
9 54
10 37
10 58
10 63
10 65
11 37
11 42
11 48
11 53
11 55
11 64
11 87
12 14
12 28
12 74
12 82
13 33
13 60
13 72
13 75
13 88
14 26
15 20
15 39
16 37
16 48
17 22
17 63
17 64
17 79
17 81
18 37
18 76
19 53
19 68
19 69
20 58
21 81
21 84
21 86
22 35
22 42
22 43
22 56
22 65
22 88
23 45
23 52
23 68
23 71
24 29
24 53
24 70
25 27
25 32
25 40
25 64
25 68
25 85
26 28
26 53
26 60
26 80
27 59
27 70
27 83
28 42
28 53
28 56
28 72
28 79
29 77
29 82
30 34
30 39
31 45
31 86
33 46
34 35
34 40
34 61
34 69
35 59
35 70
36 42
36 72
36 74
36 78
36 84
37 57
37 73
38 52
39 54
39 72
39 75
40 87
41 63
41 65
41 89
42 43
42 47
42 52
42 86
43 56
43 74
44 64
44 68
44 81
46 61
46 68
47 52
47 68
47 69
47 76
49 66
49 81
50 59
51 76
52 71
52 76
53 57
53 63
54 61
54 73
54 86
55 63
55 77
56 84
56 85
57 87
59 78
61 72
61 80
61 88
61 89
62 74
62 87
62 89
63 77
66 79
67 72
67 81
68 78
71 72
73 84
73 85
74 79
74 86
76 81
76 89
77 81
81 86
82 89
85 86
86 87
