70 135
14 9 2 5 10 8 2 10 2 9 4 8 13 14 8 0 12 1 7 13 13 3 8 10 1 6 7 0 7 11 2 11 0 0 4 14 3 5 8 5 2 10 9 0 0 7 5 10 12 6 8 1 11 6 14 9 3 11 13 5 2 9 8 13 13 9 3 14 4 8 
0 13
0 69
1 52
1 61
1 63
1 68
2 28
2 59
3 21
3 41
3 50
3 61
4 18
4 23
4 39
4 67
5 8
5 12
5 56
6 40
6 47
6 64
7 20
7 30
7 40
7 42
7 50
7 60
8 11
8 22
8 24
8 41
8 59
9 62
9 66
10 18
10 20
10 33
10 69
11 19
11 59
11 62
12 38
12 44
12 46
12 66
13 15
13 68
14 29
14 63
15 21
15 25
15 31
16 28
17 22
17 41
18 26
18 29
18 48
19 24
19 33
19 56
19 69
20 48
20 54
21 36
21 37
21 39
21 51
21 54
21 65
21 67
21 68
22 62
23 42
23 60
24 35
24 36
25 31
25 44
25 46
25 59
26 31
26 42
26 46
26 49
26 53
26 69
27 29
27 64
28 39
28 43
29 31
29 64
30 61
32 35
32 43
32 53
32 57
33 36
33 45
33 54
34 41
34 51
35 38
35 41
35 45
35 47
36 45
36 47
36 57
37 53
37 55
39 50
40 48
41 42
41 54
42 66
43 53
44 63
45 67
46 59
47 52
47 56
48 64
49 51
49 55
50 54
55 60
58 64
58 68
59 66
59 68
59 69
62 66
