90 242
14 11 15 13 10 15 5 5 3 6 8 7 7 14 4 9 6 0 12 14 7 3 8 0 7 9 13 7 13 11 9 8 0 8 7 8 0 3 2 3 15 0 0 15 0 5 3 0 2 13 12 0 6 13 9 5 12 12 4 5 10 4 3 13 2 6 0 1 13 11 11 9 15 3 10 9 10 15 5 9 15 0 14 15 14 10 2 3 14 3 
0 6
0 14
0 24
0 30
0 40
0 48
0 50
0 51
0 80
1 89
2 8
2 16
2 18
2 31
2 54
2 57
2 81
2 86
3 8
3 9
3 10
3 22
3 36
3 69
3 75
4 6
4 19
4 25
4 26
4 35
4 45
4 54
4 55
4 75
5 6
5 19
5 33
5 53
5 59
5 70
5 83
6 15
6 21
6 25
6 27
6 54
6 63
6 83
7 14
7 20
7 59
7 86
8 15
8 25
8 52
8 70
8 72
9 39
9 51
9 71
10 18
10 21
10 60
10 73
10 83
11 13
11 16
11 39
11 82
11 88
11 89
12 18
12 68
13 69
14 41
14 49
14 52
14 80
15 18
15 19
15 28
15 33
15 45
15 46
15 51
15 63
16 31
16 74
17 86
17 88
18 24
18 26
18 29
18 34
18 52
18 54
18 60
19 55
20 28
20 43
20 76
20 87
21 45
21 77
22 28
22 48
22 61
22 77
22 81
22 88
23 44
23 45
23 58
23 79
24 27
24 38
24 41
24 46
24 47
24 64
24 68
24 70
25 57
25 72
25 82
26 32
26 44
26 59
26 66
26 75
27 42
27 69
27 88
28 52
28 67
28 85
29 50
30 35
31 58
31 61
33 45
33 65
33 76
33 85
34 36
34 39
34 53
34 54
34 75
34 78
34 81
34 88
35 71
36 81
37 61
37 64
37 78
37 79
39 60
39 62
39 79
39 83
39 84
40 41
40 43
41 50
41 70
42 55
42 65
42 67
42 75
42 79
43 52
43 58
43 60
43 76
44 45
45 55
45 59
45 62
45 82
45 83
46 52
46 71
47 57
47 58
48 52
48 56
48 86
48 87
49 60
49 69
51 55
51 56
51 64
51 73
51 82
52 53
52 54
52 61
52 73
53 57
53 60
53 65
54 65
54 66
54 68
54 70
54 79
54 84
55 58
56 67
56 73
57 74
58 64
58 80
58 88
59 65
60 83
61 63
61 64
61 75
61 80
61 81
62 71
63 68
64 66
64 68
65 87
66 67
66 74
67 76
69 75
69 83
70 81
73 80
74 78
76 86
77 83
77 88
83 84
84 87
