90 243
1 5 2 14 8 7 11 12 10 10 11 5 4 7 10 10 7 7 12 0 15 9 9 11 6 9 7 7 12 2 13 7 14 5 14 4 5 11 15 4 9 15 1 11 6 11 2 8 8 3 3 6 12 1 10 0 13 7 2 8 4 9 13 5 15 14 0 3 14 4 1 9 3 0 4 15 5 0 9 12 11 2 14 1 5 2 0 13 10 0 
0 13
0 83
0 86
0 87
1 4
1 5
1 32
1 51
1 57
1 58
1 62
2 5
2 7
2 10
2 15
2 24
2 47
2 68
3 51
3 89
4 53
4 80
5 11
5 19
5 74
6 7
6 14
6 16
6 43
6 46
6 71
6 83
6 86
7 33
7 65
7 74
8 13
8 61
8 82
8 83
8 85
9 40
9 57
9 66
10 31
10 32
10 38
10 48
10 53
10 63
10 80
11 16
11 42
11 63
11 71
12 24
12 31
12 43
12 57
12 72
12 87
13 14
13 18
13 26
13 37
13 42
13 62
13 68
14 20
14 40
14 63
14 72
15 29
15 31
15 38
15 42
15 79
16 19
16 38
16 46
16 48
16 52
17 18
17 22
17 23
17 45
17 77
17 79
17 83
18 24
18 28
18 74
19 21
19 26
19 31
19 32
19 36
19 42
19 69
19 77
20 23
20 27
20 35
20 56
20 84
21 34
21 38
21 63
21 77
22 43
22 45
22 51
22 64
22 71
22 79
23 39
23 42
23 66
23 70
23 78
23 81
24 50
24 73
24 77
24 88
25 34
25 43
25 73
26 31
26 61
26 84
27 28
27 35
27 37
27 38
27 48
27 89
28 40
28 42
28 66
28 74
29 42
29 53
29 60
30 36
30 65
30 77
30 80
31 36
31 38
31 83
32 34
32 40
32 46
32 62
32 81
33 65
33 67
33 72
33 86
34 44
34 88
35 44
35 49
35 63
35 76
35 83
36 39
36 49
36 70
37 47
37 51
38 52
38 83
39 47
39 54
39 66
40 64
41 44
41 53
41 63
41 70
42 73
42 81
42 82
42 83
43 49
43 54
43 55
43 77
45 82
45 89
47 77
48 75
49 51
49 64
49 66
49 82
50 66
50 67
50 70
50 79
51 54
51 59
51 79
51 84
53 77
53 87
54 69
54 80
54 82
55 83
56 70
56 79
56 87
57 68
57 76
57 81
58 66
58 88
59 66
60 70
60 74
60 76
61 74
61 84
64 77
64 79
64 80
65 68
66 89
69 77
69 86
72 75
72 78
73 83
74 76
77 82
78 83
78 84
78 88
81 89
86 89
