40 173
2 6 6 0 4 0 2 0 4 7 2 7 2 5 6 3 4 0 0 4 6 5 7 5 7 1 4 2 2 3 3 0 1 0 7 0 1 1 5 3 
0 9
0 11
0 16
0 22
0 24
0 33
0 34
0 35
1 4
1 9
1 10
1 17
1 18
1 24
1 25
1 27
1 28
1 32
1 33
2 6
2 13
2 15
2 17
2 26
2 27
2 30
2 37
3 4
3 7
3 16
3 27
3 32
4 5
4 9
4 17
4 19
4 25
4 28
4 32
4 33
4 39
5 7
5 10
5 11
5 19
5 20
5 23
5 25
5 28
5 29
5 32
6 15
6 17
6 35
6 36
6 37
7 11
7 19
7 23
7 29
7 30
7 31
7 35
7 39
8 21
8 22
8 27
8 29
8 30
8 36
8 39
9 16
9 17
9 19
9 21
9 23
9 33
9 34
10 23
10 24
10 25
10 33
10 36
11 16
11 19
11 24
11 28
11 30
11 31
11 39
12 15
12 18
12 22
12 27
12 29
12 33
13 14
13 23
13 30
13 39
14 20
14 30
15 21
15 23
15 38
16 18
16 21
16 24
16 25
16 29
16 34
16 35
16 37
17 21
17 27
17 29
17 34
17 36
18 21
18 22
18 24
18 25
18 30
18 33
18 35
18 37
18 39
19 28
19 30
19 31
19 32
19 38
20 23
20 35
20 39
21 22
21 27
21 28
21 29
21 34
22 24
22 26
22 31
22 36
23 25
23 38
24 25
24 33
24 34
24 35
24 39
25 33
26 33
26 38
27 30
27 31
27 36
27 39
28 30
28 33
29 34
29 35
29 36
30 31
30 39
31 32
31 37
31 39
32 34
32 36
33 35
34 35
36 39
