100 480
5 30 18 19 1 7 10 19 24 24 27 18 18 0 23 6 8 9 3 1 12 5 10 25 30 6 0 28 8 7 12 2 15 14 16 7 26 20 20 11 16 12 27 31 4 4 8 7 28 0 10 5 5 5 18 5 5 14 5 6 12 1 0 28 11 12 14 14 10 16 16 23 8 11 31 13 15 0 31 18 25 0 4 26 19 27 31 16 21 27 0 15 4 30 12 8 17 12 29 8 
0 14
0 19
0 30
0 44
0 74
0 80
0 93
1 3
1 17
1 20
1 34
1 39
1 59
1 72
1 77
1 96
1 97
1 98
2 15
2 21
2 22
2 43
2 57
2 66
2 67
2 72
2 79
2 83
3 26
3 35
3 39
3 43
3 54
3 55
3 70
3 76
3 79
3 81
3 89
3 95
4 49
4 71
4 90
4 97
4 98
5 18
5 39
5 49
5 55
5 58
5 74
5 76
5 96
6 11
6 12
6 15
6 34
6 43
6 90
6 98
6 99
7 13
7 28
7 32
7 59
7 63
8 9
8 10
8 11
8 30
8 46
8 50
8 68
8 90
8 95
8 98
9 11
9 14
9 21
9 22
9 33
9 38
9 64
9 72
9 75
9 78
9 96
10 45
10 54
10 62
10 70
10 89
10 92
11 23
11 29
11 56
11 59
11 60
11 61
11 64
11 69
11 70
11 94
11 95
12 22
12 29
12 32
12 50
12 64
12 79
12 81
12 83
12 84
13 76
13 87
13 92
14 15
14 27
14 71
14 78
14 80
14 91
14 92
14 95
14 96
15 23
15 25
15 29
15 38
15 52
15 73
15 83
15 87
16 26
16 31
16 45
16 53
16 90
17 37
17 39
17 49
17 50
17 57
17 62
17 64
17 78
17 99
18 35
18 63
18 71
18 85
18 87
18 88
18 90
18 94
18 95
19 25
19 28
19 39
19 59
19 98
20 25
20 42
20 45
20 50
20 60
20 63
20 84
20 85
20 86
20 92
20 93
20 94
21 22
21 26
21 42
21 48
21 53
21 63
21 65
21 80
21 83
21 86
21 98
22 30
22 32
22 34
22 47
22 54
22 65
22 68
22 88
22 96
22 98
22 99
23 26
23 41
23 70
23 73
23 80
23 89
23 94
23 98
24 29
24 35
24 38
24 42
24 52
24 66
24 67
24 89
25 28
25 39
25 42
25 47
25 66
25 69
25 71
26 41
26 55
26 72
26 75
26 79
26 85
27 34
27 45
27 49
27 66
27 72
27 81
27 86
28 38
28 60
28 70
28 81
28 96
29 36
29 43
29 65
30 32
30 34
30 35
30 90
30 99
31 33
31 40
31 52
31 75
31 97
32 41
32 54
32 56
32 57
32 74
32 75
32 78
32 90
33 37
33 55
33 62
33 70
33 80
34 47
34 50
34 58
34 62
34 64
34 82
34 88
34 90
34 93
35 36
35 41
35 43
35 50
35 51
35 74
35 77
35 90
35 96
35 98
36 37
36 41
36 43
36 52
36 57
36 67
36 69
36 70
36 75
36 85
36 91
36 96
37 45
37 50
37 57
37 64
37 87
38 39
38 53
38 56
38 57
38 60
38 82
38 87
38 88
39 51
39 56
39 65
39 72
39 78
39 90
39 95
39 96
40 49
40 65
40 81
40 82
40 94
41 43
41 46
41 49
41 51
41 67
41 68
41 69
41 71
41 79
41 82
41 84
41 85
41 96
42 46
42 50
42 64
42 72
42 76
42 84
42 93
43 46
43 56
43 67
43 95
44 49
44 57
44 85
44 95
45 62
45 68
45 69
45 72
45 76
45 84
45 95
45 96
46 56
46 62
46 69
46 82
47 58
47 70
47 73
47 80
47 90
47 97
48 65
48 71
48 74
48 86
49 50
49 53
49 80
50 57
50 77
50 83
51 69
51 81
51 94
52 64
52 65
52 81
52 93
52 96
53 61
53 64
53 86
53 97
54 66
54 73
54 75
54 78
54 89
55 79
55 82
55 98
56 60
56 69
56 79
56 87
57 60
57 62
57 67
57 71
57 75
57 76
57 83
57 86
57 89
57 96
58 63
58 68
59 68
59 76
59 81
60 83
60 87
60 93
60 99
61 64
61 79
61 80
61 87
61 90
61 94
62 66
62 68
62 74
62 76
62 89
63 67
63 75
63 85
63 87
64 75
64 94
65 70
65 75
65 77
65 90
66 88
67 73
67 82
68 75
68 94
69 73
70 75
71 74
71 84
71 85
72 92
72 95
73 77
73 90
74 92
74 94
75 76
75 89
75 92
75 94
75 96
76 81
76 91
76 93
78 99
79 87
81 91
82 84
82 87
83 86
83 97
84 94
85 87
85 94
86 96
87 98
89 99
90 95
91 94
91 97
94 98
