100 150
25 7 8 26 1 16 8 31 31 19 11 19 31 12 21 8 17 27 22 6 25 9 8 15 3 7 5 3 11 23 10 31 29 8 26 27 22 18 22 11 22 4 6 28 5 16 0 4 27 27 20 9 5 5 17 9 0 16 27 10 27 16 24 3 20 31 12 27 12 5 21 18 14 15 15 2 2 10 9 28 20 30 31 21 29 1 21 7 10 16 21 8 31 17 9 19 26 10 20 19 
0 15
0 73
0 79
0 96
1 10
1 55
2 12
3 31
3 51
3 60
4 52
4 66
4 92
4 98
5 18
5 27
5 42
5 96
6 32
6 47
6 54
7 22
7 74
7 85
8 56
8 69
8 76
9 31
9 33
9 37
9 44
9 60
10 35
10 81
11 40
11 70
11 89
12 17
12 30
12 65
13 28
13 46
13 55
13 71
13 91
14 80
15 26
15 51
15 86
16 17
16 62
16 65
17 24
17 64
18 38
19 27
19 30
19 42
19 44
19 67
20 47
20 54
20 85
21 82
21 96
22 28
22 46
22 75
23 46
23 48
23 61
23 91
25 58
25 73
26 43
26 53
26 73
27 45
28 74
29 31
29 33
29 83
30 64
31 35
31 66
31 78
32 39
32 57
32 97
33 89
33 90
34 54
34 74
34 82
34 85
36 50
36 55
36 66
36 76
37 70
38 82
39 50
41 55
41 97
41 99
42 64
43 87
43 91
44 77
45 73
45 87
45 93
45 96
46 68
47 97
49 61
49 63
49 77
49 89
49 91
50 72
51 53
53 60
56 62
56 65
56 84
57 69
57 76
57 80
58 73
59 68
59 80
61 83
62 69
62 88
62 94
65 86
66 84
72 79
72 82
76 81
76 97
77 79
77 94
78 88
82 94
82 95
83 89
83 94
84 94
