90 134
11 7 6 3 2 14 14 10 5 10 5 8 2 15 14 0 10 14 13 11 14 3 1 14 0 0 0 7 7 14 1 2 11 14 15 8 13 14 0 12 6 9 8 3 8 13 15 9 8 5 9 5 8 14 5 10 14 15 10 2 9 8 13 15 6 10 10 8 10 5 10 12 4 14 14 0 1 11 11 2 13 4 13 7 4 10 7 13 5 3 
0 45
0 70
1 15
1 25
1 55
1 66
1 68
1 74
1 85
2 47
3 32
3 79
3 89
4 9
4 24
4 81
5 24
5 87
6 22
6 71
7 31
7 39
7 43
7 70
8 29
8 46
8 49
9 13
9 36
9 82
10 29
10 51
10 87
11 39
11 47
11 70
12 14
12 59
12 78
13 22
13 53
14 85
15 53
15 65
16 52
16 69
16 74
17 20
17 55
17 83
18 26
18 27
18 75
19 20
19 37
20 88
21 68
22 23
22 64
22 82
22 85
23 30
23 32
24 76
25 47
25 50
26 63
26 74
26 77
27 44
27 54
27 61
28 29
28 46
28 87
30 69
30 85
31 79
32 46
32 49
33 46
33 51
34 61
35 51
35 52
35 86
37 40
37 71
38 57
38 84
39 74
40 80
41 55
41 72
42 63
42 85
43 58
43 60
44 57
44 84
45 85
45 89
48 58
48 59
48 60
49 89
50 77
51 67
52 67
52 78
53 85
56 57
56 77
56 85
58 64
59 69
60 71
61 69
62 63
62 79
62 81
64 83
66 68
66 75
67 87
68 69
68 72
69 77
69 80
72 88
73 75
78 86
80 88
81 82
