90 240
10 12 1 0 12 8 11 8 11 6 13 6 4 3 15 12 1 11 1 3 6 6 6 6 13 1 14 2 3 0 7 10 9 14 13 4 5 2 1 4 13 15 7 10 0 0 4 10 15 1 9 7 1 1 9 8 11 12 3 1 14 0 12 14 13 3 0 3 11 10 2147483652 7 15 4 7 6 6 13 3 7 0 11 13 4 14 10 8 1 7 8 
0 31
0 46
0 66
0 68
0 70
1 11
2 24
2 43
2 52
2 70
2 74
2 76
3 24
3 32
3 52
3 61
3 78
4 39
4 40
4 70
4 85
4 88
5 38
5 68
6 42
6 48
6 63
6 67
6 87
7 42
7 50
7 65
7 70
8 14
8 19
8 53
8 75
9 34
10 32
10 36
10 60
10 67
10 70
10 72
10 87
11 13
11 57
11 70
11 83
12 46
12 51
12 66
12 67
12 70
12 75
13 17
13 25
13 49
13 51
13 70
14 28
14 36
14 44
15 20
15 24
15 43
15 49
15 78
16 17
16 18
16 41
16 45
16 59
16 60
16 64
16 70
16 85
17 41
17 59
17 70
17 71
17 73
18 25
18 29
18 31
18 51
18 66
18 70
19 36
20 30
20 89
21 23
21 29
21 31
21 68
21 70
22 52
22 61
22 70
22 74
22 76
23 57
23 70
23 82
24 30
24 63
25 57
25 59
25 70
25 82
26 86
27 39
27 67
28 53
28 62
29 55
29 60
29 70
29 82
30 34
30 72
30 76
31 38
31 57
31 70
31 73
31 83
32 56
32 58
32 70
32 77
33 48
33 67
33 70
33 85
34 40
34 70
34 80
34 84
35 40
35 47
35 70
35 80
35 86
36 54
37 47
37 54
37 56
37 77
38 43
38 82
39 47
39 58
39 70
39 77
40 70
41 51
41 64
41 70
41 75
42 47
42 56
42 58
42 73
43 49
43 70
43 89
44 54
44 62
44 89
46 70
46 76
46 83
47 88
48 73
49 52
49 70
49 78
50 70
50 80
50 84
50 86
51 70
51 83
52 60
52 70
53 69
55 66
55 68
55 70
55 71
56 87
57 61
57 70
58 61
58 67
58 70
58 85
59 70
60 70
60 71
60 77
61 63
63 72
63 74
63 84
64 66
64 70
64 71
64 75
65 70
65 80
65 84
66 70
67 70
68 70
69 74
69 79
70 71
70 74
70 75
70 76
70 77
70 80
70 81
70 82
70 83
70 84
70 85
70 86
70 89
72 81
73 85
73 88
74 81
74 85
76 77
76 81
76 89
79 88
