50 114
5 3 1 2 4 0 5 7 2 3 3 5 6 3 2 0 2 5 0 5 5 5 4 7 5 5 7 6 7 3 1 0 1 6 1 5 2 6 6 1 3 6 6 4 2 2 7 7 6 6 
0 2
0 7
0 12
0 19
0 23
0 46
1 8
1 34
2 9
2 13
2 38
2 42
3 17
3 34
3 48
4 5
4 7
4 13
4 18
4 37
4 44
4 49
5 14
5 30
5 37
6 7
6 15
7 9
7 24
7 34
7 47
8 24
8 38
9 13
9 14
9 17
9 18
9 20
9 30
9 36
9 37
9 48
10 13
10 19
10 21
10 23
10 31
10 33
10 39
10 49
11 44
12 14
12 17
12 23
12 27
12 30
13 45
14 22
14 23
14 29
14 34
14 47
15 36
16 18
16 37
16 49
17 21
17 26
17 29
18 37
18 38
18 39
18 40
18 43
19 21
21 34
21 44
21 49
22 27
22 47
22 48
23 47
24 28
24 33
24 39
25 46
25 48
26 28
26 35
27 29
27 33
28 29
28 33
29 33
29 36
30 33
30 38
31 45
31 49
32 35
32 42
33 41
33 46
34 40
34 46
34 48
36 47
37 43
37 49
38 44
39 45
40 49
42 45
45 48
