50 95
1 6 7 6 4 1 2 4 7 3 3 5 4 3 3 3 4 2 4 0 5 7 6 0 4 0 2 4 5 2 3 1 5 4 6 3 5 2 3 1 3 1 6 4 5 2 0 0 1 0 
0 13
0 19
0 45
1 5
1 15
1 17
2 5
2 26
2 49
3 4
3 7
3 8
3 10
3 44
4 11
4 18
4 20
5 46
6 9
6 16
6 49
7 18
7 23
7 39
8 11
8 21
8 38
9 45
10 35
10 38
10 39
11 12
11 44
12 13
12 19
12 21
13 44
14 16
14 22
14 26
14 49
15 24
15 33
15 46
16 19
16 45
17 33
18 29
19 22
19 30
20 29
20 35
20 44
21 22
21 48
22 40
23 24
23 30
23 33
24 36
24 37
25 29
25 35
25 48
26 36
26 40
26 46
27 31
27 41
27 47
28 30
28 32
28 42
28 47
30 36
31 32
31 35
31 42
32 34
32 36
32 40
34 35
34 38
34 43
35 41
36 43
37 40
37 43
37 46
38 48
39 41
40 48
42 47
43 48
44 48
