50 229
5 4 6 5 5 1 6 1 0 1 2 7 2 3 3 3 4 7 3 5 4 6 4 7 6 0 3 4 1 5 3 1 6 2 5 4 5 1 2 3 2 1 2 0 5 7 6 5 0 5 
0 1
0 2
0 3
0 17
0 33
0 34
1 9
1 12
1 20
1 21
1 22
1 24
1 26
1 46
2 11
2 13
2 21
2 28
2 34
2 37
2 38
2 44
2 45
3 7
3 8
3 17
3 20
3 21
3 24
3 28
3 29
3 30
3 49
4 17
4 18
4 20
4 26
4 32
4 38
4 41
4 42
4 43
5 16
5 17
5 20
5 21
5 24
5 26
5 33
5 40
5 43
5 44
5 47
5 49
6 7
6 10
6 15
6 21
6 35
6 38
6 41
6 42
6 46
7 14
7 23
7 24
7 26
7 29
7 34
7 40
7 42
8 17
8 18
8 21
8 31
8 35
8 41
8 42
8 43
8 48
9 14
9 15
9 17
9 22
9 31
9 40
9 43
10 11
10 14
10 27
10 32
10 34
10 42
10 47
11 13
11 16
11 19
11 24
11 27
11 34
11 36
11 38
11 39
12 31
12 32
12 33
12 36
12 43
12 45
12 48
13 19
13 31
13 32
13 49
14 19
14 22
14 31
14 36
14 45
15 18
15 22
15 24
15 25
15 30
15 33
15 43
15 44
16 18
16 20
16 21
16 30
16 36
16 43
16 48
17 26
17 31
17 33
17 40
17 46
18 20
18 28
18 33
18 34
18 35
18 37
19 23
19 24
19 28
19 30
19 31
19 37
19 46
20 27
20 34
20 36
21 27
21 30
21 36
21 37
21 49
22 23
22 35
22 36
22 37
22 41
22 47
22 48
23 27
23 38
23 43
23 45
23 47
23 48
24 28
24 37
24 39
25 31
25 47
26 28
26 42
26 49
27 31
27 38
27 46
28 35
28 39
28 41
28 46
28 47
29 32
29 33
29 39
29 46
30 43
30 44
31 37
31 40
31 48
31 49
32 37
32 39
32 48
33 35
33 37
33 47
35 43
36 37
36 42
36 43
37 40
37 41
37 45
38 41
38 44
38 45
38 46
38 48
39 44
40 44
40 45
40 48
41 42
41 45
42 45
43 45
44 47
45 49
46 48
48 49
