70 201
0 1 3 4 5 5 8 8 13 10 15 5 15 9 12 14 0 0 1 7 1 4 4 4 2 12 1 11 2 2 2 4 4 7 1 5 8 13 6 7 6 4 8 15 14 10 13 1 7 2 4 6 15 12 1 5 9 11 0 12 14 2 14 1 7 5 5 7 14 4 
0 9
0 23
0 28
1 19
1 24
1 45
1 53
1 59
1 68
2 13
2 21
2 23
2 28
2 50
3 11
3 12
3 41
3 63
4 36
4 38
4 48
4 55
4 57
4 58
4 62
4 66
5 18
5 22
5 31
5 38
5 62
5 65
6 25
6 45
6 49
6 65
6 68
7 11
7 15
7 18
7 27
7 31
7 41
7 49
7 58
7 64
8 35
8 42
8 47
8 50
8 53
8 54
8 69
9 15
9 56
9 59
9 60
10 18
10 19
10 40
10 41
10 52
10 57
11 29
11 46
12 25
12 31
12 32
12 46
12 49
13 29
13 31
13 37
13 39
13 46
13 57
14 22
14 35
14 38
14 42
14 53
14 61
15 23
15 35
15 50
15 60
15 61
15 67
16 32
16 34
16 36
16 54
16 55
16 64
17 24
17 30
17 31
17 55
17 62
18 32
18 48
18 55
19 20
19 21
19 28
20 24
20 25
20 45
20 52
21 25
21 46
21 52
21 65
21 68
22 34
22 36
22 37
22 43
22 66
23 39
23 51
24 47
24 58
24 67
24 69
26 30
26 43
26 56
27 29
27 31
27 32
27 33
27 57
28 36
28 48
28 54
28 59
29 60
30 51
30 54
30 69
31 37
31 40
31 61
31 67
32 42
32 53
33 48
33 53
33 60
33 61
34 53
35 43
35 56
36 42
36 54
37 39
38 40
38 49
38 52
39 60
39 61
40 55
41 49
42 45
42 48
42 57
43 54
43 56
44 46
44 53
45 67
46 51
46 64
47 48
47 62
47 65
47 68
48 49
48 52
48 60
48 64
49 52
49 64
50 57
50 59
50 68
52 65
53 63
53 64
54 62
56 69
57 61
57 64
58 60
59 69
61 69
63 66
64 68
65 67
66 67
