70 186
13 12 12 7 15 10 4 13 10 6 7 13 6 12 2 9 10 3 6 4 3 9 6 12 1 6 15 1 6 4 3 4 1 7 1 13 1 11 10 2 6 13 5 6 15 10 2 4 12 4 8 5 9 10 7 10 13 10 4 3 0 4 8 0 6 2 9 14 6 3 
0 6
0 36
0 40
0 49
0 56
0 65
1 10
1 17
1 43
1 49
1 57
2 7
2 10
2 32
2 33
2 34
2 43
2 56
2 59
3 9
3 16
3 34
3 54
3 59
4 14
4 48
4 54
4 61
4 66
5 12
5 30
5 39
5 57
5 62
6 19
6 29
6 32
6 34
6 35
6 46
7 15
7 16
7 38
7 54
7 57
7 69
8 36
8 59
8 62
8 65
9 23
9 26
9 42
9 64
10 22
10 45
11 17
11 44
11 52
11 53
11 64
12 49
12 53
13 16
13 30
13 47
13 48
13 60
13 63
14 58
14 60
15 16
15 18
15 28
15 38
16 18
16 36
16 51
16 53
16 64
17 51
17 53
17 55
17 60
18 29
18 34
18 39
18 40
18 67
19 23
19 32
19 38
19 42
19 63
19 69
20 33
20 39
20 40
20 51
20 66
21 30
21 43
21 45
22 48
22 61
22 66
23 25
23 33
23 39
23 59
24 53
25 31
25 40
25 41
25 45
25 50
25 52
26 27
26 39
26 64
26 66
27 58
27 64
28 47
28 62
28 66
29 36
29 69
30 41
30 54
30 59
30 61
31 54
31 58
32 36
32 42
32 50
32 58
32 64
33 38
33 42
34 36
34 42
34 46
34 60
34 61
34 69
35 44
35 58
35 63
36 39
36 60
37 69
38 40
38 54
40 42
40 47
40 49
40 51
40 63
41 50
42 66
43 44
43 62
44 52
44 63
46 49
46 64
47 51
48 55
48 69
49 64
51 68
52 65
53 57
53 65
54 63
55 66
56 58
56 59
56 64
57 64
58 66
60 68
62 63
63 66
