90 178
10 8 3 15 14 11 4 15 0 11 14 15 5 4 7 15 1 13 8 7 14 12 6 8 0 5 7 3 7 2 13 3 7 10 12 5 10 12 0 6 12 6 3 15 14 9 13 14 1 13 6 8 13 4 5 4 6 4 9 11 2 11 15 13 13 5 14 1 14 13 14 14 12 13 4 12 7 3 14 13 3 6 12 15 15 9 8 0 3 5 
0 22
0 59
0 88
1 25
1 28
1 59
1 60
1 64
1 70
1 89
2 8
2 13
2 28
2 29
2 52
3 16
3 30
3 54
4 12
4 22
5 28
5 52
6 25
6 36
6 61
6 70
6 75
6 84
7 29
7 85
8 24
8 39
8 86
9 19
9 47
9 71
9 75
9 86
10 15
10 26
10 32
10 47
10 48
10 66
10 70
10 77
11 22
11 32
11 36
12 25
12 44
12 55
12 58
13 32
14 48
14 54
14 74
15 17
15 61
16 22
16 78
16 79
17 42
17 75
17 88
18 61
18 71
19 21
19 23
19 54
20 36
20 48
20 62
20 70
20 77
20 80
20 82
21 33
21 47
21 48
21 75
21 80
22 25
22 27
22 44
22 69
23 48
23 55
23 78
23 87
25 49
25 70
25 79
26 31
26 52
26 66
26 74
27 32
27 40
27 45
27 58
27 82
28 53
28 54
28 73
29 60
30 61
31 35
31 57
31 59
31 70
31 71
32 51
33 53
34 48
34 69
35 42
35 57
35 86
36 49
36 61
36 68
37 42
37 66
37 83
38 61
38 72
39 55
39 56
39 61
39 82
40 71
41 76
41 79
43 74
43 85
46 51
46 74
47 65
48 52
49 64
49 70
50 74
53 66
54 75
56 61
57 59
57 72
57 83
58 69
58 88
59 85
60 62
61 63
61 72
63 82
63 86
64 68
64 69
64 70
65 70
65 72
65 77
65 80
67 68
67 72
67 81
67 88
68 70
69 84
70 77
70 80
71 72
71 84
74 88
75 76
76 89
82 89
