100 1775
1 29 5 7 12 3 7 24 20 17 3 7 20 31 17 13 28 11 7 28 14 12 14 18 11 24 28 25 31 8 12 3 30 6 19 28 17 5 22 11 25 29 15 4 16 25 19 15 26 25 4 24 11 3 3 1 12 6 0 11 25 9 26 29 12 23 17 27 4 26 25 15 18 17 24 24 0 16 8 1 2 1 3 4 27 3 24 17 1 7 8 14 31 15 19 13 3 3 5 7 
0 3
0 4
0 7
0 9
0 10
0 11
0 13
0 16
0 18
0 19
0 20
0 29
0 30
0 32
0 33
0 35
0 36
0 39
0 40
0 42
0 43
0 44
0 45
0 46
0 48
0 51
0 53
0 56
0 58
0 61
0 63
0 65
0 70
0 72
0 76
0 78
0 84
0 85
0 88
0 89
0 91
0 97
0 98
1 3
1 5
1 6
1 7
1 8
1 15
1 16
1 18
1 24
1 28
1 33
1 41
1 43
1 46
1 50
1 57
1 58
1 60
1 62
1 63
1 65
1 71
1 73
1 80
1 88
1 89
1 95
1 98
2 3
2 7
2 10
2 18
2 26
2 28
2 32
2 33
2 34
2 36
2 38
2 40
2 42
2 43
2 46
2 47
2 48
2 51
2 54
2 55
2 56
2 57
2 63
2 64
2 74
2 75
2 80
2 81
2 84
2 85
2 88
2 89
2 90
2 93
2 95
2 98
2 99
3 9
3 10
3 11
3 16
3 18
3 22
3 28
3 29
3 32
3 33
3 36
3 37
3 38
3 43
3 44
3 46
3 48
3 50
3 51
3 55
3 62
3 66
3 67
3 68
3 71
3 72
3 78
3 86
3 88
3 89
3 90
3 91
3 98
4 5
4 8
4 11
4 12
4 18
4 19
4 20
4 23
4 24
4 27
4 28
4 30
4 32
4 36
4 40
4 41
4 43
4 48
4 50
4 51
4 56
4 59
4 66
4 68
4 71
4 73
4 76
4 79
4 82
4 83
4 85
4 88
4 89
4 90
4 93
4 95
4 99
5 12
5 16
5 18
5 23
5 24
5 29
5 30
5 31
5 34
5 37
5 43
5 49
5 54
5 56
5 58
5 64
5 68
5 71
5 75
5 80
5 82
5 91
5 92
5 93
5 98
5 99
6 7
6 13
6 20
6 22
6 23
6 27
6 31
6 36
6 37
6 38
6 39
6 40
6 43
6 49
6 53
6 54
6 60
6 61
6 64
6 70
6 72
6 73
6 74
6 76
6 77
6 78
6 95
6 98
7 11
7 13
7 15
7 16
7 18
7 22
7 24
7 27
7 40
7 42
7 43
7 46
7 47
7 49
7 55
7 56
7 57
7 58
7 59
7 60
7 62
7 63
7 64
7 75
7 80
7 81
7 84
7 89
7 91
7 92
7 93
7 94
8 9
8 15
8 17
8 18
8 19
8 22
8 23
8 25
8 27
8 29
8 34
8 37
8 38
8 41
8 51
8 52
8 58
8 62
8 63
8 67
8 71
8 77
8 84
8 88
8 90
8 95
8 97
9 10
9 19
9 28
9 29
9 30
9 31
9 33
9 35
9 38
9 39
9 45
9 46
9 47
9 48
9 55
9 57
9 58
9 59
9 64
9 66
9 72
9 76
9 77
9 81
9 82
9 85
9 89
9 90
9 93
9 95
9 97
10 14
10 15
10 17
10 18
10 19
10 21
10 27
10 28
10 32
10 38
10 42
10 43
10 44
10 46
10 48
10 49
10 56
10 58
10 62
10 64
10 66
10 68
10 70
10 71
10 75
10 76
10 78
10 80
10 82
10 84
10 85
10 87
10 91
10 93
10 95
10 96
10 97
11 14
11 27
11 33
11 36
11 38
11 39
11 42
11 43
11 45
11 47
11 55
11 57
11 62
11 64
11 66
11 67
11 68
11 69
11 71
11 73
11 75
11 79
11 81
11 82
11 84
11 87
11 88
11 89
11 90
11 93
11 98
12 14
12 15
12 16
12 30
12 35
12 46
12 49
12 50
12 58
12 64
12 68
12 69
12 70
12 71
12 76
12 79
12 81
12 85
12 87
12 90
12 99
13 15
13 16
13 17
13 18
13 22
13 23
13 26
13 27
13 30
13 33
13 38
13 40
13 43
13 48
13 49
13 50
13 52
13 56
13 60
13 69
13 74
13 76
13 77
13 81
13 82
13 84
13 98
14 15
14 16
14 21
14 26
14 28
14 31
14 34
14 36
14 42
14 44
14 46
14 54
14 56
14 58
14 62
14 69
14 75
14 77
14 81
14 84
14 86
14 89
14 96
14 97
15 18
15 26
15 44
15 45
15 51
15 58
15 60
15 66
15 70
15 71
15 76
15 84
15 85
15 87
15 99
16 17
16 18
16 23
16 25
16 28
16 31
16 32
16 33
16 40
16 46
16 55
16 57
16 58
16 60
16 63
16 64
16 65
16 69
16 72
16 74
16 77
16 78
16 89
16 92
16 93
16 94
16 96
16 97
17 18
17 21
17 23
17 30
17 34
17 35
17 36
17 38
17 39
17 40
17 42
17 43
17 45
17 46
17 49
17 50
17 51
17 55
17 60
17 61
17 62
17 67
17 70
17 74
17 75
17 78
17 79
17 82
17 86
17 89
17 93
17 96
18 21
18 22
18 24
18 25
18 28
18 32
18 33
18 34
18 35
18 37
18 38
18 40
18 42
18 44
18 46
18 47
18 48
18 50
18 51
18 56
18 57
18 59
18 62
18 66
18 67
18 68
18 70
18 74
18 76
18 79
18 80
18 82
18 87
18 88
18 90
18 91
18 92
18 93
18 95
19 21
19 32
19 35
19 36
19 37
19 39
19 41
19 42
19 44
19 46
19 47
19 49
19 53
19 55
19 56
19 57
19 58
19 60
19 66
19 67
19 70
19 75
19 78
19 79
19 84
19 90
19 92
19 96
20 21
20 24
20 25
20 28
20 33
20 36
20 37
20 38
20 43
20 45
20 47
20 48
20 51
20 55
20 56
20 63
20 64
20 67
20 70
20 71
20 73
20 75
20 83
20 84
20 85
20 88
20 89
20 93
20 94
20 95
21 22
21 24
21 25
21 27
21 28
21 29
21 32
21 33
21 34
21 36
21 45
21 46
21 47
21 49
21 51
21 53
21 55
21 56
21 58
21 59
21 67
21 70
21 72
21 75
21 79
21 80
21 82
21 83
21 87
21 88
21 89
21 90
21 92
21 94
21 95
21 97
21 98
22 27
22 32
22 34
22 39
22 41
22 42
22 44
22 45
22 46
22 47
22 50
22 55
22 64
22 66
22 68
22 70
22 71
22 72
22 73
22 75
22 76
22 77
22 79
22 82
22 85
22 87
22 88
22 91
22 94
23 28
23 34
23 36
23 40
23 44
23 45
23 48
23 54
23 55
23 59
23 60
23 65
23 66
23 67
23 68
23 69
23 72
23 73
23 78
23 79
23 80
23 81
23 85
23 90
23 93
23 95
23 98
24 28
24 30
24 33
24 37
24 42
24 45
24 46
24 48
24 49
24 50
24 52
24 55
24 62
24 64
24 65
24 66
24 76
24 81
24 87
24 93
24 95
25 27
25 28
25 29
25 33
25 38
25 39
25 40
25 43
25 45
25 50
25 51
25 56
25 60
25 61
25 63
25 64
25 68
25 74
25 75
25 78
25 80
25 81
25 82
25 83
25 84
25 85
25 86
25 87
25 89
25 90
25 94
25 96
26 28
26 34
26 38
26 43
26 61
26 62
26 71
26 72
26 77
26 78
26 79
26 86
26 91
26 96
26 97
26 99
27 28
27 29
27 30
27 31
27 33
27 34
27 35
27 39
27 42
27 47
27 48
27 49
27 50
27 53
27 55
27 57
27 58
27 59
27 62
27 65
27 67
27 68
27 69
27 70
27 73
27 76
27 77
27 78
27 80
27 82
27 84
27 85
27 86
27 88
27 93
27 96
27 98
28 29
28 30
28 31
28 34
28 36
28 37
28 42
28 43
28 45
28 46
28 50
28 51
28 54
28 55
28 56
28 59
28 61
28 64
28 66
28 70
28 77
28 81
28 82
28 83
28 86
28 88
28 91
29 32
29 33
29 36
29 38
29 39
29 40
29 42
29 52
29 55
29 56
29 59
29 60
29 61
29 62
29 63
29 69
29 70
29 74
29 75
29 83
29 84
29 85
29 86
29 89
29 90
29 95
29 97
29 98
30 35
30 40
30 44
30 45
30 46
30 56
30 58
30 59
30 67
30 69
30 70
30 71
30 75
30 77
30 79
30 80
30 81
30 85
30 91
30 92
30 93
30 94
30 96
30 97
30 98
31 35
31 38
31 39
31 41
31 46
31 48
31 49
31 54
31 55
31 59
31 66
31 72
31 74
31 75
31 79
31 80
31 86
31 89
31 92
31 95
32 36
32 44
32 45
32 46
32 48
32 52
32 57
32 63
32 64
32 70
32 73
32 74
32 80
32 82
32 84
32 85
32 87
32 90
32 93
32 95
32 98
33 34
33 36
33 41
33 45
33 46
33 47
33 48
33 49
33 55
33 58
33 59
33 63
33 64
33 67
33 68
33 73
33 74
33 76
33 80
33 82
33 83
33 91
33 92
33 94
33 97
33 98
34 39
34 40
34 42
34 43
34 44
34 47
34 50
34 52
34 55
34 57
34 62
34 64
34 66
34 68
34 70
34 71
34 73
34 75
34 79
34 81
34 83
34 89
34 90
34 92
34 93
34 94
34 95
34 98
35 37
35 42
35 66
35 67
35 73
35 78
35 86
35 89
35 95
35 97
35 99
36 37
36 39
36 40
36 46
36 57
36 59
36 65
36 73
36 80
36 82
36 88
36 93
36 94
36 95
36 96
36 98
36 99
37 38
37 39
37 43
37 52
37 65
37 68
37 76
37 77
37 80
37 86
37 87
37 88
37 91
37 94
37 95
37 96
37 97
38 40
38 41
38 42
38 43
38 44
38 46
38 47
38 50
38 56
38 57
38 64
38 65
38 67
38 70
38 72
38 74
38 78
38 79
38 83
38 84
38 93
38 95
38 97
39 41
39 42
39 45
39 51
39 52
39 54
39 58
39 60
39 61
39 64
39 67
39 73
39 77
39 81
39 83
39 84
39 85
39 89
39 91
39 93
39 95
39 96
39 98
40 41
40 42
40 50
40 51
40 56
40 60
40 62
40 64
40 67
40 68
40 70
40 71
40 76
40 80
40 82
40 83
40 84
40 88
40 94
40 95
40 96
40 97
41 43
41 44
41 45
41 46
41 47
41 50
41 51
41 53
41 57
41 63
41 68
41 69
41 70
41 71
41 72
41 76
41 77
41 80
41 84
41 85
41 89
41 91
41 94
41 95
41 96
41 97
42 44
42 45
42 50
42 52
42 54
42 55
42 57
42 59
42 60
42 61
42 64
42 72
42 76
42 79
42 81
42 82
42 84
42 85
42 88
42 90
42 93
42 98
43 45
43 47
43 48
43 50
43 51
43 52
43 55
43 57
43 61
43 66
43 72
43 73
43 75
43 77
43 78
43 80
43 82
43 83
43 85
43 92
43 98
43 99
44 45
44 50
44 51
44 52
44 56
44 58
44 60
44 64
44 65
44 67
44 68
44 69
44 73
44 74
44 75
44 77
44 79
44 81
44 82
44 84
44 85
44 86
44 89
44 90
44 91
44 99
45 47
45 51
45 53
45 55
45 56
45 61
45 64
45 67
45 71
45 73
45 74
45 75
45 78
45 79
45 80
45 81
45 83
45 85
45 88
45 91
45 93
45 96
45 97
45 98
46 56
46 59
46 61
46 62
46 63
46 64
46 66
46 67
46 68
46 70
46 71
46 73
46 74
46 75
46 77
46 80
46 83
46 86
46 88
46 89
46 90
46 94
46 95
46 96
46 97
46 98
47 51
47 55
47 62
47 71
47 73
47 75
47 78
47 80
47 85
47 89
47 91
47 95
48 51
48 59
48 60
48 63
48 65
48 67
48 71
48 73
48 75
48 76
48 77
48 79
48 82
48 85
48 86
48 90
48 93
48 95
48 98
49 53
49 54
49 61
49 69
49 74
49 77
49 82
49 84
49 86
49 90
49 94
49 96
49 97
49 99
50 51
50 52
50 53
50 57
50 60
50 61
50 62
50 63
50 65
50 67
50 68
50 70
50 71
50 78
50 81
50 82
50 83
50 86
50 88
50 89
50 90
50 91
50 93
50 95
50 98
51 52
51 60
51 67
51 69
51 72
51 73
51 77
51 78
51 81
51 82
51 83
51 86
51 91
51 92
51 93
51 95
51 97
52 53
52 56
52 58
52 61
52 62
52 66
52 68
52 69
52 71
52 75
52 77
52 79
52 83
52 85
52 86
52 87
52 94
52 95
52 96
53 58
53 60
53 67
53 68
53 69
53 71
53 72
53 73
53 74
53 79
53 82
53 83
53 85
53 91
53 94
53 96
53 97
54 57
54 58
54 59
54 61
54 66
54 73
54 77
54 78
54 92
54 93
54 94
54 96
55 56
55 57
55 59
55 60
55 61
55 62
55 65
55 67
55 68
55 70
55 72
55 77
55 78
55 79
55 82
55 86
55 87
55 88
55 91
55 92
55 93
55 94
55 96
55 97
55 98
56 57
56 59
56 60
56 61
56 62
56 64
56 65
56 68
56 69
56 72
56 76
56 78
56 83
56 86
56 89
56 90
56 92
56 93
56 94
56 95
56 98
56 99
57 59
57 62
57 65
57 71
57 76
57 81
57 83
57 84
57 85
57 88
57 95
58 60
58 66
58 69
58 74
58 75
58 76
58 80
58 82
58 93
58 94
58 96
58 99
59 61
59 62
59 64
59 65
59 71
59 74
59 80
59 82
59 88
59 90
59 91
59 94
59 97
59 98
60 61
60 62
60 67
60 70
60 71
60 75
60 78
60 82
60 86
60 87
60 88
60 90
60 91
60 94
60 97
60 98
61 63
61 73
61 83
61 84
61 88
61 90
61 91
61 92
61 93
61 97
62 65
62 67
62 71
62 75
62 78
62 81
62 89
62 90
62 93
62 94
62 97
63 64
63 67
63 68
63 71
63 73
63 74
63 75
63 78
63 82
63 83
63 84
63 85
63 86
63 88
63 92
63 94
64 67
64 70
64 71
64 75
64 78
64 80
64 83
64 84
64 85
64 87
64 92
64 96
65 67
65 70
65 73
65 75
65 76
65 78
65 81
65 84
65 86
65 87
65 93
65 95
65 98
65 99
66 67
66 71
66 77
66 82
66 83
66 85
66 87
66 97
66 99
67 69
67 71
67 72
67 78
67 79
67 82
67 83
67 85
67 86
67 91
67 92
67 97
67 98
68 70
68 72
68 76
68 80
68 85
68 88
68 90
68 93
68 94
68 98
68 99
69 74
69 76
69 79
69 87
69 89
69 92
69 94
69 95
70 72
70 75
70 79
70 80
70 81
70 88
70 91
70 92
70 95
70 97
70 99
71 73
71 74
71 77
71 84
71 86
71 87
71 93
71 94
71 95
71 96
71 97
71 98
72 73
72 76
72 78
72 81
72 83
72 84
72 85
72 86
72 87
72 90
72 91
72 97
73 75
73 81
73 82
73 83
73 84
73 91
73 92
73 93
73 95
73 96
73 97
73 99
74 81
74 86
74 94
74 99
75 77
75 79
75 80
75 83
75 87
75 88
75 89
75 93
75 95
75 96
75 98
76 77
76 79
76 87
76 91
76 94
76 96
77 83
77 85
77 86
77 87
78 79
78 80
78 81
78 83
78 84
78 85
78 87
78 89
78 90
78 92
78 93
78 94
79 81
79 85
79 86
79 87
79 89
79 91
79 99
80 84
80 85
80 86
80 90
80 92
80 94
80 96
80 97
80 98
81 82
81 83
81 85
81 89
81 90
81 94
81 96
81 98
81 99
82 87
82 88
82 89
82 90
82 94
82 95
83 84
83 86
83 91
83 93
83 94
83 95
83 96
84 89
84 95
84 97
84 98
84 99
85 87
85 88
85 90
85 91
85 95
85 96
85 97
85 98
86 87
86 88
86 93
86 94
86 95
86 96
87 88
87 89
87 90
87 93
87 98
87 99
88 93
88 97
89 93
89 96
89 97
89 98
89 99
90 98
91 93
91 94
91 97
91 98
92 93
92 96
92 99
93 94
93 95
93 96
94 95
94 98
95 98
97 98
