90 135
15 6 11 14 6 8 8 15 0 11 4 13 5 15 12 2 11 6 9 8 2 9 7 14 14 1 4 12 13 13 8 6 11 2 7 8 6 1 14 6 14 4 2 8 6 14 13 5 14 2 1 11 5 6 14 4 4 8 9 9 9 8 5 14 15 6 5 15 13 10 13 0 10 12 1 0 3 14 14 2 9 12 6 12 1 15 4 10 10 1 
0 4
0 30
0 45
0 66
0 67
0 83
1 33
1 72
1 74
1 83
1 86
2 6
2 16
3 13
3 34
4 88
5 14
6 12
6 28
6 46
6 47
6 63
6 68
6 73
7 38
7 64
7 66
7 72
8 56
9 13
10 25
10 28
10 51
11 20
11 24
11 36
11 56
12 20
12 26
12 60
12 62
12 85
13 28
13 62
13 70
13 80
14 48
14 49
15 74
15 89
16 57
16 61
16 74
16 77
16 79
17 67
17 71
18 65
19 54
19 68
20 28
20 33
20 42
20 49
20 67
21 28
21 84
22 53
22 88
23 31
23 36
24 73
26 60
26 68
27 66
28 72
28 73
28 74
28 84
29 65
29 81
31 76
32 45
32 49
32 81
33 35
33 39
33 41
33 68
33 77
34 67
36 37
36 57
36 82
37 41
38 39
39 50
40 72
40 87
41 56
43 48
44 55
44 83
45 47
45 51
45 83
46 63
48 74
48 88
50 77
51 61
52 74
53 55
53 86
54 63
54 88
55 69
57 75
57 78
57 88
58 65
59 65
61 88
63 75
64 69
65 67
65 84
67 68
67 72
68 74
71 85
73 78
73 79
76 78
79 82
