70 310
10 4 12 7 15 6 3 12 2 6 14 6 11 5 2 7 1 2 13 2 15 10 13 15 0 7 6 3 9 4 2 5 8 2 15 6 2 10 8 10 14 5 3 0 5 2 8 5 11 8 14 10 8 9 11 9 1 12 13 7 4 2 0 5 6 1 6 5 3 6 
0 6
0 7
0 14
0 23
0 39
0 44
0 54
0 59
0 65
0 68
1 9
1 19
1 20
1 63
2 4
2 9
2 18
2 21
2 31
2 32
2 49
2 50
2 53
2 55
3 43
3 44
3 52
4 13
4 15
4 18
4 21
4 31
4 35
4 36
4 42
4 45
4 60
4 63
5 10
5 12
5 23
5 24
5 26
5 36
5 54
6 7
6 14
6 17
6 49
6 55
6 59
6 65
6 68
7 10
7 14
7 34
7 44
7 54
7 60
7 61
7 67
7 68
8 24
8 27
8 33
8 35
8 36
8 38
8 46
8 51
8 56
8 57
9 17
9 18
9 21
9 30
9 31
9 32
9 42
9 53
9 55
10 11
10 14
10 25
10 28
10 29
10 34
10 44
10 54
10 60
10 62
11 19
11 24
11 38
11 39
11 40
11 46
11 57
11 58
11 61
12 39
12 53
12 67
13 15
13 25
13 29
13 31
13 35
13 45
13 50
13 56
13 62
14 19
14 41
14 44
14 54
14 65
14 68
15 18
15 21
15 31
15 35
15 45
15 51
15 62
16 17
16 21
16 22
16 36
16 47
16 49
16 51
16 59
16 64
16 65
17 22
17 41
17 47
17 49
17 59
17 60
17 65
17 68
18 20
18 21
18 22
18 31
18 32
18 45
19 23
19 30
19 40
19 53
19 55
19 58
19 61
20 21
20 25
20 52
20 61
20 65
21 31
21 32
21 43
21 53
22 33
22 36
22 37
22 47
22 49
22 51
22 59
23 30
23 32
23 40
23 52
23 53
23 55
23 58
23 61
24 29
24 38
24 40
24 41
24 46
24 50
24 56
24 57
24 58
25 29
25 34
25 35
25 44
25 45
25 46
25 62
25 66
26 48
26 69
27 38
27 44
27 59
28 41
28 60
29 34
29 35
29 44
29 54
29 62
30 32
30 40
30 53
30 55
30 61
30 68
31 45
31 47
31 66
31 69
32 53
32 55
32 59
32 64
33 36
33 38
33 45
33 46
33 47
33 51
33 56
33 66
34 35
34 44
34 54
34 57
34 62
35 45
35 62
36 39
36 47
36 49
36 51
36 56
37 40
37 43
37 67
38 46
38 51
38 56
38 57
38 60
38 62
39 41
39 52
39 65
40 54
40 57
40 58
40 61
41 43
41 48
41 57
41 68
42 44
42 56
43 48
43 66
44 54
44 58
44 64
44 66
45 62
46 56
46 57
46 58
47 49
47 50
47 51
47 56
48 50
48 53
48 56
49 59
49 64
49 65
50 56
50 59
51 56
52 54
52 61
53 55
53 65
54 68
54 69
55 61
55 67
56 63
57 58
57 61
57 64
58 61
58 67
59 65
59 68
60 62
62 69
63 69
64 65
64 67
65 68
