90 761
0 8 9 1 3 0 3 6 0 7 8 8 9 13 3 10 1 14 7 4 0 10 2 7 6 5 15 5 2 13 6 15 7 9 4 13 10 2 9 2 2 0 5 15 0 1 0 3 10 9 3 14 11 13 2 14 8 2 8 2 8 5 13 6 9 8 12 0 11 1 1 2 12 1 12 6 7 9 2 14 10 13 5 8 6 7 4 15 0 7 
0 2
0 5
0 11
0 28
0 30
0 38
0 41
0 46
0 52
0 64
0 70
0 79
1 18
1 29
1 46
1 52
1 61
1 66
1 70
1 84
1 85
1 88
1 89
2 21
2 25
2 27
2 30
2 33
2 38
2 45
2 51
2 54
2 62
2 63
2 64
2 65
2 66
2 67
2 73
2 76
2 78
3 4
3 17
3 29
3 33
3 36
3 37
3 38
3 67
3 68
3 71
3 76
3 87
4 6
4 12
4 16
4 20
4 21
4 22
4 24
4 26
4 31
4 36
4 43
4 45
4 47
4 68
4 76
4 79
4 81
4 82
4 84
4 87
5 12
5 18
5 25
5 28
5 30
5 31
5 37
5 40
5 42
5 43
5 45
5 47
5 49
5 57
5 62
5 66
5 74
5 81
5 82
5 83
5 89
6 9
6 12
6 14
6 21
6 23
6 30
6 35
6 47
6 53
6 57
6 64
6 66
6 74
6 84
6 88
7 8
7 10
7 13
7 18
7 20
7 36
7 43
7 45
7 46
7 47
7 55
7 66
7 74
7 80
7 86
7 88
8 20
8 41
8 42
8 43
8 49
8 52
8 55
8 67
8 68
8 78
9 13
9 16
9 17
9 34
9 37
9 42
9 48
9 52
9 56
9 63
9 64
9 71
9 73
9 84
9 88
10 11
10 14
10 16
10 22
10 23
10 48
10 55
10 63
10 64
10 66
10 70
10 85
11 13
11 28
11 39
11 50
11 51
11 60
11 67
12 14
12 24
12 42
12 44
12 48
12 49
12 50
12 57
12 58
12 62
12 85
13 15
13 16
13 20
13 24
13 32
13 33
13 40
13 60
13 62
13 68
13 69
13 74
13 76
13 81
13 86
13 88
14 16
14 20
14 21
14 27
14 29
14 30
14 31
14 39
14 47
14 52
14 55
14 56
14 59
14 60
14 62
14 65
14 66
14 74
14 77
14 88
15 17
15 19
15 26
15 35
15 50
15 59
15 63
15 65
15 68
15 81
15 82
16 35
16 37
16 39
16 45
16 60
16 62
16 65
16 66
16 67
16 68
16 73
16 76
16 81
16 88
17 23
17 25
17 28
17 31
17 32
17 44
17 50
17 51
17 55
17 63
17 68
17 70
17 71
17 73
17 77
17 80
17 87
18 21
18 31
18 39
18 47
18 48
18 53
18 54
18 55
18 56
18 62
18 64
18 65
18 71
18 76
18 77
19 27
19 30
19 39
19 45
19 65
19 75
19 79
20 23
20 25
20 27
20 28
20 30
20 34
20 38
20 41
20 50
20 51
20 54
20 63
20 65
20 70
20 71
20 72
20 75
20 85
20 89
21 22
21 27
21 32
21 37
21 42
21 47
21 49
21 52
21 53
21 55
21 63
21 69
21 70
21 73
21 83
21 87
22 25
22 29
22 31
22 35
22 37
22 39
22 50
22 54
22 57
22 65
22 70
22 74
22 81
22 84
22 87
23 27
23 34
23 47
23 48
23 55
23 59
23 63
23 64
23 73
23 75
23 79
23 86
24 31
24 33
24 36
24 39
24 43
24 46
24 58
24 63
24 79
24 80
24 81
24 82
24 84
24 86
24 88
25 26
25 28
25 42
25 51
25 57
25 58
25 61
25 62
25 70
25 76
25 79
25 88
26 30
26 42
26 43
26 44
26 48
26 59
26 65
26 68
26 74
26 81
26 87
27 31
27 44
27 51
27 55
27 56
27 58
27 64
27 66
27 69
27 79
27 84
27 87
28 29
28 30
28 43
28 44
28 49
28 53
28 57
28 64
28 81
29 30
29 36
29 37
29 46
29 47
29 53
29 60
29 62
29 63
29 67
29 73
29 78
29 79
29 80
29 84
29 86
29 88
29 89
30 33
30 39
30 41
30 42
30 52
30 71
30 81
30 84
30 85
31 35
31 40
31 50
31 51
31 54
31 56
31 59
31 60
31 66
31 75
31 80
32 34
32 50
32 62
32 63
32 64
32 68
32 76
32 86
32 89
33 34
33 39
33 42
33 56
33 61
33 65
33 72
33 74
33 83
34 41
34 45
34 54
34 66
34 67
34 79
34 85
34 88
34 89
35 47
35 48
35 53
35 54
35 55
35 62
35 64
35 67
35 74
35 76
35 78
35 81
35 82
35 83
35 87
36 37
36 39
36 40
36 41
36 47
36 56
36 63
36 67
36 69
36 81
36 82
37 39
37 43
37 48
37 70
37 73
37 74
37 88
38 48
38 58
38 80
38 87
39 40
39 41
39 46
39 54
39 62
39 64
39 69
39 72
39 76
39 80
39 81
39 88
40 43
40 44
40 45
40 71
40 77
40 88
41 49
41 60
41 62
41 67
41 71
41 80
41 82
41 89
42 43
42 44
42 50
42 61
42 70
42 74
42 75
42 77
42 78
42 81
43 48
43 50
43 54
43 55
43 63
43 67
43 71
43 73
43 74
43 75
44 49
44 50
44 69
44 71
44 76
44 81
45 55
45 67
45 68
45 74
45 84
46 48
46 51
46 52
46 56
46 65
46 66
46 69
46 76
46 77
46 82
46 89
47 49
47 52
47 53
47 55
47 56
47 59
47 63
47 66
47 68
47 75
47 82
47 84
47 87
48 54
48 63
48 69
48 80
48 81
48 83
48 85
49 54
49 68
49 70
49 73
49 76
49 77
49 78
49 80
49 82
49 89
50 56
50 57
50 58
50 61
50 70
50 72
50 74
50 80
50 82
51 52
51 57
51 58
51 67
51 70
51 71
51 74
51 78
51 88
52 56
52 57
52 80
52 83
53 54
53 56
53 58
53 59
53 70
53 72
53 77
53 81
54 55
54 60
54 64
54 67
54 69
54 71
54 82
55 56
55 62
55 73
55 78
55 89
56 59
56 63
56 75
56 77
56 83
56 84
57 58
57 60
57 61
57 63
57 80
57 83
57 84
57 86
57 87
58 62
58 64
58 66
58 67
58 68
58 69
58 73
58 75
58 79
58 81
58 83
58 89
59 69
59 73
59 74
59 75
59 77
59 81
59 83
59 89
60 72
60 74
60 79
60 82
60 86
61 67
61 78
61 81
62 64
62 68
62 70
62 73
62 74
62 75
62 77
62 78
62 80
63 65
63 71
63 74
63 75
63 79
63 80
63 81
63 82
63 89
64 71
64 77
64 81
64 82
64 89
65 66
65 69
65 89
66 75
66 79
67 70
67 83
67 88
68 70
68 71
68 75
68 76
69 74
69 75
69 77
69 83
69 87
70 75
70 76
70 78
70 84
71 78
71 81
71 86
72 78
72 83
73 75
73 79
73 82
73 89
74 75
74 78
74 85
75 81
75 85
75 87
75 89
76 77
76 80
76 84
76 89
77 81
77 87
78 89
79 85
80 85
80 86
80 87
83 85
84 88
85 88
87 89
