35 154
6 4 6 0 4 6 2 3 0 3 6 1 5 6 2 0 2 5 0 4 5 3 1 0 7 7 7 7 2 5 6 6 5 0 7 
0 2
0 6
0 10
0 11
0 15
0 19
0 26
0 30
0 32
0 34
1 4
1 6
1 8
1 12
1 14
1 19
1 28
1 30
1 32
2 4
2 6
2 7
2 8
2 9
2 12
2 21
2 27
2 28
3 9
3 11
3 21
3 23
3 25
3 30
3 32
4 5
4 6
4 7
4 13
4 16
4 21
4 22
5 7
5 8
5 11
5 14
5 16
5 19
5 21
5 27
6 7
6 15
6 17
6 21
6 23
6 24
6 25
6 33
7 12
7 21
7 25
7 26
8 9
8 12
8 23
8 28
8 32
9 11
9 12
9 15
9 16
9 23
9 26
9 30
9 32
9 33
10 13
10 16
10 33
11 12
11 14
11 15
11 23
11 25
11 28
11 30
11 32
12 22
12 23
12 24
12 28
12 30
12 32
13 16
13 19
13 20
13 23
13 25
13 27
13 28
14 15
14 16
14 17
14 19
14 20
14 23
14 28
14 30
15 21
15 23
15 26
15 27
16 19
16 28
16 30
17 18
17 20
17 22
17 25
17 27
18 29
18 30
18 31
19 25
19 27
19 28
19 30
19 33
20 22
20 27
20 30
20 33
21 25
21 26
22 23
22 24
22 25
22 26
22 32
23 26
23 32
25 31
25 32
25 34
26 31
26 34
27 28
27 29
27 31
27 33
27 34
28 30
29 31
31 33
