35 152
4 5 1 0 0 5 2 4 4 2 1 3 2 0 4 3 5 6 4 6 0 3 3 7 3 2 0 2 2 7 2 6 1 6 6 
0 8
0 9
0 14
0 15
0 19
0 24
0 25
0 31
0 32
0 34
1 2
1 3
1 4
1 6
1 15
1 20
1 21
1 22
1 33
2 4
2 12
3 5
3 8
3 12
3 13
3 14
3 16
3 21
3 28
3 31
3 34
4 9
4 10
4 13
4 15
4 18
4 20
4 21
4 29
4 30
4 33
5 8
5 10
5 13
5 16
5 21
5 23
5 26
5 33
6 10
6 14
6 22
6 25
6 31
6 32
7 8
7 12
7 17
7 19
7 23
7 25
7 30
7 33
7 34
8 9
8 12
8 16
8 17
8 28
8 30
9 13
9 15
9 23
9 24
9 31
9 33
10 12
10 13
10 16
10 17
10 20
10 21
10 23
10 26
10 30
10 33
10 34
11 19
11 20
11 27
11 32
12 16
12 17
12 18
12 19
12 25
12 30
12 31
13 16
13 19
13 21
13 26
13 29
13 30
14 27
14 28
14 30
15 22
15 23
15 24
15 26
15 29
15 31
15 34
16 17
16 21
16 24
16 27
16 31
17 21
17 22
17 25
17 26
17 30
17 33
18 31
19 23
19 25
19 27
20 32
20 33
21 25
21 26
21 29
21 31
22 24
22 28
23 24
23 26
23 28
24 29
24 31
24 34
25 30
25 34
27 32
28 34
29 33
30 34
31 32
31 33
32 33
