90 192
0 14 2 2 2 0 5 1 0 5 7 10 5 6 6 3 11 9 12 4 9 8 0 8 9 10 6 5 13 7 4 15 14 0 2 7 2 14 0 8 5 8 13 14 8 10 5 10 8 11 7 13 5 4 2 6 9 4 12 11 11 3 4 12 1 15 0 15 8 7 10 2 12 12 13 0 11 1 10 4 7 15 3 13 12 13 10 13 14 2 
0 20
0 24
0 30
0 62
0 79
0 87
1 7
1 19
1 32
1 45
1 53
1 63
1 73
1 86
2 4
2 32
2 56
2 63
2 66
3 29
3 35
3 55
4 42
4 55
4 74
5 24
5 30
5 58
5 68
5 74
6 48
6 88
6 89
7 51
8 31
8 32
8 33
8 45
9 10
9 33
9 46
9 50
9 73
9 75
9 77
10 39
11 13
11 17
11 59
11 80
12 59
12 67
12 80
12 85
13 48
13 63
13 74
13 84
14 16
14 30
14 68
14 72
15 26
15 40
15 43
15 70
16 25
16 34
16 83
17 27
17 48
17 62
17 66
17 89
18 23
18 65
18 71
18 88
18 89
19 35
19 36
20 31
20 34
20 60
21 26
21 28
21 36
21 40
21 43
21 46
21 79
22 39
22 57
22 72
23 33
23 52
23 53
24 31
24 86
24 88
25 26
25 43
25 47
25 48
25 56
26 40
26 67
27 34
27 52
27 59
28 49
28 51
28 60
28 61
29 75
29 77
29 81
30 65
30 83
31 51
31 78
33 64
33 68
33 72
34 41
34 47
34 72
35 53
35 62
35 75
36 73
37 59
37 77
37 85
38 42
38 54
38 57
38 84
39 40
39 44
40 61
40 84
42 54
42 62
42 63
42 82
43 76
43 83
45 73
45 78
46 71
46 88
47 59
47 60
47 67
49 60
49 68
50 89
51 63
51 64
51 70
52 72
52 84
52 89
53 64
53 71
55 62
55 74
56 87
57 66
58 61
58 63
58 82
58 86
59 66
60 79
61 75
62 64
64 82
68 75
68 82
69 85
70 89
71 75
71 81
73 85
74 77
76 82
78 86
79 83
80 84
83 84
