90 206
1 13 13 11 2 11 15 5 9 7 10 0 12 9 14 7 9 11 0 12 6 6 1 3 12 15 0 6 7 13 1 14 2 15 5 8 14 10 6 10 12 14 10 9 4 1 3 11 5 8 3 1 1 11 1 8 6 15 10 1 4 13 7 9 15 0 5 10 8 1 11 12 14 1 1 9 4 2 10 4 1 6 14 2 13 14 6 5 5 0 
0 18
0 31
0 50
0 54
0 89
1 4
1 18
1 25
1 30
1 32
1 39
1 48
1 88
2 50
2 53
2 77
3 7
3 35
3 60
3 68
3 70
3 71
4 5
4 45
5 10
5 25
5 33
5 43
6 11
6 43
6 82
6 89
7 10
7 18
7 28
7 39
8 67
8 80
8 88
9 29
9 32
9 39
9 40
9 47
9 48
9 51
9 52
9 59
9 72
10 30
10 52
10 61
11 44
11 50
12 51
13 20
13 38
13 53
13 75
13 76
14 31
14 55
15 19
15 49
15 61
15 64
16 19
16 23
16 28
16 56
16 58
16 74
17 21
17 26
17 54
17 57
17 67
17 88
18 56
19 45
19 71
20 88
21 25
21 33
21 39
21 59
21 73
22 25
22 65
23 26
23 29
23 30
23 67
24 49
24 76
25 62
25 65
25 71
26 28
26 52
26 56
26 69
27 44
27 57
28 40
28 73
28 78
29 57
30 38
30 85
30 89
31 33
31 39
31 51
31 69
31 71
31 81
33 44
33 69
34 41
34 53
34 57
36 62
36 63
36 64
36 79
36 86
36 89
37 75
38 47
38 48
39 70
39 89
40 53
40 58
40 76
40 77
40 81
41 65
41 87
42 43
42 56
43 54
44 51
44 59
44 61
44 86
45 51
45 79
45 88
46 72
47 50
47 53
47 86
47 89
48 62
48 75
48 76
50 51
50 63
51 75
51 77
51 81
51 86
52 86
53 85
54 72
54 89
55 86
56 62
56 63
56 79
56 82
56 88
57 74
57 76
57 79
57 88
58 59
58 61
58 64
58 80
59 62
59 65
60 66
61 77
62 64
63 69
64 67
64 71
64 76
65 77
66 88
67 83
67 89
68 78
71 82
71 85
71 86
72 87
74 89
76 78
76 83
77 84
79 89
85 88
