70 238
14 10 14 1 2 15 7 12 8 7 6 3 4 13 7 12 15 8 9 12 13 11 10 5 5 2 8 10 7 0 11 6 10 8 0 11 4 11 7 8 6 0 3 1 10 8 0 4 1 10 13 12 13 12 2 7 3 13 0 0 5 2 8 12 14 8 15 0 5 9 
0 18
0 31
0 36
0 53
0 57
0 58
0 62
1 9
1 11
1 14
1 16
1 30
1 46
1 47
2 13
2 28
2 50
2 69
3 18
3 67
4 5
4 10
4 17
4 19
4 36
4 51
4 53
4 54
4 62
5 8
5 30
5 51
5 62
5 68
6 29
6 32
6 45
6 49
6 54
6 69
7 11
7 21
7 36
7 39
7 47
8 18
8 20
8 30
8 35
8 51
8 69
9 15
9 18
9 19
9 37
9 45
9 55
9 60
10 15
10 18
10 21
10 26
10 40
10 48
10 53
10 57
10 62
10 65
10 68
11 14
11 19
11 22
11 29
11 43
11 45
11 50
11 54
11 55
11 68
12 37
13 23
13 28
13 65
14 21
14 25
14 46
14 50
15 28
15 34
15 36
15 45
15 57
16 48
16 63
16 64
17 20
17 27
17 37
17 41
17 42
17 50
19 21
19 27
19 35
19 37
19 48
19 52
19 63
20 21
20 32
20 34
20 49
20 58
20 61
20 62
20 65
20 66
21 34
21 56
21 59
21 62
21 68
22 47
23 36
23 45
23 59
23 66
23 69
24 44
24 50
25 38
25 45
26 43
26 52
26 55
26 56
26 65
26 68
27 31
27 34
28 32
28 33
28 41
28 50
28 56
29 32
29 48
29 54
29 63
30 35
30 44
30 46
31 34
31 36
31 38
31 41
31 54
31 58
31 62
32 35
32 50
32 66
32 67
32 69
33 52
33 62
33 64
33 66
34 52
35 53
35 54
35 57
36 42
36 53
36 61
37 39
37 52
37 61
38 46
38 51
38 56
38 57
38 63
39 40
40 41
40 45
40 47
40 51
40 61
40 62
41 52
41 65
42 48
42 53
42 61
42 65
43 47
43 54
43 56
43 65
44 56
44 62
44 65
44 66
45 47
45 49
45 55
45 58
45 69
46 58
48 50
48 57
48 59
48 61
49 51
49 57
49 61
49 68
50 63
51 57
51 64
52 57
53 57
53 60
53 64
53 65
54 56
54 69
57 59
57 60
57 61
58 64
58 66
62 63
62 66
64 68
65 66
67 69
