90 269
11 14 14 11 2 3 4 4 4 14 9 0 8 12 8 0 4 7 2 11 14 1 7 4 1 4 4 4 6 13 8 12 11 4 6 12 1 9 9 10 0 4 14 4 10 1 9 5 3 2 5 0 0 0 6 2 11 13 1 6 3 1 6 13 1 0 8 11 6 14 14 14 14 5 14 0 14 12 11 6 4 3 14 15 4 11 7 0 1 4 
0 47
0 62
1 16
1 18
1 22
1 23
1 39
1 59
1 69
1 74
2 4
2 11
2 14
2 55
2 64
3 10
3 12
3 42
3 49
3 56
3 89
4 19
4 24
4 32
4 43
4 44
4 52
4 61
4 70
4 79
4 83
5 12
5 23
5 58
6 20
6 21
6 40
6 61
6 65
6 70
6 81
6 83
6 89
7 9
7 42
7 58
7 62
7 67
7 68
7 84
8 15
8 22
8 36
8 58
8 78
9 17
9 30
9 39
9 88
10 14
10 28
10 33
10 55
10 59
10 62
11 22
11 24
11 27
11 28
11 54
11 71
12 24
12 31
12 32
12 63
12 65
12 70
13 16
13 34
13 45
13 46
13 63
13 77
13 89
14 34
14 64
14 72
15 58
15 65
15 68
15 81
15 83
16 28
16 58
16 82
17 34
17 81
18 56
18 57
19 21
19 49
19 73
20 36
20 41
20 61
20 65
20 70
20 72
20 89
21 48
21 55
21 57
21 63
21 73
21 74
22 35
22 36
22 41
22 44
22 46
22 58
22 68
22 78
22 87
23 33
23 51
23 65
23 80
24 37
24 40
24 74
25 30
25 40
25 52
25 59
25 82
26 32
26 49
26 52
26 56
26 70
26 72
26 85
27 33
27 45
28 46
28 49
28 68
29 48
29 69
30 34
30 45
30 53
30 66
30 71
30 84
31 38
31 57
31 60
31 64
31 65
32 45
32 47
32 49
32 65
32 73
33 47
33 61
33 63
33 71
34 81
34 84
35 36
35 43
35 58
36 41
36 57
36 58
36 67
36 71
36 78
36 86
37 57
37 70
38 43
38 59
38 82
39 88
40 60
40 85
41 46
41 64
41 67
41 78
41 85
43 53
43 61
43 70
43 81
44 53
44 84
45 82
46 57
46 77
47 54
47 59
47 69
47 82
48 69
48 77
48 80
48 84
49 52
49 56
49 70
50 51
50 53
50 57
51 63
51 69
51 72
51 80
51 84
52 56
52 65
52 77
52 85
53 61
53 76
54 59
54 60
54 69
55 63
56 67
56 75
56 85
58 79
58 81
58 83
59 65
59 83
60 67
61 63
61 70
61 81
63 75
65 70
65 83
65 89
66 79
66 84
67 72
67 78
68 74
70 80
70 85
70 89
71 74
72 84
75 86
76 82
77 83
78 85
79 87
80 83
81 83
81 84
84 88
86 88
