60 629
14 0 3 9 0 5 0 14 12 15 2 9 15 6 7 4 14 4 13 14 1 1 12 11 13 10 6 10 7 9 12 9 9 4 3 0 7 0 9 7 6 10 9 13 2 15 6 14 2 1 0 3 0 4 1 15 13 4 14 13 
0 6
0 18
0 22
0 23
0 24
0 26
0 35
0 38
0 47
0 48
0 51
0 54
1 5
1 6
1 7
1 8
1 9
1 11
1 13
1 15
1 16
1 17
1 20
1 22
1 25
1 28
1 29
1 35
1 36
1 38
1 40
1 42
1 43
1 44
1 45
1 46
1 47
1 48
1 49
1 52
1 55
1 58
2 5
2 6
2 13
2 15
2 16
2 26
2 28
2 29
2 31
2 32
2 36
2 48
2 50
2 53
2 54
2 55
3 6
3 7
3 9
3 11
3 15
3 18
3 20
3 23
3 25
3 28
3 29
3 31
3 34
3 36
3 37
3 42
3 43
3 44
3 47
3 48
3 54
4 6
4 11
4 16
4 17
4 21
4 22
4 26
4 37
4 39
4 41
4 45
4 46
4 48
4 49
4 51
4 58
5 11
5 16
5 17
5 18
5 20
5 21
5 22
5 23
5 24
5 27
5 30
5 31
5 32
5 34
5 38
5 40
5 41
5 42
5 43
5 51
5 52
5 53
5 54
5 57
6 10
6 13
6 17
6 18
6 20
6 24
6 25
6 30
6 32
6 34
6 37
6 38
6 40
6 55
6 56
7 12
7 15
7 19
7 20
7 22
7 24
7 26
7 32
7 34
7 35
7 41
7 42
7 45
7 49
7 50
7 51
7 53
7 57
7 59
8 11
8 15
8 17
8 25
8 34
8 38
8 40
8 42
8 43
8 44
8 45
8 49
8 50
8 52
8 53
8 55
8 58
9 16
9 21
9 23
9 24
9 30
9 31
9 32
9 35
9 38
9 39
9 40
9 42
9 43
9 46
9 48
9 50
9 53
9 54
9 55
10 11
10 13
10 20
10 21
10 24
10 27
10 28
10 30
10 32
10 37
10 39
10 40
10 44
10 54
10 57
11 14
11 15
11 20
11 28
11 29
11 34
11 36
11 40
11 45
11 47
11 49
11 50
11 52
11 53
11 58
12 14
12 20
12 21
12 23
12 26
12 27
12 28
12 30
12 31
12 32
12 33
12 35
12 36
12 43
12 44
12 45
12 46
12 48
12 53
12 55
12 58
13 14
13 15
13 17
13 20
13 21
13 22
13 24
13 25
13 30
13 31
13 33
13 36
13 37
13 44
13 46
13 47
13 51
13 52
13 53
14 20
14 23
14 25
14 26
14 28
14 30
14 37
14 44
14 45
14 46
14 49
14 50
14 51
14 54
14 55
14 56
14 57
15 19
15 24
15 25
15 30
15 31
15 32
15 34
15 36
15 41
15 42
15 47
15 48
15 50
15 51
15 53
15 56
15 58
16 23
16 27
16 31
16 33
16 34
16 36
16 39
16 42
16 43
16 46
16 49
16 53
16 56
17 19
17 21
17 22
17 25
17 26
17 30
17 34
17 37
17 38
17 41
17 42
17 43
17 45
17 47
17 49
17 53
17 55
17 58
18 21
18 22
18 23
18 24
18 25
18 28
18 29
18 30
18 32
18 35
18 37
18 38
18 55
18 56
18 58
19 26
19 29
19 37
19 40
19 42
19 43
19 44
19 45
19 46
19 49
19 50
19 51
19 54
19 55
19 58
20 24
20 27
20 28
20 29
20 30
20 31
20 33
20 34
20 36
20 38
20 40
20 45
20 48
20 51
20 52
20 56
21 22
21 23
21 29
21 30
21 33
21 34
21 37
21 39
21 43
21 50
21 52
21 53
21 56
21 59
22 23
22 27
22 29
22 31
22 34
22 35
22 37
22 39
22 40
22 41
22 53
22 54
22 58
23 26
23 28
23 29
23 30
23 37
23 40
23 44
23 46
23 49
23 50
23 56
23 57
23 58
24 25
24 28
24 29
24 33
24 34
24 35
24 36
24 45
24 46
24 47
24 48
24 49
24 52
24 55
24 56
24 58
24 59
25 27
25 28
25 30
25 35
25 37
25 50
25 52
25 59
26 27
26 28
26 32
26 39
26 41
26 47
26 53
27 28
27 33
27 34
27 37
27 40
27 41
27 44
27 48
27 49
27 50
27 55
28 32
28 33
28 34
28 39
28 40
28 42
28 48
28 49
28 54
28 56
28 57
28 59
29 31
29 33
29 35
29 39
29 40
29 42
29 43
29 48
29 50
29 51
29 54
29 58
29 59
30 36
30 41
30 42
30 45
30 48
30 51
30 53
30 56
30 59
31 34
31 37
31 43
31 46
31 49
31 50
31 51
31 54
31 57
31 59
32 35
32 39
32 42
32 44
32 50
32 52
32 53
33 34
33 38
33 40
33 42
33 48
33 52
34 35
34 36
34 37
34 41
34 42
34 43
34 44
34 45
34 47
34 50
34 56
34 57
34 58
35 42
35 44
35 45
35 46
35 47
35 49
35 54
35 56
35 57
35 58
36 38
36 40
36 41
36 52
36 54
36 55
36 56
36 58
36 59
37 40
37 43
37 45
37 50
37 54
38 45
38 47
38 48
38 49
38 50
38 54
38 56
38 59
39 40
39 42
39 48
39 49
39 50
39 54
40 46
40 50
40 51
40 54
40 58
41 42
41 47
41 48
41 49
41 56
41 57
42 46
42 47
42 52
42 53
43 44
43 49
43 51
43 52
43 57
43 58
44 45
44 46
44 49
44 50
44 56
44 58
44 59
45 46
45 47
45 49
45 50
45 54
45 58
45 59
46 48
46 54
46 55
46 57
47 48
47 49
47 53
48 50
48 58
49 51
49 52
49 53
49 55
49 59
50 51
50 52
50 55
51 52
51 59
52 54
52 57
52 58
53 55
53 57
53 59
54 55
54 57
55 57
55 58
55 59
57 58
57 59
58 59
