40 83
2 0 5 3 5 3 2 6 6 1 2 3 6 4 0 5 6 2 1 1 3 7 7 0 1 7 2 6 1 0 7 5 6 7 2 6 0 2 1 4 
0 2
0 24
0 33
1 2
1 3
1 24
1 28
1 29
2 10
2 21
2 35
3 4
3 35
3 36
4 5
4 6
4 19
4 29
5 7
5 26
5 36
6 9
6 15
6 22
7 19
7 30
7 39
8 10
8 18
8 31
9 27
9 34
9 37
10 13
10 26
11 14
11 21
11 22
12 17
12 18
12 34
13 26
13 30
14 33
15 17
15 34
16 18
16 31
16 34
16 37
17 20
17 28
18 28
19 21
19 31
19 34
19 39
20 25
20 27
20 30
21 27
21 33
22 25
22 27
22 32
23 24
23 29
24 25
24 38
25 38
25 39
26 30
26 31
26 35
27 35
29 35
29 38
29 39
31 36
32 36
34 35
35 37
36 37
