90 773
3 4 4 1 5 11 10 5 1 7 7 9 13 5 2 0 1 11 0 15 4 13 11 12 15 12 7 13 8 5 1 2 6 15 1 2 3 2 14 2 10 13 8 2 3 2 15 7 3 3 5 14 3 14 14 13 4 5 11 5 8 13 2 12 6 15 8 13 11 11 1 7 6 15 5 6 12 0 15 15 2 5 11 12 5 8 1 8 2 12 
0 1
0 5
0 15
0 20
0 23
0 24
0 33
0 34
0 36
0 38
0 40
0 54
0 61
0 66
0 79
0 83
0 84
0 87
1 5
1 8
1 17
1 22
1 24
1 30
1 42
1 44
1 55
1 57
1 61
1 67
1 81
1 84
2 6
2 18
2 25
2 29
2 42
2 48
2 79
2 82
2 85
3 11
3 12
3 23
3 29
3 30
3 41
3 43
3 45
3 46
3 49
3 51
3 53
3 58
3 66
3 70
3 73
3 79
3 86
4 9
4 22
4 26
4 31
4 32
4 36
4 40
4 41
4 46
4 52
4 55
4 57
4 58
4 60
4 66
4 73
4 74
4 78
5 11
5 13
5 17
5 18
5 19
5 20
5 22
5 24
5 36
5 40
5 48
5 56
5 74
5 82
5 83
5 84
5 86
6 7
6 13
6 17
6 19
6 38
6 39
6 44
6 50
6 55
6 60
6 64
6 67
7 8
7 9
7 10
7 15
7 17
7 19
7 21
7 26
7 32
7 34
7 47
7 60
7 64
7 65
7 66
7 70
8 12
8 18
8 19
8 25
8 27
8 32
8 35
8 42
8 43
8 45
8 53
8 59
8 64
8 67
8 77
8 78
8 89
9 13
9 18
9 19
9 25
9 31
9 40
9 42
9 45
9 46
9 57
9 58
9 61
9 63
9 68
9 70
9 77
9 84
9 85
10 12
10 16
10 27
10 28
10 29
10 36
10 52
10 55
10 59
10 65
10 68
10 69
10 89
11 20
11 32
11 37
11 43
11 55
11 56
11 70
11 72
11 74
11 81
11 87
12 13
12 17
12 18
12 24
12 27
12 28
12 34
12 49
12 54
12 56
12 57
12 62
12 63
12 65
12 75
12 77
12 79
12 80
12 82
12 85
13 17
13 18
13 20
13 28
13 41
13 57
13 60
13 65
13 73
13 78
13 84
13 89
14 20
14 24
14 44
14 48
14 57
14 58
14 64
14 67
14 68
15 18
15 22
15 24
15 25
15 28
15 29
15 60
15 67
15 70
15 72
15 73
15 76
15 77
15 80
15 82
15 87
15 88
16 21
16 24
16 25
16 31
16 32
16 35
16 36
16 39
16 43
16 48
16 51
16 52
16 54
16 55
16 62
16 65
16 66
16 75
16 76
16 80
16 81
16 83
16 86
16 88
17 30
17 36
17 37
17 40
17 48
17 49
17 54
17 60
17 65
17 70
17 76
17 78
17 79
17 82
17 83
18 21
18 23
18 26
18 27
18 31
18 32
18 34
18 38
18 41
18 43
18 46
18 47
18 54
18 61
18 66
18 71
18 73
18 77
18 83
18 88
19 21
19 32
19 36
19 37
19 52
19 54
19 60
19 70
19 71
19 72
19 73
19 79
19 83
19 85
19 88
20 22
20 29
20 30
20 31
20 33
20 65
20 71
20 82
20 84
21 32
21 39
21 40
21 42
21 43
21 50
21 51
21 64
21 67
21 77
21 81
22 25
22 34
22 44
22 50
22 51
22 65
22 73
22 75
22 79
23 26
23 34
23 49
23 50
23 53
23 54
23 56
23 60
23 61
23 68
23 70
23 75
23 83
23 85
23 87
24 37
24 41
24 44
24 46
24 51
24 61
24 65
24 69
24 80
24 86
24 88
25 27
25 29
25 34
25 56
25 62
25 68
25 70
25 78
25 83
26 28
26 29
26 35
26 49
26 50
26 62
26 63
26 67
26 70
26 78
26 79
26 80
27 28
27 30
27 35
27 37
27 38
27 41
27 52
27 56
27 58
27 60
27 61
27 63
27 65
27 71
27 85
27 86
28 30
28 32
28 36
28 37
28 43
28 49
28 50
28 63
28 65
28 72
28 76
28 77
29 36
29 40
29 44
29 54
29 61
29 66
29 73
29 74
29 83
30 35
30 36
30 51
30 53
30 57
30 59
30 63
30 65
30 66
30 68
30 70
30 71
30 78
30 80
31 33
31 35
31 43
31 51
31 56
31 63
31 82
31 89
32 51
32 54
32 57
32 60
32 63
32 81
32 83
33 39
33 40
33 45
33 50
33 54
33 64
33 75
33 78
33 89
34 35
34 37
34 39
34 45
34 51
34 56
34 72
34 84
34 86
34 88
35 38
35 57
35 64
35 73
35 85
35 89
36 42
36 47
36 51
36 58
36 59
36 62
36 65
36 67
36 69
36 72
36 78
36 86
37 43
37 45
37 48
37 51
37 53
37 84
37 88
38 44
38 48
38 55
38 56
38 64
38 70
38 73
38 77
38 78
38 83
38 86
38 89
39 42
39 47
39 50
39 51
39 53
39 63
39 70
39 74
39 81
39 82
39 83
39 84
39 89
40 41
40 47
40 49
40 63
40 64
40 67
40 70
40 71
40 72
40 75
40 78
40 79
41 48
41 50
41 51
41 66
41 70
41 72
41 76
41 82
41 86
41 89
42 43
42 51
42 55
42 56
42 64
42 68
43 44
43 50
43 55
43 64
43 66
43 67
43 68
43 69
43 75
43 77
43 81
43 82
43 84
44 53
44 57
44 60
44 66
44 72
44 73
44 87
45 51
45 61
45 69
45 70
45 72
45 76
45 88
46 47
46 52
46 60
46 61
46 72
46 79
46 82
46 83
46 89
47 48
47 51
47 54
47 58
47 83
48 64
48 69
48 77
48 81
48 83
48 85
49 52
49 55
49 61
49 71
49 73
49 76
50 55
50 58
50 59
50 60
50 61
50 73
50 74
51 56
51 62
51 75
51 76
51 77
51 80
51 86
51 87
52 54
52 66
52 76
52 79
52 81
52 85
53 55
53 61
53 67
53 68
53 71
53 76
53 83
54 55
54 56
54 58
54 59
54 60
54 65
54 69
54 73
54 74
54 75
54 80
54 81
54 82
54 86
55 58
55 64
55 67
55 71
55 74
55 77
56 57
56 65
56 70
56 77
56 87
57 62
57 68
57 74
57 82
57 84
57 87
57 89
58 63
58 64
58 66
58 70
58 72
58 74
58 75
58 83
58 88
59 61
59 69
59 71
59 79
59 81
59 89
60 72
60 74
60 75
60 76
60 79
60 84
61 67
61 70
61 72
61 77
61 79
61 82
62 68
62 69
62 70
62 72
62 79
62 80
62 83
62 85
63 65
63 76
63 77
63 80
63 87
64 71
64 82
64 85
65 66
65 68
65 73
65 75
65 78
65 80
65 86
65 87
65 89
66 70
66 73
66 75
66 76
66 77
66 80
66 87
66 88
67 68
67 69
67 71
67 72
67 86
67 88
68 76
68 87
69 81
69 87
70 75
70 77
70 78
70 81
70 83
71 73
71 74
71 76
71 83
71 85
71 87
72 73
72 75
72 81
72 85
72 86
73 74
73 81
73 89
74 77
74 82
75 78
75 79
75 86
75 89
76 77
76 81
77 79
77 80
77 81
78 86
79 88
80 86
80 87
82 86
82 88
83 84
83 87
