40 118
7 2 5 6 5 2 5 7 0 0 4 3 1 3 3 0 0 5 5 5 2 3 4 0 2 5 2 0 5 5 5 2 3 6 7 6 0 7 6 5 
0 6
0 16
0 20
1 2
1 24
1 25
1 37
2 4
2 11
2 12
2 13
2 14
2 20
2 21
2 25
2 29
2 34
2 35
3 8
3 22
3 24
3 26
3 38
4 5
4 11
4 20
4 24
4 25
4 34
4 38
5 11
5 17
5 24
5 26
5 31
5 38
6 15
6 17
6 30
6 37
7 20
7 27
7 28
7 36
7 39
8 10
8 15
8 16
8 26
9 10
9 14
9 17
9 23
9 30
9 39
10 11
10 32
10 37
11 19
11 20
11 22
11 24
11 27
11 35
12 23
12 26
13 26
13 27
13 32
14 15
14 17
14 20
14 29
14 31
14 35
15 31
15 34
15 38
16 25
16 39
17 29
17 31
17 32
17 35
17 38
18 22
18 28
18 32
18 37
19 30
20 24
20 28
20 35
21 24
22 28
22 32
22 38
23 28
24 31
24 38
25 30
25 37
26 29
26 30
26 37
28 38
29 30
29 31
29 35
29 36
29 38
30 34
30 37
31 33
31 38
32 39
34 38
37 38
