60 157
14 11 3 7 5 15 9 10 8 10 1 1 3 15 10 9 2 3 8 1 15 15 11 9 10 10 7 13 8 10 12 3 5 3 0 15 4 12 13 4 1 3 10 12 8 6 3 0 13 6 10 3 15 7 11 5 7 11 4 3 
0 3
0 21
0 35
0 42
0 56
1 14
1 31
1 44
1 45
1 51
1 52
1 59
2 11
2 14
2 56
3 27
4 19
4 27
4 35
5 24
5 39
5 55
6 10
6 14
6 32
6 44
6 52
7 22
7 28
7 45
8 21
8 33
8 37
8 42
8 49
8 59
9 26
9 32
9 34
9 44
9 51
9 55
10 16
10 25
10 42
11 17
11 22
11 24
11 26
11 27
11 34
11 47
11 50
12 30
12 33
12 39
12 51
13 20
13 37
13 47
13 48
13 50
13 58
14 16
14 28
14 35
14 40
14 58
15 19
15 38
15 44
15 57
16 29
16 43
16 44
16 46
16 58
17 23
17 41
17 50
18 20
18 46
18 49
18 53
19 23
19 46
19 58
20 24
20 34
20 43
20 51
20 53
21 24
21 25
21 29
21 47
22 37
22 46
22 50
22 55
23 31
23 35
24 35
24 48
24 56
25 28
25 36
25 45
26 35
26 40
26 48
27 32
27 58
29 35
29 42
29 48
30 33
30 34
30 43
30 44
30 48
30 54
30 59
31 35
32 35
32 36
32 42
32 56
33 41
33 56
35 40
35 41
35 51
35 55
36 43
36 51
36 52
37 57
38 42
40 41
40 44
40 46
40 47
41 51
41 56
42 51
42 52
42 59
43 54
43 56
46 48
47 48
48 55
50 57
50 59
51 57
54 59
