60 158
1 14 0 2 15 5 6 0 10 3 0 8 6 9 11 14 1 10 1 0 7 5 13 6 12 14 14 10 8 14 12 1 15 10 13 14 7 0 5 7 0 3 11 5 4 8 5 10 14 15 7 1 10 1 0 8 15 6 15 3 
0 18
0 27
0 38
0 40
0 41
0 49
0 50
0 55
1 5
1 6
1 9
1 10
1 35
1 57
2 4
2 43
2 57
3 24
3 27
3 41
3 52
3 53
3 55
4 10
4 12
4 17
4 29
4 40
4 52
4 59
5 26
5 28
5 29
5 47
6 12
6 44
7 27
7 37
8 23
8 39
8 44
8 52
8 59
9 10
9 30
9 32
9 33
9 36
9 42
9 44
9 47
9 48
9 49
10 28
10 38
11 17
11 19
11 23
11 39
11 41
11 57
12 14
12 17
12 39
13 26
13 27
13 46
13 53
13 55
13 56
14 23
14 28
15 21
15 54
16 18
16 44
16 45
17 20
17 22
17 31
17 32
17 49
18 51
18 55
18 57
19 31
19 32
19 33
19 51
20 21
20 24
20 29
20 46
21 34
22 34
22 40
22 41
22 50
22 52
23 33
23 58
23 59
24 25
24 32
24 44
25 38
25 44
25 58
26 34
26 57
27 42
27 49
27 54
28 38
28 44
28 59
29 47
29 49
30 38
30 54
30 57
31 35
31 40
31 50
33 46
33 50
33 55
34 41
34 52
34 55
35 38
35 47
36 41
37 46
38 58
39 51
39 55
40 58
42 48
42 55
42 56
43 57
44 45
44 46
44 56
45 52
45 54
46 47
46 49
46 51
47 48
47 52
47 53
47 56
49 50
49 52
50 57
54 55
