100 180
23 0 6 1 13 9 12 23 0 28 1 6 29 13 22 1 21 7 13 31 22 5 23 17 8 7 9 23 23 4 15 25 19 6 28 29 23 4 5 13 12 27 14 7 3 31 1 15 13 3 9 15 4 13 9 12 11 19 31 14 23 26 31 13 17 2 0 28 23 17 23 18 15 29 28 3 14 7 11 7 5 14 28 18 27 18 21 2 21 21 31 10 18 25 22 19 15 25 19 25 
0 25
0 39
0 80
0 85
1 16
1 70
2 3
2 6
2 9
2 46
2 55
3 17
3 23
3 44
3 87
3 90
4 37
5 9
5 18
5 31
5 75
5 88
6 17
6 59
6 97
7 34
7 54
7 99
8 10
8 11
8 82
8 92
9 41
9 63
9 84
9 90
10 73
11 13
11 75
11 85
11 89
12 37
12 86
13 86
13 95
14 24
14 34
14 43
14 64
15 42
15 45
15 59
15 83
16 48
16 78
16 85
18 26
18 57
18 66
19 61
19 79
19 95
20 37
21 29
21 62
21 69
22 54
22 85
22 89
22 96
23 27
23 76
23 86
25 73
26 57
28 44
28 52
28 56
28 81
29 47
30 56
30 67
30 72
30 73
30 84
30 89
31 86
32 63
32 78
33 58
34 45
34 65
35 79
35 86
36 52
36 61
36 72
36 85
37 39
37 73
37 74
37 80
37 82
37 90
37 96
38 50
38 52
38 62
38 81
39 69
39 85
40 57
41 50
41 54
42 45
42 52
42 73
42 85
43 44
43 65
43 99
44 57
44 86
45 71
45 80
46 58
47 79
48 86
48 92
49 81
49 98
50 64
50 75
51 56
52 61
52 73
52 91
52 94
53 56
53 78
54 80
54 83
54 98
55 66
55 87
55 90
56 61
56 62
56 86
56 96
57 60
57 64
57 80
58 61
58 71
59 69
60 71
60 75
60 86
60 91
61 70
61 96
62 75
62 76
62 86
62 90
63 97
64 90
65 67
68 75
68 79
69 90
70 75
74 96
77 90
77 95
80 97
85 86
87 95
88 93
