50 75
5 0 5 7 4 0 6 6 1 3 7 2 3 4 7 1 0 7 5 5 2 2 2 3 3 2 5 1 3 1 5 1 3 1 2 3 2 5 6 1 0 6 3 1 0 1 1 5 3 2 
0 20
0 21
1 9
1 22
1 24
2 19
3 31
3 42
4 10
4 13
4 17
4 43
5 19
5 36
6 19
6 22
6 23
6 49
7 43
7 47
8 14
8 26
8 36
9 42
10 14
10 37
11 17
11 41
12 15
12 16
13 30
14 20
14 21
14 25
14 35
15 22
15 41
15 46
16 41
17 27
17 28
17 48
18 30
18 39
19 20
19 28
19 43
20 46
21 27
21 33
21 40
22 48
23 49
24 28
24 29
24 31
24 32
24 34
26 30
27 29
27 45
28 29
28 32
28 38
28 39
28 43
28 44
29 30
31 32
31 47
33 35
34 45
36 47
39 40
42 44
