100 293
11 15 16 5 0 18 6 8 30 8 11 4 16 31 1 29 9 15 13 24 3 7 0 21 16 31 22 21 31 2 5 3 6 3 9 24 8 28 23 17 31 19 2 15 25 31 2 13 25 11 20 23 22 25 0 10 14 18 6 13 10 10 4 26 20 25 10 30 11 19 0 29 29 23 19 0 6 31 4 10 24 23 19 16 26 11 5 9 17 22 28 29 3 6 0 7 6 16 4 20 
0 22
0 51
0 68
0 73
0 83
1 47
1 92
2 15
2 71
2 73
2 74
2 75
2 77
2 78
3 38
3 68
3 83
3 86
4 10
4 11
4 89
5 36
5 39
5 44
5 45
5 78
5 98
6 22
6 33
6 35
6 48
6 64
7 11
7 12
7 29
7 49
7 53
7 86
7 96
8 9
8 41
8 47
8 57
8 58
8 98
9 18
9 64
9 90
9 93
9 96
10 21
10 43
10 96
11 20
11 23
11 29
11 44
11 73
11 86
11 95
11 96
12 40
12 44
12 49
12 50
12 59
12 60
12 81
12 86
12 89
12 96
13 27
13 40
13 62
13 78
14 16
14 38
14 40
14 48
14 62
14 65
14 71
14 75
14 79
15 18
15 20
15 21
15 33
15 64
16 60
16 66
16 67
16 87
16 90
16 93
16 94
16 99
17 19
17 50
17 59
17 87
18 36
18 45
18 64
18 80
19 31
19 35
19 74
20 69
20 85
20 90
21 25
21 34
21 74
21 94
22 24
22 39
22 51
22 61
22 78
23 28
23 40
23 44
23 62
23 73
23 79
23 96
24 28
24 35
24 64
25 37
25 73
25 98
26 35
26 84
27 41
27 65
27 81
28 29
28 44
28 54
28 61
28 72
28 73
29 49
29 59
29 73
29 86
29 87
29 90
29 96
29 98
30 58
30 67
30 79
30 82
31 41
31 58
31 69
31 80
32 60
32 76
32 80
32 87
33 65
33 74
34 54
34 70
34 76
34 82
34 94
34 98
35 58
35 72
36 52
36 73
36 93
37 87
38 42
38 75
38 95
39 40
39 87
40 54
40 72
40 77
40 79
40 80
40 81
40 92
40 99
41 70
41 75
41 78
41 79
41 85
42 44
43 53
43 63
43 91
43 93
43 95
43 99
44 73
44 86
44 96
45 48
45 56
45 61
45 62
45 77
46 67
47 54
47 75
47 96
48 83
48 88
48 98
49 62
49 68
49 74
50 54
50 57
50 87
51 65
51 67
51 69
52 66
52 77
52 84
53 74
53 76
53 87
54 93
55 57
55 64
55 71
55 73
55 74
55 89
56 62
56 75
57 80
57 84
57 92
58 64
58 66
58 74
58 76
58 92
59 76
59 78
59 79
59 97
60 63
60 71
61 83
62 69
62 93
63 77
63 81
65 72
65 79
65 94
65 98
66 75
66 84
70 99
71 75
71 91
72 88
73 84
74 76
74 82
75 88
76 81
76 84
76 87
79 82
79 97
80 84
83 84
83 90
83 96
84 90
86 91
88 94
89 94
90 94
90 96
90 98
92 99
95 97
