30 126
1 0 1 6 6 2 6 5 7 2 6 7 4 6 5 5 0 3 7 1 0 7 1 3 0 1 7 0 1 0 
0 3
0 5
0 6
0 9
0 10
0 11
0 12
0 13
0 15
0 16
0 17
0 18
0 23
0 26
0 27
0 28
1 4
1 5
1 6
1 8
1 15
1 20
1 21
1 23
1 25
1 28
2 6
2 10
3 6
3 7
3 13
3 14
3 15
3 27
3 28
4 5
4 12
4 19
4 21
4 26
4 28
5 6
5 7
5 10
5 11
5 16
5 25
5 28
6 7
6 8
6 12
6 13
6 17
6 24
6 25
6 29
7 15
7 17
7 19
7 21
7 24
7 28
8 10
8 13
8 17
8 19
8 21
8 25
8 26
9 20
9 26
10 12
10 16
10 19
10 23
10 24
11 16
11 17
11 18
11 21
11 23
11 27
11 28
12 15
12 16
12 20
12 22
12 23
12 24
12 28
13 16
13 22
13 24
13 25
13 27
13 28
14 15
14 21
15 19
15 27
16 17
16 19
16 22
16 23
16 27
17 22
17 23
17 25
17 27
18 19
18 26
19 23
19 25
19 27
20 21
20 26
21 24
21 25
21 28
23 24
23 26
23 27
24 28
24 29
25 27
26 28
