40 82
2 2 3 5 3 5 0 5 0 7 1 1 7 6 2 0 3 5 3 7 4 3 4 0 7 1 0 4 3 5 4 5 3 2 6 2 6 6 3 0 
0 29
0 34
1 2
1 5
1 24
1 38
2 13
2 22
2 27
2 35
3 18
3 26
3 27
4 6
4 10
4 21
4 23
4 33
5 25
5 30
5 31
5 37
6 9
6 14
7 24
7 25
7 26
7 30
7 36
8 11
8 19
8 25
8 27
9 20
9 25
9 30
9 35
9 36
10 11
10 12
10 19
10 25
10 37
11 15
11 20
11 23
11 36
13 21
13 23
14 20
14 35
15 16
15 20
15 23
16 18
16 24
17 28
17 38
18 21
18 23
19 31
19 33
19 37
20 31
21 28
21 30
21 34
22 25
22 29
22 31
23 37
24 37
25 33
26 36
28 31
29 33
30 37
30 39
31 32
31 38
33 34
36 37
