30 86
0 1 7 1 0 6 3 5 5 7 3 5 5 4 0 0 2 5 4 3 3 5 0 5 1 6 7 6 6 7 
0 6
0 9
0 10
0 11
0 12
0 17
0 20
0 23
0 24
0 26
0 28
1 2
1 3
1 21
1 23
1 27
2 3
2 15
3 13
3 17
3 18
3 25
3 27
4 11
4 14
4 22
4 27
4 29
5 18
5 20
5 25
5 26
6 11
6 13
6 14
6 15
6 17
6 18
6 19
6 27
7 28
8 13
8 19
8 23
8 25
9 13
9 14
9 15
9 17
9 20
9 27
9 29
10 16
10 17
10 19
11 14
11 15
11 16
11 17
11 25
11 26
11 28
12 19
12 23
13 27
14 17
14 20
14 26
14 28
16 20
16 21
16 24
17 24
18 27
18 29
19 28
20 26
20 28
21 26
21 27
21 28
23 29
24 28
26 27
26 28
28 29
