60 262
14 11 4 3 11 14 2 3 11 3 5 10 7 1 13 4 10 8 2 3 13 5 15 1 10 0 5 5 10 15 8 8 10 7 6 5 13 7 10 8 8 11 8 7 8 7 13 8 14 12 8 3 8 13 10 11 0 7 1 13 
0 11
0 15
0 30
0 48
0 54
1 5
1 13
1 20
1 30
1 36
1 40
1 46
1 53
2 6
2 10
2 16
2 26
2 29
2 33
2 36
2 38
2 42
2 44
2 55
3 17
3 20
3 27
3 36
3 40
3 42
3 48
3 51
3 52
4 13
4 16
4 19
4 26
4 38
4 44
4 52
4 55
5 9
5 13
5 22
5 30
5 40
5 47
5 55
6 9
6 11
6 16
6 26
6 36
6 42
6 44
6 47
6 55
7 9
7 19
7 20
7 21
7 22
7 23
7 25
7 26
7 27
7 32
7 37
7 42
8 10
8 39
8 50
8 56
9 12
9 20
9 21
9 22
9 26
9 35
9 39
9 42
9 46
9 47
9 48
10 14
10 17
10 26
10 31
10 36
10 37
11 25
11 28
11 37
11 40
11 44
11 56
12 15
12 17
12 21
12 28
12 40
12 41
12 53
13 15
13 19
13 21
13 24
13 29
13 32
13 35
13 44
13 46
13 55
14 23
14 55
14 56
15 18
15 31
15 42
15 43
15 46
15 51
15 57
16 29
16 41
16 42
16 44
16 47
16 55
17 30
17 42
17 44
17 49
17 52
18 28
18 34
18 46
18 50
18 53
19 29
19 30
19 35
19 40
19 46
20 22
20 24
20 36
20 40
20 47
20 57
21 24
21 26
22 23
22 25
22 26
22 27
22 35
22 52
23 27
23 35
23 45
23 48
23 49
23 52
24 25
24 31
24 33
24 36
24 38
24 51
24 54
24 58
25 33
25 35
25 37
25 42
25 46
25 47
25 51
25 54
26 28
26 30
26 39
26 47
26 53
26 56
27 28
27 29
27 34
27 35
27 38
27 48
27 52
27 54
28 33
28 42
29 40
30 36
30 38
30 40
30 41
30 46
30 50
31 40
31 48
31 51
31 54
31 58
33 34
33 37
33 45
33 57
33 59
34 39
34 49
34 53
34 59
35 36
35 37
35 40
35 46
35 48
35 51
35 52
36 38
36 40
36 41
36 48
36 50
36 52
37 44
37 53
37 59
38 48
38 52
39 43
39 49
39 54
39 57
40 42
40 44
40 46
40 47
41 50
41 56
41 57
41 58
42 47
44 47
44 48
44 55
44 56
46 54
48 52
49 58
50 53
50 57
52 55
53 58
54 56
56 59
57 58
