80 187
9 13 6 8 1 1 14 13 1 15 12 8 15 15 13 12 1 5 4 0 5 4 4 3 4 2 5 1 6 3 1 5 1 14 10 12 8 11 2 5 11 2 6 11 10 15 5 7 9 9 8 7 3 13 5 3 0 5 14 13 8 4 1 8 8 9 2 10 9 3 2 9 2 14 9 10 6 5 14 11 
0 8
0 15
0 19
0 35
0 38
0 39
0 71
0 77
1 15
1 27
1 63
2 4
2 56
2 64
2 74
3 5
3 33
3 40
3 51
3 54
3 56
3 78
4 5
4 10
4 12
4 13
4 17
4 20
4 30
4 36
4 40
5 61
6 34
6 54
6 58
6 78
7 13
7 22
7 74
8 15
8 56
8 68
8 74
9 28
10 33
10 34
10 55
10 62
10 69
10 70
11 13
11 27
11 31
11 40
11 49
11 51
11 67
11 78
12 49
12 52
12 53
12 55
13 17
13 62
14 28
15 16
15 18
15 23
15 31
15 39
15 43
15 53
15 74
15 76
16 18
16 37
16 43
16 65
17 27
17 51
17 68
17 76
18 32
18 64
18 79
19 35
19 41
19 56
19 79
20 21
21 23
21 24
21 51
21 57
22 28
22 29
22 36
22 39
22 41
22 56
22 66
23 46
23 60
24 30
24 34
25 57
26 40
26 54
26 64
26 74
27 57
27 58
27 71
28 49
28 57
28 73
28 75
29 34
29 39
29 56
30 33
30 62
30 70
30 76
31 52
31 79
32 58
32 72
33 52
33 58
34 75
35 56
35 62
35 71
35 77
37 46
37 50
37 63
37 66
37 77
38 56
38 69
39 43
39 49
40 51
40 72
40 74
41 57
41 71
42 52
42 65
43 56
43 76
44 60
45 55
45 70
45 74
47 68
48 51
49 62
49 76
50 56
52 65
53 60
56 59
56 62
57 64
57 67
57 79
58 78
60 70
60 71
61 64
61 65
62 70
62 73
63 74
64 73
65 70
65 78
67 72
67 73
68 71
70 72
70 73
71 74
72 74
