50 220
2 7 0 2 2 2 7 5 2 5 4 1 0 3 4 2 6 6 5 2 4 7 3 4 7 2 3 1 5 2 2 3 6 1 4 7 7 5 4 7 5 5 4 7 2 0 6 3 4 0 
0 7
0 10
0 11
0 24
0 28
0 31
0 40
0 41
0 44
1 4
1 13
1 15
1 16
1 17
1 21
1 37
1 41
1 43
2 7
2 10
2 11
2 19
2 20
2 21
2 24
2 34
2 35
2 38
2 39
2 40
3 12
3 19
3 23
3 28
3 31
3 41
3 45
4 13
4 15
4 17
4 21
4 27
4 33
4 35
4 37
4 43
5 9
5 13
5 16
5 25
5 30
5 32
5 36
5 44
5 49
6 8
6 11
6 14
6 18
6 29
6 32
6 36
6 41
6 42
6 47
6 48
7 9
7 10
7 20
7 26
7 38
7 39
7 42
7 43
8 14
8 18
8 19
8 29
8 37
8 41
8 42
8 45
8 47
8 49
9 12
9 30
9 31
9 32
9 40
9 44
10 21
10 23
10 35
10 38
10 39
10 43
11 12
11 30
11 31
11 33
11 42
11 44
12 23
12 24
12 26
12 28
12 29
12 31
12 42
13 15
13 16
13 19
13 22
13 25
13 37
14 15
14 17
14 18
14 19
14 22
14 26
14 41
14 43
14 45
15 17
15 22
15 37
15 41
15 49
16 22
16 29
16 30
16 32
16 37
16 49
17 22
17 28
17 35
17 43
17 46
18 19
18 27
18 29
18 36
18 41
18 44
18 47
19 26
19 28
19 41
19 45
20 29
20 32
20 36
20 39
20 42
20 47
21 23
21 24
21 28
22 37
22 38
22 48
23 35
23 38
23 43
23 45
24 30
24 34
24 48
25 30
25 32
25 37
25 44
25 47
25 49
26 28
26 41
26 45
27 29
27 31
27 32
27 33
28 31
28 32
28 40
28 45
29 36
29 42
30 34
30 42
30 44
30 49
31 35
31 40
31 45
31 46
32 40
33 43
33 45
33 47
34 39
34 47
35 38
35 47
36 39
36 42
36 47
38 39
38 42
39 44
39 47
40 44
41 45
42 47
42 48
43 47
44 49
45 47
45 49
