60 642
7 12 6 11 8 2 12 13 15 1 6 12 5 12 14 12 8 15 5 15 13 5 3 3 3 2 7 15 8 6 7 5 12 1 8 13 3 14 9 15 13 7 10 0 15 7 13 11 10 14 12 8 5 8 12 10 2 14 2 9 
0 5
0 8
0 14
0 16
0 25
0 26
0 27
0 30
0 31
0 34
0 37
0 40
0 45
0 46
0 49
0 52
0 53
0 56
1 3
1 6
1 11
1 13
1 17
1 19
1 20
1 23
1 24
1 29
1 31
1 32
1 33
1 35
1 39
1 40
1 42
1 47
1 49
1 50
1 52
1 54
1 58
2 3
2 5
2 6
2 9
2 12
2 14
2 16
2 19
2 20
2 21
2 22
2 24
2 26
2 27
2 30
2 31
2 32
2 33
2 35
2 37
2 39
2 41
2 45
2 48
2 49
2 50
2 51
2 52
2 53
2 55
2 57
3 4
3 5
3 7
3 11
3 13
3 14
3 16
3 17
3 22
3 23
3 26
3 27
3 28
3 30
3 31
3 32
3 33
3 34
3 36
3 40
3 44
3 46
3 48
3 49
3 53
3 58
4 6
4 7
4 10
4 16
4 20
4 21
4 23
4 30
4 33
4 37
4 39
4 41
4 42
4 43
4 44
4 46
4 48
4 49
4 50
4 52
4 53
4 54
4 55
4 57
5 12
5 14
5 16
5 21
5 23
5 26
5 30
5 34
5 38
5 42
5 44
5 45
5 53
5 59
6 11
6 14
6 15
6 19
6 23
6 24
6 29
6 33
6 38
6 39
6 43
6 45
6 49
6 51
6 52
6 53
6 55
7 11
7 15
7 21
7 23
7 25
7 29
7 33
7 35
7 38
7 42
7 44
7 45
7 48
7 50
7 51
7 52
7 54
7 57
8 10
8 14
8 17
8 18
8 20
8 22
8 23
8 30
8 35
8 40
8 45
8 50
8 51
8 52
8 53
8 57
8 59
9 13
9 24
9 29
9 32
9 33
9 39
9 43
9 45
9 48
9 54
9 59
10 13
10 15
10 21
10 24
10 26
10 28
10 33
10 34
10 35
10 41
10 44
10 45
10 49
10 50
10 51
10 52
10 54
10 58
11 14
11 21
11 22
11 23
11 31
11 32
11 33
11 36
11 37
11 39
11 40
11 46
11 53
11 54
11 57
12 13
12 14
12 16
12 18
12 20
12 22
12 23
12 28
12 31
12 32
12 35
12 36
12 39
12 41
12 46
12 47
12 49
12 51
13 14
13 17
13 20
13 25
13 30
13 34
13 42
13 43
13 45
13 46
13 47
13 48
13 49
13 57
13 58
14 16
14 17
14 19
14 21
14 22
14 23
14 24
14 26
14 27
14 29
14 33
14 34
14 36
14 37
14 38
14 40
14 43
14 45
14 51
14 53
14 57
15 16
15 20
15 23
15 30
15 32
15 35
15 40
15 42
15 44
15 46
15 50
15 51
15 52
16 22
16 23
16 27
16 35
16 42
16 44
16 45
16 48
16 51
16 52
16 53
16 56
16 58
16 59
17 18
17 22
17 25
17 28
17 29
17 32
17 33
17 35
17 44
17 51
17 54
17 57
17 59
18 21
18 22
18 23
18 25
18 26
18 27
18 30
18 32
18 34
18 41
18 42
18 45
18 46
18 47
18 50
18 55
18 56
18 58
19 22
19 26
19 28
19 29
19 30
19 34
19 36
19 38
19 42
19 43
19 44
19 46
19 47
19 48
19 49
19 51
19 52
19 54
19 55
19 58
20 23
20 27
20 33
20 36
20 39
20 41
20 46
20 49
20 51
20 53
20 57
20 58
20 59
21 22
21 23
21 24
21 25
21 26
21 28
21 32
21 34
21 38
21 39
21 41
21 44
21 47
21 48
21 54
21 55
21 58
22 25
22 27
22 32
22 43
22 47
22 49
22 57
22 58
22 59
23 24
23 27
23 31
23 34
23 35
23 37
23 38
23 39
23 47
23 48
23 49
23 52
23 56
23 59
24 26
24 27
24 39
24 46
24 49
24 51
24 56
24 57
25 26
25 30
25 31
25 33
25 34
25 39
25 40
25 41
25 42
25 44
25 48
25 50
25 55
25 56
25 59
26 27
26 28
26 32
26 34
26 35
26 48
26 49
26 59
27 29
27 30
27 33
27 34
27 35
27 40
27 41
27 45
27 48
27 55
27 56
27 58
27 59
28 31
28 32
28 33
28 37
28 38
28 40
28 45
28 50
28 52
28 53
28 54
28 56
28 57
29 30
29 31
29 35
29 41
29 42
29 43
29 45
29 47
29 49
29 51
29 52
30 31
30 32
30 35
30 41
30 45
30 47
30 50
30 52
30 53
30 56
31 32
31 40
31 41
31 46
31 48
31 52
31 54
32 33
32 36
32 38
32 41
32 42
32 46
32 47
32 50
32 54
32 55
32 58
32 59
33 34
33 38
33 42
33 44
33 45
33 49
33 51
33 52
33 54
33 55
33 56
33 59
34 36
34 39
34 43
34 44
34 46
34 48
34 51
34 57
34 58
35 41
35 42
35 44
35 45
35 46
35 48
35 55
36 38
36 39
36 40
36 42
36 45
36 48
36 53
36 57
37 38
37 39
37 40
37 42
37 44
37 46
37 50
37 51
37 54
37 55
38 39
38 42
38 44
38 49
38 50
38 51
38 58
38 59
39 40
39 41
39 44
39 46
39 47
39 51
39 52
39 53
39 59
40 45
40 50
40 51
40 55
40 57
41 42
41 43
41 47
41 48
41 50
41 51
41 53
41 57
41 58
41 59
42 44
42 47
42 49
42 53
42 55
42 56
42 57
42 58
43 45
43 46
43 49
43 50
43 54
43 58
44 45
44 47
44 48
44 51
45 46
45 53
45 54
45 55
45 57
45 58
45 59
46 52
46 53
46 55
47 48
47 53
47 54
47 57
48 50
48 58
49 53
49 54
49 55
49 57
50 53
50 55
51 55
51 57
51 58
51 59
53 54
53 58
54 55
55 56
55 57
55 59
