90 270
10 6 9 5 13 12 11 15 9 1 1 6 2 7 6 13 6 15 10 10 12 10 13 11 1 2 3 12 10 14 9 2 13 7 1 11 0 3 8 8 5 8 6 15 9 7 2 12 5 13 7 11 4 15 8 7 12 1 9 9 11 7 8 4 10 6 10 2 3 15 5 6 11 10 13 13 7 13 12 5 8 0 2 14 8 13 8 2 4 14 
0 6
0 29
0 54
0 59
0 68
0 83
1 8
1 20
1 24
1 55
1 57
1 64
1 88
2 32
2 46
2 49
2 60
2 75
2 78
3 7
3 9
3 16
3 17
3 53
3 56
4 10
4 31
4 33
4 44
4 72
4 89
5 9
5 24
5 56
5 57
5 84
5 88
6 29
6 41
6 54
6 68
6 83
7 16
7 17
7 52
7 53
7 77
8 13
8 20
8 28
8 55
8 57
9 16
9 17
9 56
9 84
10 33
10 44
10 51
10 72
10 89
11 33
11 39
12 14
12 34
12 37
12 40
12 47
12 48
12 70
13 20
13 28
13 49
13 60
13 75
14 21
14 26
14 30
14 34
14 70
15 36
15 69
15 76
15 80
15 81
15 85
16 17
16 50
16 56
16 84
17 53
17 77
18 26
18 30
18 63
18 66
18 67
18 87
19 34
19 47
19 84
20 28
20 55
20 60
20 64
21 26
21 30
21 34
21 70
21 87
22 36
22 39
22 52
22 58
22 77
22 81
23 27
23 29
23 35
23 38
23 43
23 54
23 59
23 64
24 56
24 57
24 84
24 88
25 35
25 42
25 43
25 79
25 82
25 86
26 30
26 63
26 87
27 29
27 35
27 43
27 59
27 82
28 55
28 60
28 75
29 54
29 59
30 34
30 65
30 73
30 87
31 32
31 33
31 46
31 78
31 89
32 46
32 49
32 50
32 75
32 78
33 46
33 78
33 89
34 40
34 70
35 37
35 43
35 79
35 82
36 39
36 58
36 61
36 81
36 85
37 50
37 79
38 45
38 80
38 87
39 52
39 58
39 81
39 85
40 47
40 48
40 70
40 80
41 45
41 68
41 71
41 74
41 83
42 51
42 62
42 72
42 79
42 86
43 59
43 82
44 51
44 62
44 72
44 73
44 89
45 63
45 66
45 67
45 71
45 74
46 78
46 89
47 48
47 69
47 70
47 80
48 69
48 76
48 80
49 60
49 75
49 78
50 87
51 62
51 72
51 86
52 53
52 58
52 77
53 58
53 77
54 59
54 83
55 57
55 88
56 84
57 88
58 77
60 73
60 75
61 63
62 72
62 79
62 86
63 66
63 67
63 87
65 82
66 67
66 71
66 74
67 74
67 87
68 71
68 74
68 83
69 76
69 80
69 85
71 74
71 83
73 85
76 80
76 81
76 85
79 82
79 86
81 85
82 86
84 88
