40 86
4 3 6 7 0 7 7 6 6 5 1 2 6 5 4 1 7 0 1 7 3 0 2 6 7 1 6 2 1 5 7 2 0 3 7 3 2 1 6 0 
0 1
0 30
1 6
1 24
1 29
1 30
1 31
1 36
2 11
2 18
2 20
2 23
2 28
2 31
2 35
3 9
3 20
3 29
3 30
3 31
3 33
4 32
4 39
5 20
5 32
6 7
6 8
6 9
6 30
6 37
7 17
8 25
8 36
9 24
10 15
10 16
10 18
10 20
10 31
10 34
10 39
12 13
12 20
12 31
13 18
13 38
14 20
14 26
14 27
14 31
14 34
15 18
15 31
15 34
16 24
18 31
18 39
19 23
19 32
19 39
20 31
21 28
21 32
21 34
21 37
22 28
22 39
23 30
23 32
23 35
24 33
24 35
24 38
26 39
27 30
27 33
27 34
28 34
30 31
30 36
31 33
31 36
33 36
34 35
34 39
37 38
