80 198
12 9 5 11 3 1 3 15 11 12 10 15 11 15 2 0 14 6 12 2 15 0 14 5 10 12 5 4 2 6 0 8 6 2 13 4 7 6 12 8 0 4 12 10 7 4 8 2 12 5 3 5 7 14 9 7 11 3 0 11 5 7 3 5 4 13 8 8 5 7 13 2 7 0 5 14 5 7 9 5 
0 4
0 27
0 51
0 69
0 71
1 27
1 51
1 65
2 4
2 37
2 44
2 62
2 69
3 55
3 67
4 34
4 55
4 58
5 11
5 25
5 49
5 62
6 32
6 39
6 71
7 15
7 18
7 39
7 46
7 52
8 17
8 33
8 69
8 72
8 79
9 31
9 47
9 63
10 24
10 30
10 31
10 37
10 41
10 46
10 64
10 77
11 16
11 20
11 27
11 49
11 70
12 18
12 24
12 47
12 56
12 65
12 79
13 21
14 23
14 53
14 59
14 60
15 17
15 38
15 50
15 71
16 18
16 35
16 63
16 65
16 71
17 20
17 24
17 31
17 52
18 38
18 49
18 59
18 63
18 75
19 21
19 39
19 46
19 53
19 61
20 36
20 54
20 74
21 22
21 23
21 24
21 29
21 36
21 42
22 31
22 57
22 59
22 77
22 78
23 66
23 69
23 71
24 33
24 36
24 39
24 41
24 58
24 64
25 32
25 49
25 71
26 53
26 55
26 66
26 70
27 35
27 53
27 57
28 37
28 40
28 41
29 30
29 56
29 79
31 43
31 57
31 66
31 71
31 72
32 38
32 48
32 59
32 72
32 79
33 44
33 48
33 49
33 51
33 64
33 76
34 39
34 41
35 65
35 72
36 45
36 47
36 57
36 76
37 46
37 73
38 53
38 62
40 48
40 70
40 77
41 49
41 78
42 50
43 74
44 55
44 68
44 70
45 46
45 59
45 73
45 79
46 59
46 74
47 70
47 71
47 78
49 50
49 56
49 77
50 52
51 67
51 69
53 58
54 60
54 70
55 63
55 72
56 57
57 61
57 72
57 73
59 70
60 61
60 64
60 71
61 78
62 73
64 68
64 70
64 72
66 74
71 74
73 79
