80 1130
2 1 11 7 8 10 8 5 2 10 14 10 10 10 1 7 5 9 15 13 1 13 12 2 13 12 1 11 9 12 9 6 10 6 2 2 8 6 13 4 15 13 14 9 1 0 6 12 8 4 13 14 7 0 14 13 14 15 11 2 4 5 4 12 11 8 13 11 14 2 14 5 6 0 13 12 5 6 1 10 
0 3
0 5
0 10
0 16
0 17
0 20
0 21
0 28
0 30
0 32
0 34
0 35
0 38
0 39
0 41
0 43
0 46
0 47
0 50
0 51
0 52
0 55
0 57
0 58
0 65
0 67
0 73
0 76
1 5
1 10
1 13
1 18
1 21
1 25
1 26
1 27
1 32
1 35
1 37
1 39
1 41
1 47
1 54
1 57
1 60
1 62
1 63
1 69
1 70
1 74
1 76
2 4
2 5
2 10
2 11
2 12
2 13
2 14
2 15
2 16
2 18
2 26
2 31
2 37
2 40
2 42
2 43
2 47
2 49
2 51
2 52
2 60
2 62
2 67
2 71
2 73
2 77
2 79
3 5
3 6
3 11
3 13
3 19
3 20
3 23
3 24
3 29
3 30
3 35
3 36
3 37
3 38
3 45
3 48
3 49
3 52
3 53
3 60
3 61
3 65
3 66
3 67
3 69
3 70
3 72
3 73
3 74
3 77
3 79
4 5
4 6
4 9
4 10
4 17
4 18
4 19
4 22
4 29
4 30
4 31
4 35
4 43
4 47
4 49
4 51
4 53
4 61
4 66
4 67
4 68
4 73
4 76
5 7
5 12
5 17
5 19
5 23
5 26
5 27
5 34
5 35
5 36
5 37
5 41
5 48
5 49
5 51
5 55
5 57
5 59
5 61
5 69
5 71
5 77
5 78
5 79
6 8
6 9
6 12
6 14
6 16
6 17
6 18
6 19
6 23
6 25
6 26
6 29
6 31
6 33
6 34
6 35
6 36
6 41
6 46
6 47
6 48
6 52
6 62
6 64
6 71
6 72
6 77
6 78
6 79
7 8
7 9
7 12
7 15
7 17
7 18
7 21
7 22
7 23
7 24
7 26
7 28
7 29
7 32
7 46
7 50
7 52
7 54
7 64
7 66
7 67
7 75
7 78
8 9
8 14
8 16
8 17
8 18
8 19
8 20
8 24
8 28
8 29
8 30
8 31
8 34
8 38
8 39
8 42
8 43
8 48
8 49
8 55
8 56
8 58
8 61
8 62
8 63
8 66
8 67
8 71
8 72
8 73
9 12
9 14
9 15
9 16
9 17
9 21
9 23
9 25
9 34
9 35
9 40
9 42
9 43
9 47
9 48
9 49
9 50
9 51
9 57
9 59
9 60
9 64
9 66
9 71
9 73
9 74
9 76
9 77
9 79
10 18
10 19
10 26
10 31
10 33
10 37
10 38
10 43
10 51
10 53
10 54
10 56
10 58
10 65
10 68
10 69
10 73
10 74
10 77
11 12
11 13
11 20
11 23
11 24
11 25
11 27
11 30
11 31
11 34
11 38
11 39
11 40
11 41
11 43
11 45
11 50
11 51
11 52
11 56
11 59
11 60
11 62
11 63
11 65
11 66
11 67
11 69
11 73
11 77
12 24
12 29
12 30
12 31
12 34
12 37
12 42
12 44
12 45
12 48
12 52
12 53
12 55
12 63
12 65
12 78
12 79
13 14
13 16
13 20
13 23
13 24
13 26
13 33
13 35
13 39
13 42
13 46
13 51
13 53
13 55
13 56
13 59
13 62
13 63
13 64
13 65
13 66
13 69
13 70
13 72
13 73
14 15
14 16
14 20
14 24
14 30
14 32
14 33
14 36
14 38
14 40
14 45
14 46
14 48
14 51
14 52
14 53
14 54
14 60
14 67
14 69
14 72
14 73
14 75
14 77
14 78
14 79
15 21
15 22
15 27
15 28
15 35
15 37
15 39
15 40
15 44
15 65
15 67
15 68
15 69
15 70
15 76
15 79
16 17
16 19
16 20
16 24
16 28
16 30
16 34
16 35
16 37
16 38
16 40
16 41
16 44
16 45
16 47
16 48
16 50
16 53
16 54
16 57
16 59
16 62
16 65
16 69
16 71
16 74
16 77
16 78
16 79
17 18
17 19
17 23
17 29
17 30
17 32
17 36
17 41
17 43
17 45
17 47
17 48
17 53
17 59
17 63
17 65
17 67
17 69
17 70
17 71
17 77
17 78
17 79
18 19
18 20
18 21
18 27
18 32
18 35
18 36
18 37
18 43
18 45
18 48
18 50
18 51
18 52
18 55
18 59
18 64
18 66
18 67
18 69
19 21
19 23
19 33
19 34
19 38
19 41
19 42
19 43
19 45
19 52
19 53
19 54
19 57
19 59
19 62
19 63
19 65
19 73
19 74
19 76
19 77
19 79
20 24
20 25
20 26
20 27
20 28
20 30
20 31
20 35
20 37
20 40
20 43
20 47
20 48
20 50
20 53
20 55
20 56
20 60
20 61
20 62
20 66
20 75
20 76
21 23
21 29
21 35
21 36
21 40
21 43
21 45
21 49
21 54
21 58
21 61
21 64
21 66
21 70
21 72
21 74
21 75
22 25
22 26
22 34
22 36
22 39
22 46
22 47
22 55
22 56
22 61
22 64
22 68
22 74
22 75
23 25
23 26
23 29
23 35
23 37
23 41
23 45
23 47
23 48
23 52
23 53
23 55
23 56
23 59
23 61
23 64
23 72
23 74
23 76
23 77
23 78
24 26
24 27
24 30
24 35
24 36
24 40
24 42
24 43
24 45
24 46
24 49
24 51
24 52
24 56
24 63
24 69
24 72
24 73
24 74
24 77
24 79
25 31
25 33
25 34
25 35
25 36
25 40
25 45
25 50
25 53
25 58
25 65
25 67
25 68
25 78
26 28
26 32
26 33
26 39
26 49
26 50
26 58
26 59
26 61
26 67
26 72
27 31
27 32
27 35
27 42
27 46
27 48
27 53
27 63
27 64
27 65
27 66
27 73
28 30
28 31
28 32
28 33
28 34
28 43
28 45
28 49
28 51
28 64
28 68
28 74
28 78
28 79
29 31
29 38
29 40
29 42
29 43
29 44
29 48
29 50
29 55
29 58
29 60
29 63
29 64
29 69
29 75
29 76
30 39
30 40
30 42
30 43
30 44
30 51
30 52
30 56
30 59
30 60
30 61
30 65
30 68
30 69
30 73
30 77
30 79
31 40
31 41
31 44
31 45
31 46
31 48
31 49
31 53
31 55
31 56
31 59
31 62
31 63
31 64
31 67
31 68
31 70
31 71
31 74
31 77
32 33
32 34
32 35
32 38
32 39
32 40
32 47
32 49
32 52
32 53
32 58
32 61
32 63
32 73
32 77
32 79
33 45
33 57
33 63
33 66
33 68
33 76
33 77
33 79
34 36
34 40
34 43
34 48
34 50
34 51
34 58
34 59
34 61
34 62
34 63
34 65
34 66
34 72
34 73
34 75
35 37
35 38
35 40
35 41
35 42
35 43
35 45
35 49
35 51
35 53
35 54
35 55
35 59
35 60
35 65
35 68
35 72
35 73
35 74
35 76
35 78
35 79
36 38
36 39
36 42
36 48
36 54
36 57
36 68
36 71
36 72
36 75
36 78
36 79
37 38
37 40
37 44
37 45
37 47
37 48
37 49
37 51
37 53
37 55
37 56
37 60
37 63
37 65
37 66
37 69
37 71
37 74
37 75
37 77
37 78
38 45
38 46
38 49
38 50
38 51
38 56
38 64
38 65
38 75
38 77
38 79
39 48
39 50
39 61
39 62
39 63
39 65
39 66
39 68
39 72
39 74
39 76
40 43
40 46
40 47
40 48
40 52
40 59
40 60
40 61
40 66
40 67
40 68
40 69
40 73
40 79
41 42
41 43
41 46
41 47
41 56
41 57
41 59
41 60
41 69
41 71
41 72
41 73
41 74
41 77
41 79
42 44
42 48
42 52
42 53
42 58
42 59
42 63
42 64
42 65
42 66
42 67
42 68
42 71
42 74
42 77
42 78
42 79
43 47
43 48
43 50
43 56
43 59
43 62
43 63
43 66
43 67
43 71
43 76
43 77
43 78
44 45
44 46
44 47
44 48
44 49
44 55
44 56
44 57
44 63
44 66
44 67
44 68
44 69
44 72
44 73
44 74
44 76
44 77
44 79
45 47
45 50
45 52
45 53
45 54
45 57
45 61
45 64
45 65
45 66
45 67
45 72
45 73
45 75
45 79
46 48
46 49
46 52
46 53
46 56
46 58
46 61
46 62
46 63
46 64
46 66
46 67
46 69
46 71
46 73
46 74
46 76
46 77
46 79
47 49
47 53
47 55
47 56
47 59
47 60
47 61
47 62
47 66
47 69
47 70
47 73
47 74
48 53
48 55
48 64
48 65
48 66
48 67
48 69
48 74
48 78
48 79
49 51
49 52
49 55
49 56
49 57
49 59
49 61
49 62
49 63
49 65
49 74
49 76
49 77
50 56
50 58
50 60
50 73
50 74
50 77
50 78
51 52
51 53
51 57
51 61
51 62
51 63
51 64
51 65
51 66
51 67
51 71
51 73
51 75
51 79
52 53
52 55
52 59
52 63
52 66
52 68
52 69
52 70
52 72
52 73
52 77
52 79
53 56
53 58
53 60
53 62
53 63
53 64
53 65
53 66
53 76
53 77
54 57
54 60
54 61
54 68
54 70
54 75
54 78
55 56
55 57
55 59
55 60
55 61
55 62
55 63
55 68
55 72
55 73
55 74
55 75
56 59
56 61
56 62
56 63
56 65
56 67
56 68
56 69
56 70
56 73
56 76
56 78
57 59
57 61
57 64
57 66
57 68
57 72
57 73
57 74
57 77
58 63
58 68
58 69
58 75
58 76
59 60
59 67
59 71
59 73
59 75
59 76
59 77
60 67
60 68
60 70
60 71
60 75
60 76
60 79
61 67
61 70
61 72
61 75
61 77
61 78
61 79
62 63
62 65
62 66
62 67
62 68
62 70
62 72
62 74
62 75
62 76
62 79
63 65
63 67
63 69
63 73
63 75
63 77
63 79
64 72
64 74
64 75
64 77
65 66
65 67
65 69
65 74
65 75
66 72
66 74
66 75
67 70
67 73
67 74
68 70
68 71
68 76
68 78
69 70
69 74
69 75
69 76
70 71
70 73
70 74
70 75
70 76
70 77
70 79
71 72
71 75
71 79
72 76
72 77
72 78
73 76
73 77
73 78
73 79
74 75
74 77
75 76
76 79
