90 399
9 13 3 0 5 4 1 2 5 0 15 5 1 3 8 15 3 6 10 4 7 7 12 4 7 12 15 7 11 1 11 7 13 5 2 7 7 12 6 0 3 2 2 1 7 5 13 3 2 11 1 8 12 10 7 13 2 2 6 14 1 10 11 6 3 15 7 13 10 14 9 1 13 2 10 1 5 11 14 9 14 1 10 13 14 6 13 11 11 2 
0 7
0 9
0 10
0 20
0 23
0 26
0 28
0 35
0 56
0 71
1 6
1 12
1 14
1 23
1 48
1 56
1 69
1 74
1 77
1 84
2 4
2 11
2 13
2 20
2 25
2 31
2 42
2 51
2 62
2 70
2 73
2 87
2 88
3 38
3 45
3 51
4 11
4 20
4 22
4 25
4 26
4 31
4 42
4 50
4 55
4 88
5 6
5 19
5 24
5 50
5 56
5 65
5 66
5 76
5 81
5 83
5 85
6 12
6 18
6 25
6 36
6 41
6 53
6 77
6 83
7 9
7 10
7 12
7 13
7 23
7 26
7 35
7 40
7 41
7 51
7 71
7 73
7 80
8 11
8 14
8 24
8 26
8 27
8 48
8 51
8 53
8 65
8 70
8 77
9 10
9 23
9 24
9 25
9 35
9 50
9 51
9 65
9 71
10 11
10 15
10 20
10 23
10 26
10 30
10 47
10 71
11 20
11 26
11 39
11 42
11 71
11 85
11 88
12 29
12 60
12 76
12 81
12 83
13 14
13 25
13 28
13 30
13 31
13 33
13 42
13 47
13 49
13 59
13 64
13 68
14 34
14 45
14 49
14 50
14 57
14 66
14 69
14 79
14 82
15 29
15 46
15 68
15 74
15 75
16 19
16 34
16 36
16 46
16 49
16 53
16 76
16 77
17 20
17 22
17 73
18 25
18 56
19 32
19 37
19 50
19 61
19 65
20 26
20 60
20 71
20 88
20 89
21 26
21 30
21 32
21 39
21 40
21 46
21 51
21 71
21 80
22 32
22 34
22 35
22 44
22 67
22 72
22 79
22 82
23 31
23 32
23 35
23 38
23 50
23 51
23 58
24 27
24 54
24 57
24 77
24 80
25 28
25 31
25 32
25 42
25 47
25 49
25 59
25 77
26 32
26 48
26 63
26 68
26 71
26 86
26 88
27 47
27 55
27 79
28 31
28 33
28 36
28 42
28 47
28 59
28 63
28 68
28 76
28 89
29 30
29 44
29 84
29 87
30 34
30 43
30 50
30 56
30 61
30 71
30 77
31 36
31 42
31 43
31 47
31 63
31 88
32 37
32 46
32 54
32 67
32 75
33 37
33 43
33 55
33 57
33 64
33 65
33 79
34 35
34 43
34 73
35 39
35 42
35 50
35 51
35 54
35 58
36 43
36 47
37 47
37 53
37 88
38 49
38 52
38 55
38 57
38 67
38 68
38 73
38 74
39 47
39 50
39 51
39 58
39 59
39 68
39 78
39 89
40 46
40 58
40 60
40 70
40 83
40 84
41 45
41 48
41 67
41 79
42 63
42 88
43 52
44 52
44 72
44 74
44 78
44 84
45 51
46 54
46 57
46 64
46 66
46 68
46 79
47 54
47 59
47 61
47 63
47 68
47 82
47 84
47 89
48 82
48 86
49 59
49 78
49 84
50 51
50 58
50 68
50 70
50 89
51 54
51 58
51 65
51 89
52 86
52 87
53 61
53 75
53 82
54 55
54 56
54 68
54 78
54 82
55 65
55 67
55 80
55 88
55 89
56 59
56 75
56 87
57 64
57 81
58 59
58 68
58 88
58 89
59 68
59 71
59 89
60 63
60 64
60 66
61 76
61 80
61 81
62 63
62 79
63 67
63 72
63 77
63 82
63 85
65 69
66 74
66 80
67 80
67 87
68 89
69 71
69 80
69 81
69 85
70 86
71 77
71 88
72 73
72 80
72 84
73 76
73 83
74 87
78 80
78 86
79 82
79 83
79 89
82 87
83 84
83 86
83 88
85 87
