70 209
15 15 3 15 12 3 14 7 15 8 10 2 11 13 11 8 2 15 12 9 8 10 4 8 15 15 7 0 7 13 1 3 9 3 7 12 11 11 10 10 9 3 1 2 8 11 15 8 15 4 7 11 1 6 10 4 1 13 5 10 0 5 0 4 12 4 3 8 10 6 
0 8
0 11
0 15
0 29
0 34
0 49
0 63
0 66
1 19
1 33
1 43
2 19
2 20
2 27
2 42
2 44
2 53
2 55
2 58
2 59
2 69
3 10
3 17
3 24
3 26
3 50
3 64
4 9
4 11
4 14
4 20
4 21
4 23
5 6
5 18
5 33
5 39
5 49
5 54
5 68
6 18
6 30
6 33
6 35
6 54
7 22
7 23
7 46
7 63
8 11
8 13
8 14
8 25
8 39
8 49
8 60
8 61
8 65
8 66
9 14
9 19
9 31
9 34
9 52
10 17
10 22
10 24
10 50
10 64
11 13
11 47
11 65
12 52
12 58
13 16
13 23
13 45
13 52
13 65
13 68
14 19
14 23
14 32
14 34
14 37
15 23
15 31
15 35
16 22
16 37
17 22
17 55
17 62
17 64
18 33
18 35
18 56
19 23
19 46
19 52
19 61
20 31
20 44
20 52
20 61
20 64
20 65
20 68
20 69
21 29
21 30
21 37
21 54
22 29
22 51
22 55
22 62
22 64
23 32
23 52
23 55
24 26
24 50
24 54
24 63
25 31
25 42
26 30
26 50
26 54
26 58
26 68
27 31
27 53
27 56
27 61
27 69
28 38
28 41
28 47
28 49
29 45
30 33
30 48
31 44
31 59
31 67
32 34
32 37
32 47
32 61
32 68
33 35
33 60
34 37
34 68
35 56
35 67
36 48
36 52
37 43
37 46
37 61
37 68
37 69
38 50
38 62
39 52
40 42
40 51
40 55
40 62
40 63
40 66
41 48
41 64
42 47
42 51
42 54
42 62
42 63
42 66
43 51
43 63
43 66
44 53
44 59
44 69
45 59
45 66
48 53
48 63
49 55
49 64
51 57
51 62
51 63
53 59
53 67
55 64
56 57
56 67
56 69
59 67
61 68
61 69
63 65
63 66
68 69
