60 104
11 8 9 5 0 10 6 12 0 2 11 5 11 13 11 5 9 1 11 5 0 2 9 10 5 7 7 0 9 12 3 12 6 12 13 0 2 11 15 9 3 2 2 10 6 5 14 10 15 5 8 13 0 9 11 5 8 5 11 5 
0 4
0 13
0 16
0 39
0 48
1 3
1 5
1 17
1 41
1 55
2 31
3 20
3 50
4 9
4 50
4 52
5 30
6 21
6 22
6 58
7 25
7 28
7 43
8 25
8 34
8 42
9 10
9 11
9 25
9 36
9 43
9 49
10 19
10 22
11 31
11 50
11 59
12 20
12 39
12 45
12 51
12 59
13 17
13 18
13 55
14 32
14 35
14 48
14 50
14 59
15 18
15 27
15 42
15 46
15 55
15 57
16 18
16 52
16 53
17 30
17 39
18 45
19 50
20 33
20 43
21 38
21 53
22 44
22 52
22 53
23 53
24 28
25 42
25 44
25 47
25 52
26 31
26 59
28 33
28 44
29 35
30 35
30 36
30 54
30 57
31 40
31 43
32 55
33 47
33 58
34 55
35 39
35 42
37 38
37 46
38 45
38 56
39 50
41 45
42 52
44 58
45 46
45 53
47 54
