35 104
4 6 3 5 2 3 0 7 0 1 1 2 3 1 3 5 6 5 3 1 7 6 1 7 4 7 1 5 3 1 4 2 7 6 0 
0 2
0 6
0 9
0 14
0 18
0 21
0 32
1 10
1 13
1 20
1 25
1 28
1 31
2 30
3 8
3 9
3 21
3 23
3 28
3 31
3 34
4 5
4 11
4 19
4 22
4 24
4 26
4 29
5 7
5 19
5 22
5 29
5 30
6 12
6 14
6 15
6 18
6 33
7 17
7 22
7 29
7 30
7 33
8 11
8 17
8 22
9 21
9 23
9 32
9 34
10 11
10 13
10 16
10 20
10 25
11 16
11 19
11 24
11 25
11 27
12 14
12 15
12 17
12 18
12 33
13 16
13 20
13 25
13 28
14 18
14 21
14 32
15 17
15 18
15 30
15 33
16 19
16 24
16 25
16 27
17 22
17 30
17 33
18 32
19 24
19 29
20 23
20 28
20 31
21 32
21 34
22 29
22 30
23 28
23 31
23 34
24 25
24 29
26 34
27 28
28 31
30 33
31 34
32 34
