70 207
6 7 1 1 4 5 3 3 11 13 2 10 12 2 8 4 14 3 9 1 12 13 12 5 13 2 5 13 4 0 10 6 15 6 5 0 15 6 12 6 6 7 13 11 11 12 1 11 14 14 7 14 0 15 9 0 11 11 2 13 3 0 11 9 0 2 11 10 5 5 
0 3
0 12
0 15
0 31
0 40
0 59
0 64
1 4
1 10
1 42
1 47
1 66
2 22
2 30
2 31
2 42
2 45
2 53
2 63
3 15
3 34
3 43
3 62
3 64
4 12
4 15
4 32
4 36
4 39
4 44
4 55
5 9
5 22
5 36
5 38
5 42
5 53
5 63
6 10
6 14
6 23
6 33
6 41
6 43
6 59
6 68
7 13
7 19
7 23
7 38
7 43
7 47
7 48
7 50
7 51
8 9
8 27
9 38
9 42
9 49
9 63
9 69
10 25
10 29
10 36
10 37
10 57
10 67
11 14
11 21
11 23
11 59
12 15
12 27
12 32
12 39
12 55
13 15
13 55
14 18
14 20
14 33
14 34
14 41
14 43
14 59
15 55
15 62
16 22
16 26
16 33
16 35
16 52
16 53
16 65
17 23
17 32
17 40
17 41
17 46
17 53
17 59
17 69
18 30
18 40
18 47
18 54
18 60
19 32
19 60
19 63
20 28
20 52
20 56
20 61
20 65
21 26
21 41
21 56
21 64
22 25
22 31
22 33
22 45
22 46
22 51
22 62
22 63
23 40
23 41
23 42
23 46
23 59
23 62
24 25
24 26
24 36
24 52
24 57
24 67
25 29
25 48
25 49
25 67
26 47
26 52
26 65
26 67
27 58
27 64
28 35
28 39
28 56
28 65
29 37
29 49
29 67
29 69
30 34
30 63
31 42
31 45
31 53
31 63
31 64
32 55
32 56
32 61
32 66
33 34
33 59
33 64
34 43
34 62
35 51
36 52
36 67
37 38
37 49
37 69
38 42
38 49
38 69
39 54
39 56
39 61
41 45
41 59
42 44
43 64
44 54
44 60
45 53
46 63
48 58
48 63
49 69
51 58
52 65
54 63
56 61
58 68
59 61
60 68
61 63
61 66
63 66
