70 172
11 7 2 9 11 14 15 14 8 10 14 8 7 14 11 13 12 1 9 7 13 7 11 11 10 14 8 14 0 11 2 10 6 15 5 5 1 11 5 5 10 6 1 9 10 14 4 10 15 14 13 3 15 5 0 7 4 11 1 12 9 0 0 7 5 4 12 14 8 6 
0 16
0 19
0 40
0 57
1 22
1 49
1 60
1 65
2 5
2 25
2 28
2 33
2 54
2 64
3 19
3 22
3 28
3 40
3 57
4 17
4 33
4 47
4 51
4 54
4 60
4 62
5 10
5 11
5 31
5 41
6 18
6 24
6 62
7 14
7 18
7 52
7 56
7 68
8 24
8 32
8 59
8 62
8 63
9 23
9 39
9 47
9 54
10 12
10 33
10 52
10 53
11 32
11 51
11 60
11 63
11 66
11 69
12 36
12 41
12 48
12 49
13 33
13 36
13 49
13 53
13 56
14 20
14 21
14 30
14 67
15 21
15 26
15 27
15 42
16 37
16 63
16 66
16 69
17 28
17 45
17 48
17 58
18 20
18 37
18 50
19 38
20 24
20 32
20 34
20 66
21 35
21 51
21 66
22 46
22 59
23 26
23 27
23 55
24 43
24 61
25 41
25 45
25 48
26 35
27 34
27 47
27 51
27 69
28 38
28 46
28 60
29 46
30 32
30 33
30 34
30 51
30 52
30 64
31 34
31 52
31 55
31 56
31 59
31 64
32 44
32 50
33 44
33 48
33 57
34 54
34 61
35 55
35 67
36 50
36 57
37 42
37 43
38 57
38 58
39 45
39 47
39 58
40 59
40 60
40 63
42 66
42 69
43 63
43 66
44 46
44 53
44 59
44 60
45 54
46 48
46 49
47 57
47 58
49 53
50 52
50 53
50 62
51 55
53 65
54 55
55 64
56 67
57 60
57 69
59 65
62 65
64 67
