80 142
0 1 8 8 6 12 0 14 11 5 12 3 3 0 14 0 7 0 7 10 2 14 13 1 14 11 2 13 3 5 11 7 2 3 12 8 10 13 0 2 4 13 1 10 8 15 8 14 14 8 0 10 9 11 11 11 8 5 7 9 10 11 5 4 15 7 15 7 6 1 15 9 14 9 3 5 9 4 2 0 
0 5
0 15
0 38
0 60
0 62
1 7
1 10
1 75
2 7
2 21
2 22
2 25
2 77
3 8
3 33
3 47
4 15
4 37
4 38
4 59
4 79
5 61
5 63
6 17
6 66
6 73
7 72
7 78
8 46
8 50
8 67
9 15
10 35
10 59
10 72
10 79
11 61
12 14
12 19
12 20
12 28
12 29
13 27
13 30
13 38
13 70
13 76
13 79
14 49
14 60
14 73
15 56
15 69
16 22
16 28
16 32
16 42
16 52
16 65
17 26
17 36
17 61
17 63
17 68
18 44
18 69
19 57
19 58
20 46
20 64
21 72
21 79
22 69
23 46
23 51
23 70
23 72
23 79
24 52
24 59
25 31
25 34
25 67
26 34
26 68
26 71
27 35
27 55
28 31
28 49
28 53
28 58
28 60
29 53
30 55
30 67
32 46
32 50
32 70
33 43
33 50
34 47
34 78
35 62
36 49
36 73
36 76
38 61
39 61
40 69
40 75
41 42
41 53
42 43
42 50
42 58
43 71
43 78
44 56
45 50
46 77
47 67
48 54
48 65
49 65
52 59
53 74
53 78
54 60
57 71
58 71
59 69
59 75
60 73
61 76
62 78
63 66
65 70
65 76
67 77
71 74
72 77
