60 339
12 13 13 3 12 5 1 13 10 6 13 5 5 12 4 3 9 9 2 3 7 5 1 12 10 8 9 12 9 15 2 9 2 1 3 12 7 5 10 14 3 11 8 4 11 8 11 3 10 4 12 7 12 2 3 6 15 2 4 2 
0 1
0 2
0 3
0 10
0 14
0 18
0 22
0 24
0 30
0 34
0 51
0 57
1 2
1 3
1 8
1 9
1 11
1 16
1 18
1 28
1 30
1 32
1 33
1 37
1 38
1 44
1 48
1 49
1 50
1 52
1 55
2 22
2 23
2 26
2 34
2 54
2 55
3 7
3 10
3 22
3 28
3 35
3 47
3 48
3 54
3 57
3 58
4 18
4 19
4 21
4 23
4 27
4 35
4 36
4 38
4 39
4 42
4 45
4 47
4 55
5 6
5 8
5 11
5 17
5 29
5 33
5 34
5 36
5 38
5 41
5 42
5 46
5 55
5 56
5 58
6 18
6 19
6 27
6 28
6 31
6 32
6 35
6 36
6 45
6 51
6 56
6 57
7 8
7 9
7 13
7 17
7 30
7 32
7 35
7 41
7 47
7 58
8 13
8 27
8 33
8 39
8 51
8 52
8 58
9 17
9 39
9 42
9 43
9 44
9 47
9 55
9 56
10 21
10 23
10 24
10 35
10 43
10 46
10 53
11 16
11 17
11 19
11 24
11 25
11 32
11 34
11 36
11 52
11 57
11 58
11 59
12 14
12 21
12 27
12 31
12 32
12 38
12 40
13 14
13 27
13 31
13 37
13 39
13 44
13 47
13 50
13 58
14 25
14 29
14 30
14 36
14 40
14 51
14 57
15 18
15 21
15 25
15 28
15 31
15 34
15 36
15 40
15 47
15 59
16 18
16 19
16 24
16 25
16 28
16 30
16 31
16 33
16 36
16 42
16 46
16 47
16 52
17 18
17 21
17 24
17 30
17 33
17 38
17 43
17 51
17 55
17 57
18 24
18 27
18 28
18 30
18 31
18 33
18 36
18 49
18 52
18 56
18 57
19 23
19 24
19 27
19 36
19 37
19 38
19 41
19 46
19 47
19 49
19 54
19 55
20 22
20 23
20 31
20 44
20 45
20 52
21 25
21 31
21 33
21 35
21 47
21 49
21 51
21 54
21 55
21 58
22 29
22 48
22 49
22 54
22 59
23 28
23 30
23 31
23 35
23 36
23 37
23 47
23 50
23 53
23 57
24 32
24 36
24 40
24 44
24 49
24 53
24 56
25 28
25 33
25 42
25 50
25 52
25 55
25 56
25 57
26 33
26 39
26 49
26 58
26 59
27 34
27 38
27 43
27 45
27 51
27 52
27 55
28 32
28 37
29 32
29 34
29 41
29 52
30 33
30 37
30 38
30 45
30 52
31 32
31 33
31 36
31 39
31 42
31 47
31 51
31 53
31 54
32 33
32 46
32 53
33 36
33 47
34 35
34 39
34 40
34 48
34 50
34 58
35 52
35 56
36 40
36 51
36 53
36 54
37 52
37 56
38 40
38 43
38 49
38 56
39 41
39 44
39 47
39 51
39 56
40 43
40 52
40 58
41 48
41 49
41 52
42 43
42 53
43 51
44 57
45 46
45 55
46 49
46 59
48 51
48 52
49 52
51 55
52 55
52 59
53 55
54 56
54 58
