60 635
8 13 9 7 4 3 10 7 7 5 10 1 14 7 3 15 9 14 3 15 6 0 1 9 13 2 3 8 11 10 5 7 0 12 8 15 11 6 13 13 5 8 8 3 13 13 11 5 15 7 7 7 14 4 1 9 4 7 4 9 
0 5
0 6
0 7
0 8
0 9
0 13
0 14
0 15
0 17
0 20
0 22
0 24
0 25
0 30
0 31
0 34
0 41
0 43
0 44
0 50
0 53
0 54
0 55
0 56
1 4
1 5
1 7
1 9
1 13
1 20
1 22
1 23
1 29
1 30
1 33
1 36
1 41
1 44
1 45
1 47
1 49
1 53
1 56
1 58
2 3
2 16
2 17
2 19
2 22
2 24
2 25
2 28
2 30
2 35
2 40
2 43
2 45
2 46
2 50
2 53
2 59
3 4
3 5
3 6
3 9
3 11
3 12
3 16
3 25
3 39
3 42
3 44
3 45
3 46
3 47
3 49
3 52
3 54
3 56
3 57
4 6
4 8
4 14
4 15
4 16
4 21
4 23
4 25
4 26
4 30
4 31
4 32
4 41
4 43
4 44
4 48
4 49
4 51
4 52
4 55
4 57
5 9
5 10
5 11
5 14
5 19
5 20
5 22
5 23
5 31
5 32
5 35
5 36
5 37
5 41
5 46
5 47
5 50
5 51
5 54
6 7
6 9
6 11
6 13
6 17
6 18
6 22
6 25
6 26
6 28
6 29
6 32
6 34
6 35
6 40
6 42
6 44
6 48
6 51
6 52
6 53
6 59
7 10
7 13
7 16
7 18
7 21
7 25
7 26
7 30
7 32
7 34
7 35
7 37
7 40
7 41
7 42
7 47
7 50
7 55
8 9
8 11
8 12
8 14
8 16
8 18
8 19
8 24
8 25
8 27
8 28
8 32
8 39
8 44
8 46
8 48
8 54
8 55
8 56
9 10
9 11
9 12
9 15
9 18
9 22
9 28
9 32
9 36
9 38
9 39
9 40
9 44
9 46
9 47
9 48
9 49
9 51
9 52
9 59
10 11
10 12
10 14
10 15
10 16
10 19
10 21
10 22
10 29
10 30
10 31
10 35
10 37
10 39
10 41
10 44
10 45
10 47
10 50
10 55
10 57
10 59
11 12
11 14
11 15
11 18
11 22
11 25
11 31
11 37
11 38
11 41
11 42
11 48
11 49
11 50
11 53
11 58
11 59
12 20
12 29
12 30
12 31
12 35
12 40
12 45
12 49
12 50
12 55
12 56
13 14
13 15
13 17
13 20
13 22
13 24
13 32
13 34
13 37
13 40
13 44
13 53
13 54
13 55
13 56
13 57
14 16
14 17
14 18
14 19
14 20
14 25
14 31
14 32
14 33
14 42
14 46
14 47
14 59
15 17
15 20
15 21
15 24
15 26
15 29
15 30
15 36
15 37
15 41
15 47
15 53
16 21
16 25
16 30
16 32
16 34
16 38
16 42
16 43
16 44
16 48
16 50
16 51
16 55
16 56
16 58
16 59
17 18
17 19
17 21
17 22
17 24
17 25
17 27
17 28
17 31
17 34
17 39
17 40
17 46
17 47
17 48
17 49
17 53
17 56
17 58
18 23
18 27
18 31
18 33
18 34
18 36
18 37
18 38
18 41
18 42
18 44
18 47
18 53
18 58
18 59
19 22
19 23
19 26
19 28
19 41
19 44
19 45
19 48
19 58
20 23
20 25
20 26
20 30
20 32
20 34
20 36
20 37
20 44
20 45
20 49
20 58
21 22
21 24
21 25
21 27
21 28
21 29
21 35
21 37
21 38
21 40
21 43
21 44
21 46
21 48
21 50
21 56
21 58
22 24
22 25
22 29
22 31
22 35
22 41
22 47
22 49
22 50
22 52
22 53
22 54
22 56
22 59
23 24
23 27
23 33
23 37
23 38
23 39
23 46
23 47
23 48
23 50
23 52
23 55
24 27
24 28
24 31
24 33
24 36
24 37
24 39
24 40
24 52
24 53
24 54
24 56
24 57
24 59
25 27
25 31
25 33
25 34
25 39
25 49
25 51
25 53
25 54
25 56
25 57
25 58
25 59
26 30
26 34
26 37
26 39
26 42
26 44
26 45
26 48
26 49
26 51
26 54
26 55
26 56
26 58
27 30
27 31
27 32
27 35
27 39
27 42
27 46
27 48
27 50
27 54
27 55
27 56
28 29
28 30
28 31
28 35
28 38
28 44
28 46
28 48
28 49
28 50
28 51
28 52
28 54
29 30
29 39
29 41
29 42
29 44
29 46
29 52
29 53
29 54
29 56
30 32
30 33
30 39
30 41
30 48
30 52
30 54
30 56
30 58
31 32
31 41
31 43
31 44
31 45
31 47
31 51
31 52
31 54
31 55
32 36
32 41
32 42
32 57
32 59
33 36
33 37
33 38
33 42
33 44
33 46
33 48
33 56
33 59
34 35
34 38
34 41
34 42
34 43
34 45
34 49
34 51
34 53
34 54
34 56
34 59
35 38
35 40
35 45
35 46
35 47
35 48
35 49
35 51
35 54
35 57
35 59
36 38
36 41
36 47
36 49
36 50
36 53
36 54
36 55
36 57
36 59
37 38
37 39
37 40
37 44
37 47
37 48
37 49
37 53
37 57
37 58
37 59
38 40
38 41
38 43
38 44
38 46
38 48
38 49
38 57
39 43
39 49
39 53
39 54
39 55
40 50
40 52
40 55
40 56
40 57
40 59
41 45
41 47
41 53
41 55
41 56
41 59
42 44
42 48
42 55
42 56
42 57
42 58
42 59
43 44
43 46
43 47
43 50
43 52
43 53
43 54
43 55
43 59
44 47
44 50
44 51
44 54
44 58
45 49
45 53
45 54
45 57
45 58
46 47
46 48
46 49
46 51
46 54
46 55
48 51
48 53
48 57
48 58
49 50
49 54
49 59
50 51
50 52
50 55
50 56
50 59
51 56
51 59
52 53
52 56
53 55
54 55
54 56
54 57
55 56
