50 116
6 4 4 4 4 0 5 4 1 6 3 2 5 1 0 5 1 2 7 4 6 1 7 0 2 5 1 6 0 4 0 2 2 6 3 3 4 7 4 4 7 3 2 7 6 1 4 7 4 7 
0 5
0 20
0 27
1 13
1 16
1 23
1 24
1 26
1 32
1 34
1 44
1 49
2 7
2 17
2 23
2 39
2 47
3 5
3 6
3 19
3 28
3 32
3 36
3 44
4 9
4 25
4 30
4 33
4 36
4 38
5 7
5 8
5 17
5 22
5 28
6 13
6 14
6 27
6 28
6 34
7 14
7 21
7 22
7 40
7 41
8 19
8 37
9 18
9 25
9 35
10 33
10 42
10 43
10 48
11 13
11 14
11 17
11 39
11 48
12 15
12 16
12 48
14 24
14 38
15 19
15 36
16 32
17 30
17 36
17 39
17 46
20 34
20 46
21 23
21 25
21 37
21 40
21 41
21 47
21 49
22 38
23 26
23 31
23 48
23 49
24 44
24 49
25 30
25 46
26 32
26 38
26 39
27 32
28 33
28 45
29 33
29 39
29 44
29 47
30 31
30 37
31 33
31 41
32 34
32 46
33 38
34 43
36 38
37 44
37 45
39 40
39 49
40 42
41 46
41 48
44 49
