40 77
1 4 2 5 3 5 2 2 0 6 3 0 5 5 2 5 2 3 6 7 7 7 6 3 3 7 0 1 2 7 1 6 3 4 0 6 4 2 5 5 
0 3
0 6
0 22
0 36
1 3
1 8
1 39
2 10
2 31
3 13
3 15
3 21
4 5
4 13
4 39
5 8
5 21
6 17
6 25
6 35
7 23
7 26
8 16
8 18
8 28
8 38
9 18
9 25
9 29
9 35
9 36
10 14
10 33
11 14
11 25
12 18
12 20
12 34
12 38
13 14
13 19
13 29
13 35
13 37
13 38
15 19
15 21
15 24
15 35
16 19
16 20
16 35
16 37
17 38
18 28
19 30
21 26
21 27
22 31
22 37
23 25
23 29
23 31
24 28
24 35
25 27
25 35
26 27
27 39
30 34
30 37
31 36
31 38
32 36
34 38
37 38
37 39
