100 180
24 27 2 3 28 26 4 4 19 19 5 31 1 0 11 5 3 28 9 17 24 27 5 13 5 28 12 31 14 27 30 2 11 24 8 0 1 9 6 9 17 13 27 3 18 31 24 4 2 19 30 20 19 17 10 11 29 5 3 26 14 25 16 8 27 1 5 5 31 28 3 11 7 18 26 17 6 10 29 31 27 15 15 13 10 6 19 14 20 31 6 9 18 24 10 16 29 21 14 15 
0 46
0 70
0 80
0 87
1 62
2 39
2 45
2 46
2 77
3 23
3 43
3 49
3 57
4 88
5 10
5 14
5 38
5 46
5 78
6 40
6 58
6 76
6 85
7 45
8 9
8 32
8 62
8 92
9 35
9 39
9 41
9 86
10 20
10 39
10 45
11 40
11 41
11 73
12 15
12 64
12 90
13 19
13 38
13 60
13 73
13 89
14 15
14 39
14 50
14 83
15 78
15 82
15 90
15 93
16 19
16 25
16 61
16 67
16 89
17 21
17 25
17 45
18 58
18 84
19 22
19 40
19 91
20 42
21 89
22 35
22 55
22 67
22 84
22 86
22 97
23 73
23 88
23 89
24 95
25 42
25 56
25 95
26 30
26 40
26 57
26 82
27 38
27 60
27 64
27 73
27 94
28 34
28 85
29 42
29 48
30 48
30 55
30 72
30 95
31 54
31 97
33 50
34 59
35 40
35 80
35 85
36 59
36 81
37 62
40 60
41 85
41 92
42 45
42 88
42 89
43 51
43 84
43 88
43 98
44 53
44 75
45 56
45 96
46 56
46 90
47 65
47 75
47 82
47 93
48 57
48 66
48 98
49 64
49 73
49 87
50 53
50 79
50 93
51 52
51 66
51 96
54 87
54 97
56 71
56 78
57 94
58 60
58 70
58 94
59 65
59 67
59 68
59 82
59 86
61 65
61 71
62 65
62 86
63 64
63 94
66 77
67 69
67 95
67 99
68 70
69 97
70 78
72 76
74 79
77 96
78 95
79 97
81 88
82 95
82 98
87 92
88 96
89 91
91 97
97 98
