60 128
2 9 13 4 2 1 3 2 15 3 9 15 12 0 5 5 3 12 1 12 1 15 9 2 2 5 15 13 13 6 9 9 8 1 2 14 12 5 4 2 0 13 10 6 1 2 0 5 8 1 4 8 14 6 1 2 0 9 1 7 
0 18
0 39
0 45
0 46
0 57
0 58
1 3
1 18
1 34
1 38
1 45
1 46
1 58
2 34
2 57
3 11
3 13
3 45
3 46
4 12
4 16
4 39
4 51
5 11
5 16
5 48
6 12
6 20
6 52
7 12
7 18
7 24
7 32
7 42
7 46
7 52
8 50
8 57
8 58
9 28
9 38
9 51
9 53
10 45
10 51
11 14
11 30
11 36
11 56
12 25
12 27
12 51
13 44
13 46
13 58
14 39
15 16
15 22
15 41
15 44
15 58
16 22
16 26
16 40
16 41
16 43
17 44
17 46
17 51
18 49
18 57
19 25
19 27
20 52
21 23
21 28
21 29
21 52
22 29
22 30
22 34
22 39
23 25
23 35
23 52
24 45
25 38
25 49
25 52
25 59
26 27
26 31
27 45
28 29
28 54
31 43
31 45
32 58
33 42
33 55
33 58
34 53
35 54
36 54
36 56
37 40
37 51
38 51
38 53
38 56
40 42
40 52
41 50
41 57
42 45
42 47
44 56
46 51
46 55
46 56
48 51
48 56
49 52
49 55
50 59
51 52
53 58
57 58
