80 157
6 1 15 4 13 9 0 13 9 11 5 8 1 2 9 8 10 14 3 1 2 11 4 13 3 13 8 15 15 9 3 4 0 5 1 4 1 0 10 14 3 14 6 8 3 13 14 2 12 5 8 14 15 5 3 3 4 11 10 12 11 8 0 0 8 3 11 11 0 9 6 3 11 3 13 3 1 8 8 7 
0 35
1 14
1 17
1 66
1 74
2 31
2 36
2 60
2 61
2 67
2 77
3 60
4 6
4 11
4 27
4 30
4 37
4 59
4 67
5 12
5 71
6 76
7 18
7 27
7 42
7 77
8 11
8 22
8 30
8 39
8 40
8 69
8 73
9 11
9 48
9 52
9 53
9 69
10 29
10 35
10 39
10 53
10 55
10 79
11 15
11 18
11 41
11 62
12 17
12 47
13 14
13 36
13 58
13 60
14 73
15 39
15 50
15 66
16 22
16 31
16 32
16 47
16 69
17 43
17 63
17 73
18 24
18 59
19 26
20 57
20 78
21 32
22 23
22 24
22 34
23 31
23 60
23 68
23 74
24 39
24 54
25 48
25 52
25 65
26 34
26 43
28 37
28 59
29 57
29 72
29 79
30 34
30 76
31 44
31 54
31 63
31 75
32 54
32 72
32 79
33 35
33 44
33 53
33 62
33 64
34 40
34 50
34 68
34 78
35 65
35 67
36 47
38 52
39 52
39 65
40 63
40 71
40 76
41 50
41 65
42 46
42 60
42 64
45 64
46 49
46 72
47 50
47 51
47 56
47 67
48 69
49 50
49 55
49 67
51 53
52 57
52 72
52 77
53 67
54 55
54 67
55 76
55 79
57 61
58 70
59 66
59 69
60 64
60 73
61 65
63 68
63 75
64 67
68 73
69 72
70 78
74 78
