40 78
2 6 7 0 1 2 4 0 5 4 3 0 4 3 6 7 2 5 3 0 7 1 4 1 5 2 4 4 5 0 2 7 0 0 7 3 0 2 4 1 
0 23
0 32
1 7
1 30
1 31
1 32
2 25
2 38
3 18
3 22
3 23
3 31
3 34
3 39
4 16
4 17
4 18
4 20
4 23
4 35
4 39
5 24
5 28
5 30
5 35
6 30
6 38
7 16
7 31
7 34
7 39
8 14
8 26
9 14
9 18
9 20
9 29
9 38
10 24
10 31
11 12
11 16
11 30
12 18
12 37
13 19
13 20
13 38
14 15
14 18
14 24
14 33
14 36
15 18
15 19
15 20
15 24
16 18
16 26
18 20
18 23
18 31
18 37
18 39
19 24
20 26
20 35
21 27
21 39
22 26
23 30
24 25
24 38
25 30
26 27
26 31
27 38
28 30
