80 1127
14 15 7 3 4 10 8 2 4 14 13 13 13 15 12 12 6 14 7 5 10 0 8 4 5 2 2 7 4 8 15 5 13 9 0 2 6 7 8 6 3 4 15 10 11 10 12 1 5 8 6 7 11 9 13 12 13 7 11 12 6 0 3 13 5 7 15 0 12 5 15 4 10 10 5 14 3 8 10 13 
0 3
0 5
0 7
0 9
0 15
0 16
0 21
0 22
0 23
0 26
0 27
0 28
0 33
0 35
0 39
0 40
0 41
0 42
0 45
0 46
0 48
0 50
0 51
0 55
0 57
0 59
0 60
0 61
0 63
0 67
0 68
0 69
0 70
0 76
1 2
1 5
1 6
1 16
1 19
1 20
1 21
1 25
1 28
1 30
1 31
1 34
1 38
1 39
1 40
1 43
1 44
1 48
1 52
1 61
1 64
1 66
1 67
1 69
1 76
1 78
2 5
2 6
2 10
2 11
2 12
2 18
2 19
2 22
2 23
2 25
2 29
2 33
2 34
2 38
2 39
2 40
2 42
2 48
2 49
2 50
2 52
2 54
2 55
2 56
2 63
2 72
2 74
2 76
3 6
3 8
3 10
3 11
3 15
3 18
3 24
3 26
3 27
3 30
3 34
3 36
3 37
3 39
3 40
3 42
3 47
3 49
3 52
3 54
3 55
3 57
3 58
3 63
3 69
3 73
3 77
3 78
3 79
4 10
4 11
4 12
4 14
4 15
4 22
4 23
4 26
4 27
4 31
4 37
4 38
4 40
4 41
4 44
4 45
4 46
4 47
4 52
4 54
4 56
4 57
4 59
4 64
4 67
4 69
4 71
4 73
4 74
4 75
4 78
5 6
5 8
5 12
5 13
5 14
5 19
5 20
5 24
5 25
5 26
5 34
5 35
5 37
5 42
5 43
5 45
5 48
5 49
5 51
5 52
5 54
5 55
5 56
5 57
5 58
5 60
5 61
5 66
5 68
5 71
5 72
5 74
5 78
6 9
6 13
6 14
6 19
6 22
6 24
6 29
6 30
6 33
6 35
6 39
6 42
6 43
6 47
6 50
6 54
6 58
6 65
6 67
6 69
6 71
6 79
7 8
7 15
7 19
7 23
7 25
7 32
7 35
7 36
7 38
7 44
7 46
7 48
7 53
7 54
7 55
7 59
7 61
7 66
7 70
7 73
7 77
7 79
8 11
8 14
8 15
8 18
8 19
8 28
8 31
8 33
8 35
8 39
8 41
8 42
8 43
8 46
8 49
8 52
8 53
8 55
8 56
8 59
8 64
8 67
8 76
8 78
9 12
9 13
9 14
9 17
9 20
9 22
9 24
9 25
9 28
9 31
9 34
9 35
9 37
9 41
9 43
9 46
9 47
9 49
9 52
9 57
9 59
9 60
9 65
9 75
9 76
9 79
10 21
10 22
10 23
10 24
10 25
10 29
10 33
10 34
10 36
10 39
10 45
10 46
10 52
10 53
10 55
10 56
10 59
10 63
10 64
10 65
10 68
10 70
10 74
11 12
11 19
11 21
11 22
11 23
11 24
11 25
11 27
11 29
11 30
11 37
11 38
11 44
11 45
11 53
11 56
11 60
11 77
11 78
12 17
12 20
12 24
12 28
12 29
12 30
12 31
12 33
12 35
12 37
12 38
12 40
12 42
12 48
12 51
12 52
12 54
12 61
12 62
12 63
12 65
12 68
12 69
12 70
12 72
12 74
12 76
12 78
13 14
13 17
13 21
13 23
13 26
13 27
13 34
13 36
13 38
13 40
13 47
13 52
13 59
13 66
13 68
13 69
13 73
13 76
13 79
14 20
14 22
14 24
14 25
14 29
14 30
14 31
14 32
14 33
14 34
14 45
14 52
14 54
14 56
14 61
14 65
14 67
14 70
14 77
14 79
15 16
15 22
15 27
15 28
15 31
15 33
15 35
15 37
15 38
15 42
15 45
15 46
15 50
15 53
15 54
15 57
15 59
15 63
15 64
15 66
15 69
15 70
15 73
16 24
16 26
16 27
16 31
16 32
16 33
16 35
16 37
16 40
16 42
16 47
16 48
16 49
16 50
16 53
16 57
16 58
16 59
16 61
16 64
16 65
16 68
17 20
17 23
17 26
17 29
17 30
17 31
17 33
17 36
17 43
17 47
17 50
17 51
17 55
17 63
17 64
17 68
17 70
17 71
17 72
17 74
17 77
18 19
18 21
18 28
18 30
18 32
18 33
18 35
18 37
18 38
18 39
18 41
18 42
18 43
18 44
18 47
18 48
18 53
18 54
18 55
18 56
18 57
18 59
18 64
18 65
18 70
18 71
18 73
18 75
19 22
19 25
19 26
19 27
19 28
19 31
19 35
19 37
19 38
19 40
19 41
19 42
19 43
19 47
19 48
19 49
19 53
19 56
19 58
19 62
19 69
19 74
19 78
20 23
20 27
20 33
20 34
20 44
20 50
20 51
20 54
20 58
20 60
20 62
20 63
20 67
20 71
20 75
20 79
21 22
21 23
21 25
21 27
21 32
21 33
21 34
21 36
21 39
21 42
21 45
21 50
21 53
21 54
21 56
21 58
21 66
21 67
21 69
21 72
21 73
21 78
22 24
22 26
22 27
22 28
22 33
22 34
22 35
22 36
22 37
22 38
22 39
22 42
22 43
22 52
22 54
22 58
22 60
22 68
22 70
22 71
22 74
22 75
23 26
23 29
23 32
23 33
23 34
23 36
23 38
23 41
23 42
23 47
23 48
23 50
23 51
23 54
23 56
23 57
23 58
23 59
23 63
23 65
23 66
23 68
23 70
23 72
24 25
24 28
24 30
24 31
24 34
24 35
24 40
24 41
24 49
24 51
24 53
24 54
24 59
24 65
24 69
24 74
25 30
25 31
25 33
25 37
25 38
25 40
25 43
25 46
25 48
25 49
25 51
25 58
25 61
25 65
25 66
25 68
25 78
26 29
26 31
26 33
26 35
26 36
26 38
26 43
26 48
26 50
26 57
26 63
26 70
26 74
26 75
26 77
26 78
26 79
27 29
27 31
27 36
27 40
27 42
27 44
27 46
27 53
27 56
27 57
27 62
27 63
27 64
27 69
27 72
27 73
27 75
27 76
28 34
28 35
28 38
28 40
28 42
28 43
28 44
28 45
28 46
28 47
28 49
28 57
28 63
28 65
28 67
28 72
28 79
29 32
29 33
29 34
29 35
29 38
29 40
29 42
29 43
29 45
29 50
29 51
29 52
29 53
29 54
29 59
29 60
29 61
29 63
29 64
29 66
29 75
30 31
30 35
30 37
30 39
30 44
30 46
30 49
30 50
30 58
30 59
30 63
30 64
30 68
30 72
30 73
30 74
30 75
30 77
31 32
31 34
31 35
31 38
31 51
31 52
31 57
31 63
31 66
31 68
31 73
31 77
32 37
32 40
32 44
32 46
32 51
32 55
32 56
32 57
32 60
32 62
32 63
32 69
32 76
33 35
33 37
33 42
33 45
33 47
33 48
33 52
33 58
33 61
33 62
33 65
33 66
33 67
33 68
33 70
33 74
33 76
33 77
34 43
34 44
34 47
34 48
34 50
34 52
34 54
34 56
34 59
34 64
34 67
34 69
34 72
34 75
34 76
35 36
35 39
35 42
35 45
35 46
35 47
35 48
35 51
35 53
35 54
35 55
35 57
35 59
35 60
35 61
35 62
35 65
35 66
35 67
35 68
35 70
35 72
35 75
35 78
36 37
36 41
36 47
36 53
36 57
36 59
36 62
36 63
36 64
36 68
36 69
36 74
36 75
36 76
37 39
37 42
37 46
37 52
37 57
37 59
37 60
37 63
37 66
37 68
37 69
37 71
37 74
38 39
38 40
38 48
38 49
38 56
38 57
38 58
38 59
38 60
38 63
38 66
38 72
38 78
38 79
39 42
39 44
39 48
39 54
39 55
39 56
39 57
39 58
39 60
39 63
39 66
39 68
39 69
39 76
39 79
40 41
40 43
40 44
40 45
40 50
40 51
40 52
40 56
40 60
40 62
40 63
40 66
40 70
40 71
40 73
40 76
40 78
41 42
41 46
41 48
41 49
41 50
41 51
41 53
41 55
41 57
41 64
41 67
41 70
41 72
41 77
42 43
42 45
42 48
42 49
42 50
42 52
42 59
42 63
42 64
42 70
42 72
42 73
42 76
42 77
42 78
43 46
43 47
43 51
43 54
43 56
43 60
43 63
43 64
43 67
43 74
43 78
44 49
44 51
44 53
44 57
44 58
44 60
44 61
44 65
44 69
44 70
44 71
44 74
44 76
44 77
44 78
45 49
45 51
45 54
45 56
45 59
45 60
45 64
45 65
45 72
45 78
45 79
46 52
46 53
46 54
46 59
46 62
46 66
46 74
46 76
46 78
47 53
47 54
47 57
47 58
47 63
47 77
48 53
48 57
48 58
48 60
48 61
48 64
48 66
48 70
48 72
48 73
48 74
48 79
49 50
49 51
49 54
49 60
49 66
49 67
49 69
49 70
49 71
49 75
49 76
50 52
50 53
50 57
50 59
50 61
50 62
50 64
50 72
50 73
50 75
50 76
50 78
50 79
51 54
51 55
51 56
51 58
51 60
51 63
51 75
52 53
52 54
52 55
52 56
52 62
52 66
52 70
52 71
52 73
52 75
52 76
52 78
52 79
53 54
53 57
53 58
53 63
53 67
53 72
53 74
53 76
53 78
54 58
54 59
54 60
54 64
54 66
54 68
54 70
54 71
54 75
54 76
54 77
54 79
55 56
55 57
55 58
55 59
55 60
55 61
55 62
55 69
55 72
55 73
55 76
55 79
56 57
56 60
56 61
56 65
56 66
56 69
56 73
56 75
56 76
57 65
57 67
57 68
57 72
57 73
57 75
58 60
58 61
58 62
58 63
58 66
58 70
58 72
58 77
58 79
59 60
59 61
59 64
59 73
59 74
59 77
59 78
59 79
60 61
60 62
60 65
60 66
60 67
60 75
60 77
61 69
61 74
61 76
61 79
62 63
62 69
62 72
62 75
62 76
62 77
62 79
63 66
63 74
63 75
63 76
63 78
64 66
64 69
64 70
64 75
64 77
64 79
65 67
65 70
65 71
65 76
65 78
66 71
66 72
67 73
67 76
67 78
68 69
68 70
68 76
69 70
69 73
69 74
70 73
70 75
70 76
70 78
71 75
71 77
72 73
72 75
72 76
72 79
73 75
73 76
73 77
73 78
74 79
77 78
