40 91
3 2 6 4 5 4 4 1 2 1 5 2 5 3 0 5 0 4 7 4 4 6 7 0 2 7 3 2 2 2 7 5 5 1 3 5 6 2 0 4 
0 3
0 17
0 28
0 31
1 9
1 13
1 31
1 34
1 37
2 4
2 5
2 8
2 11
2 19
2 21
2 27
2 28
3 6
3 11
3 21
3 35
4 17
4 28
4 35
5 9
5 34
5 37
5 38
6 16
6 31
6 33
7 8
7 14
7 26
7 36
8 9
8 10
8 25
8 27
9 14
9 28
10 18
10 37
11 14
11 28
11 31
11 38
12 16
12 20
12 25
12 27
12 32
13 20
13 21
13 25
14 34
15 24
15 31
15 33
15 35
16 21
16 22
16 32
17 19
18 29
18 36
18 37
19 24
19 31
20 32
21 27
22 28
22 30
22 35
22 38
23 30
23 37
23 38
24 30
25 36
26 28
26 30
26 35
27 33
27 36
28 34
30 39
31 39
32 33
34 39
37 39
