30 135
6 0 1 6 2 2 0 1 3 3 7 2 6 2 5 7 1 5 4 6 1 5 5 1 3 3 6 3 0 2 
0 7
0 8
0 9
0 14
0 21
0 23
0 24
0 27
0 28
1 2
1 3
1 9
1 12
1 15
1 16
1 17
1 21
1 26
2 9
2 10
2 12
2 13
2 15
2 17
2 22
2 23
2 26
3 4
3 9
3 11
3 12
3 15
3 16
3 18
3 20
3 27
4 5
4 7
4 11
4 16
4 18
4 19
4 22
4 23
5 7
5 10
5 11
5 16
5 18
5 19
5 23
5 24
6 21
6 29
7 17
7 18
7 19
7 21
7 23
7 24
8 14
8 15
8 21
8 23
8 24
8 25
8 27
8 28
8 29
9 11
9 12
9 15
9 16
9 17
9 20
10 12
10 14
10 17
10 22
10 25
10 26
10 28
11 15
11 16
11 18
11 19
11 28
11 29
12 15
12 17
12 24
12 26
13 15
13 20
13 23
13 26
14 16
14 21
14 22
14 25
14 27
14 28
15 16
15 18
16 18
16 29
17 20
17 22
17 25
17 26
17 29
18 19
18 25
18 29
19 21
19 23
19 24
19 26
20 25
20 29
21 23
21 24
21 27
22 25
22 26
22 27
22 28
23 24
24 27
25 26
25 27
25 28
25 29
26 28
27 28
