50 150
5 7 1 6 7 7 4 3 5 4 4 3 4 3 1 7 3 5 3 4 6 7 4 4 0 6 2 3 3 0 4 5 7 7 0 7 4 2 7 5 4 6 4 7 6 1 3 3 0 7 
0 5
0 11
0 18
0 20
0 22
0 29
1 4
1 13
1 19
1 28
1 42
1 46
2 3
2 10
2 15
2 27
2 33
2 44
2 49
3 9
3 10
3 17
3 33
3 49
4 13
4 19
4 37
4 38
4 42
5 11
5 18
5 20
5 22
5 26
6 10
6 15
6 45
6 46
7 12
7 14
7 23
7 31
7 32
7 34
7 48
8 18
8 20
8 24
8 25
8 27
8 29
8 47
9 17
9 26
9 33
9 36
9 49
10 15
10 21
10 33
10 40
10 44
11 18
11 22
11 26
11 36
11 40
12 14
12 27
12 32
12 34
12 35
12 48
13 19
13 37
13 42
13 46
14 32
14 34
14 35
14 43
15 21
15 28
15 44
15 46
16 24
16 32
16 35
16 39
16 41
16 43
17 22
17 26
17 36
17 49
18 20
18 29
19 21
19 28
19 46
20 29
20 45
20 47
21 28
21 44
21 46
22 23
22 26
22 36
23 46
24 25
24 39
24 41
24 47
25 29
25 39
25 41
25 47
26 36
27 36
28 44
28 46
29 47
30 31
30 34
30 37
30 38
30 42
30 48
31 34
31 37
31 38
31 48
32 35
32 43
33 40
33 44
33 49
34 48
35 39
35 43
36 49
37 38
37 42
38 42
38 48
39 41
39 43
41 43
41 47
