35 156
6 4 7 7 4 6 1 2 5 7 5 5 1 6 2 3 3 1 1 2 3 0 5 6 4 6 2 2 4 1 5 3 0 0 2 
0 5
0 7
0 19
0 20
0 22
0 31
1 4
1 6
1 9
1 10
1 14
1 16
1 20
1 29
1 31
1 32
1 34
2 4
2 5
2 25
2 29
2 32
3 4
3 5
3 11
3 14
3 15
3 18
3 19
3 24
3 26
3 27
4 5
4 11
4 15
4 17
4 19
4 25
4 32
4 33
5 9
5 11
5 15
5 19
5 24
5 26
5 30
5 33
6 9
6 14
6 15
6 18
6 20
6 29
6 31
6 32
6 34
7 10
7 11
7 24
7 31
7 32
7 34
8 22
8 26
9 14
9 16
9 22
9 23
9 28
9 29
9 34
10 12
10 19
10 21
10 30
10 31
11 16
11 18
11 19
11 20
11 24
11 26
12 13
12 21
12 22
12 25
12 27
12 32
13 14
13 15
13 16
13 17
13 18
13 22
13 23
13 25
13 33
14 16
14 22
14 23
14 29
15 17
15 19
15 25
15 33
16 22
16 23
16 25
16 29
17 19
17 22
17 23
17 25
17 28
17 31
17 33
18 20
18 24
18 26
18 31
18 34
19 26
19 29
19 33
20 24
20 25
20 26
20 31
20 34
21 23
21 30
22 23
22 24
22 25
22 27
22 32
22 33
23 25
23 26
23 29
24 26
24 27
24 31
24 34
25 28
25 33
26 31
26 32
27 28
28 32
29 31
29 34
30 32
31 34
33 34
