70 104
8 9 4 5 7 0 5 7 5 11 7 14 6 2 10 13 9 14 9 15 6 6 13 11 13 13 7 13 15 9 0 15 15 6 12 7 10 15 11 14 1 3 4 13 14 3 15 4 13 13 3 2 10 4 11 9 1 12 6 4 11 0 3 9 0 10 1 0 14 9 
0 2
0 18
0 30
0 55
0 64
1 10
2 29
2 68
3 9
3 18
4 36
5 29
5 40
5 58
6 8
6 25
6 49
7 31
7 55
8 21
8 24
8 39
8 54
9 11
9 48
9 66
10 52
10 57
10 62
11 17
11 18
11 20
11 22
12 14
13 50
14 31
14 32
15 33
15 64
16 17
16 27
16 49
17 33
18 35
18 46
18 49
19 33
19 53
22 25
23 41
23 60
24 36
24 49
26 39
27 55
28 42
28 61
28 66
29 46
30 36
30 38
30 40
30 49
30 50
30 56
31 38
31 41
31 49
31 50
31 52
32 66
33 55
33 65
34 38
35 47
35 65
36 54
37 43
37 51
37 63
37 66
41 49
41 50
41 69
44 46
44 47
44 49
44 59
45 68
46 69
47 66
47 67
50 53
50 61
50 68
55 65
55 67
57 59
57 67
58 61
58 68
59 60
60 68
61 65
