90 207
4 4 8 3 0 8 0 8 14 13 3 14 5 14 8 13 6 2 2 5 14 14 9 10 0 7 15 2 6 7 3 2 3 6 1 7 10 8 12 4 15 15 15 15 5 4 11 3 1 3 2 4 3 1 8 6 5 3 11 9 6 12 3 6 4 14 9 1 15 9 7 1 13 12 9 4 0 7 9 12 12 13 13 4 1 3 7 9 0 5 
0 4
0 14
0 28
0 38
0 41
0 59
0 81
0 89
1 3
1 10
1 49
1 74
2 50
3 4
3 11
3 13
3 14
3 23
3 87
4 30
4 72
5 13
5 40
5 43
5 52
5 68
5 84
6 9
6 27
6 29
6 53
6 68
7 8
7 31
7 40
7 50
7 54
8 26
8 58
9 14
9 17
9 20
9 32
9 38
9 57
10 41
10 89
11 21
11 36
11 62
12 22
12 43
13 30
13 43
13 53
13 74
13 86
14 25
14 34
14 53
14 54
15 49
15 85
16 68
17 47
17 57
17 67
17 72
18 36
18 55
18 81
19 48
19 64
19 73
20 25
20 46
20 68
20 69
20 80
21 55
21 65
21 80
22 24
22 27
22 40
22 47
22 74
22 77
23 25
23 47
23 78
23 86
24 30
24 33
24 43
24 47
24 84
24 85
25 50
25 71
25 75
26 32
26 46
26 52
27 38
27 41
27 59
27 64
28 41
28 72
28 83
29 30
29 55
29 61
30 48
30 51
30 59
31 39
31 62
31 76
31 78
32 33
32 64
32 80
33 37
33 51
33 72
34 36
34 50
34 57
34 63
34 79
34 81
34 87
35 78
37 68
38 42
39 59
39 85
40 49
40 59
40 70
40 81
42 45
42 57
42 81
42 83
43 48
44 65
44 73
44 80
45 74
46 50
46 57
46 76
47 56
47 62
47 82
47 83
48 65
49 75
50 78
51 70
52 61
52 62
52 67
53 55
53 59
53 71
53 79
55 61
56 81
57 64
57 80
58 62
58 67
58 83
58 86
60 65
60 87
61 72
62 69
62 71
62 77
63 75
63 80
64 67
66 86
67 73
68 70
68 71
69 80
70 80
70 81
71 82
71 85
71 86
71 89
72 81
72 87
74 76
74 80
75 85
76 88
78 87
80 87
80 89
