90 197
14 9 4 6 6 8 8 13 11 4 6 1 3 13 8 2 0 8 4 5 9 7 13 15 3 13 14 4 4 15 11 6 1 11 5 10 11 6 9 4 11 3 6 14 5 15 7 14 4 9 4 3 1 2 1 14 2 13 1 14 14 1 9 0 1 9 6 11 7 13 2 12 10 0 10 1 4 15 2 15 1 1 2 5 2 15 6 3 12 4 
0 12
0 14
0 17
0 29
0 47
0 62
0 69
1 21
1 23
1 68
1 86
2 11
2 32
2 39
2 81
3 39
3 43
3 54
3 80
3 82
4 69
4 78
4 79
5 39
5 56
5 63
5 80
6 26
6 29
6 55
6 57
6 66
7 19
7 34
7 40
7 70
7 86
8 21
8 50
8 57
8 64
9 27
9 49
9 66
10 52
10 59
10 69
10 75
11 53
11 58
11 81
11 87
12 16
12 43
12 67
13 25
13 33
13 38
13 84
13 85
14 30
14 73
14 87
14 89
15 17
15 58
15 59
15 73
15 87
16 23
16 36
16 52
16 62
17 29
17 60
17 71
18 39
18 44
18 82
18 89
19 24
19 50
19 64
19 77
20 30
20 39
20 56
20 62
20 89
21 46
21 66
22 23
22 24
22 31
22 81
22 83
23 46
23 88
24 34
24 54
24 80
24 86
25 42
25 77
26 29
26 71
27 31
27 72
27 84
28 44
28 49
28 57
28 64
28 66
29 57
29 73
30 76
30 79
31 48
31 49
31 88
32 58
32 80
33 52
33 75
33 76
34 84
35 36
35 73
35 74
36 40
36 59
37 44
37 57
37 73
37 89
38 48
38 52
38 75
38 77
39 42
39 78
40 62
40 74
40 77
41 60
41 71
41 83
42 53
42 84
43 51
43 68
43 72
44 83
45 48
45 52
45 59
45 65
46 64
46 76
46 81
47 57
47 63
47 65
47 80
47 86
48 61
49 83
50 70
53 79
54 64
54 81
55 77
56 75
56 76
58 60
59 67
61 64
61 77
61 86
62 86
63 69
63 75
63 79
65 82
67 69
67 85
68 88
70 74
72 78
72 88
76 84
79 83
79 84
79 87
81 82
82 83
