90 196
14 1 13 4 8 2 15 14 11 13 5 11 14 6 10 11 11 4 4 4 14 15 1 9 0 6 1 2 3 9 14 11 3 6 1 2 6 1 2 4 12 0 1 4 7 1 15 5 8 11 0 13 0 10 4 8 0 9 8 13 3 5 6 5 15 15 5 7 15 3 1 8 11 1 6 15 9 12 2 2 10 6 4 9 13 7 8 13 4 14 
0 7
0 28
0 48
0 59
0 75
0 83
0 86
1 26
1 32
1 45
1 62
2 9
2 11
2 27
2 76
3 18
3 21
3 57
3 74
4 72
4 81
5 10
5 45
5 54
5 62
6 12
6 39
6 73
7 21
7 24
7 33
7 42
7 84
8 26
8 44
8 84
8 88
9 68
9 81
10 51
10 57
10 65
10 66
10 69
11 34
11 73
11 82
12 25
12 49
12 71
12 72
12 78
13 18
13 39
13 51
13 57
13 77
14 18
14 20
14 77
15 75
16 49
16 53
16 68
16 83
16 87
17 26
17 57
17 66
17 74
17 84
18 27
19 29
19 36
19 54
19 86
20 28
20 62
20 85
21 42
21 75
22 26
22 33
22 39
22 52
22 68
23 33
23 44
23 46
23 85
24 34
24 55
24 59
24 65
25 34
25 59
25 73
26 47
26 67
27 65
27 81
27 82
28 41
28 72
29 31
29 43
29 61
29 79
29 83
30 40
30 58
30 75
31 65
31 82
31 86
32 33
32 42
32 47
32 51
33 83
33 87
34 76
34 79
35 65
35 70
35 81
36 50
36 66
36 84
37 70
37 78
37 89
38 53
38 87
38 88
39 63
39 76
40 48
40 69
41 46
41 49
41 64
41 73
41 83
42 55
42 62
43 54
43 55
43 62
43 81
44 67
44 74
45 51
45 67
45 70
46 51
46 67
46 77
47 68
47 87
47 88
48 75
48 78
48 89
49 80
50 75
50 78
50 80
50 86
52 55
53 80
54 66
55 61
55 71
55 79
56 66
56 82
56 84
58 74
58 75
58 84
59 72
60 65
60 70
60 78
60 86
61 66
61 72
64 75
67 82
68 76
69 89
73 76
75 84
77 85
79 82
