70 136
2 5 8 2 4 1 12 15 13 2 9 10 11 1 2 9 13 6 0 7 0 8 5 8 5 14 10 4 15 11 8 4 14 3 14 13 11 12 6 8 7 3 2 13 2 1 10 12 5 12 15 4 1 12 13 15 2 14 12 10 10 14 3 12 7 8 0 10 10 10 
0 36
0 38
0 41
0 69
1 25
1 38
1 45
1 63
2 3
2 33
2 38
2 43
2 44
2 63
3 5
3 51
3 61
3 63
4 6
4 11
4 23
4 39
5 6
5 52
5 69
6 32
6 44
6 52
7 21
7 22
7 28
7 40
8 20
8 29
8 46
8 50
8 51
8 52
9 15
9 25
9 32
9 50
9 61
9 64
9 68
10 13
12 38
12 57
13 31
13 39
14 31
14 60
14 63
15 57
16 25
16 31
16 55
16 57
16 62
17 31
17 41
18 23
18 27
18 44
18 52
19 25
20 39
21 25
21 31
21 33
21 49
21 62
22 33
22 65
23 25
23 50
23 62
24 33
24 38
24 49
24 62
24 65
25 30
25 59
26 34
26 50
27 56
27 60
27 66
27 69
29 39
29 47
29 68
30 61
31 48
31 52
32 36
33 36
33 47
33 69
34 47
34 62
35 36
36 37
36 66
38 45
39 43
39 47
39 48
40 44
40 69
41 43
41 45
41 49
41 50
41 53
41 62
41 63
42 45
43 55
44 69
45 54
45 58
45 66
46 51
47 57
48 67
49 64
50 55
50 58
54 61
54 66
56 68
57 65
58 67
63 68
