70 122
15 6 4 0 14 8 5 7 11 1 1 3 15 10 13 2 13 9 4 7 14 0 1 4 7 1 15 5 3 0 8 8 14 8 15 12 8 15 8 8 15 2 12 11 0 15 2 7 12 8 15 11 5 11 3 8 13 8 9 6 6 5 8 8 10 14 12 15 4 4 
0 24
0 25
0 47
1 8
1 39
1 49
1 54
2 20
2 35
2 38
2 66
3 23
3 36
3 56
4 16
4 61
5 25
5 34
5 44
5 47
5 67
6 9
6 20
6 21
6 46
6 50
6 66
7 24
7 28
7 57
8 37
8 52
8 53
9 16
9 19
9 28
9 29
10 42
11 26
11 27
11 32
11 38
11 49
11 61
11 65
11 66
12 36
12 42
12 47
13 16
13 29
14 35
15 22
15 52
15 53
15 58
16 20
16 46
16 55
16 62
16 68
17 34
17 37
18 56
18 67
18 69
19 41
20 40
20 55
21 23
21 28
21 31
21 37
21 48
21 53
22 54
22 61
22 64
23 57
23 65
24 49
24 68
26 54
27 69
28 34
28 36
28 42
28 44
29 34
29 64
30 67
31 69
33 34
33 49
35 42
36 57
37 49
37 66
38 60
39 52
39 56
40 63
41 45
41 46
42 51
42 61
43 53
43 64
44 53
44 58
45 46
45 50
46 61
47 63
50 63
50 64
52 54
53 56
53 59
55 56
55 62
58 67
