70 122
4 2 9 8 13 15 5 10 5 14 5 13 12 12 7 3 13 4 5 8 3 4 2 13 13 12 2 11 9 15 11 3 0 12 8 6 12 11 11 0 13 12 15 2 0 7 12 11 6 1 7 0 15 3 14 10 4 7 7 14 0 10 8 10 15 8 11 2 8 7 
0 9
0 58
0 60
0 64
0 66
1 17
1 19
1 40
1 46
2 5
2 28
2 32
2 43
2 47
2 58
3 14
3 15
3 21
3 31
3 50
4 31
5 65
6 60
7 36
7 42
8 12
8 22
8 39
8 49
8 59
8 63
9 17
9 51
10 34
10 38
10 43
11 37
11 56
12 15
12 21
12 31
12 51
12 52
13 44
14 40
14 56
15 26
15 62
16 59
17 61
17 67
18 39
18 40
20 22
20 53
21 48
21 59
22 58
23 49
23 59
23 61
24 30
24 52
24 54
24 61
25 49
25 57
25 58
27 64
28 54
29 60
30 33
30 34
30 66
31 34
31 53
32 37
32 42
32 53
32 56
32 57
32 65
33 37
33 39
33 55
34 35
35 38
35 47
35 62
36 38
36 40
37 38
37 39
37 43
37 51
38 52
38 60
39 41
39 52
39 53
41 42
42 54
42 57
44 47
44 49
44 57
44 61
44 64
45 60
47 50
47 60
49 53
50 61
51 55
52 62
52 69
53 54
53 55
53 64
54 68
64 65
64 68
