40 267
5 1 2 6 6 6 0 1 4 0 1 3 4 2 1 5 0 2 1 7 5 3 0 4 3 7 1 4 5 1 1 0 2 4 4 4 0 3 7 0 
0 2
0 5
0 8
0 9
0 11
0 12
0 13
0 20
0 23
0 29
0 33
0 38
1 2
1 3
1 4
1 6
1 8
1 9
1 14
1 15
1 16
1 20
1 21
1 27
1 32
1 34
2 5
2 7
2 13
2 14
2 20
2 21
2 22
2 24
2 29
2 31
2 35
2 39
3 5
3 7
3 9
3 15
3 16
3 20
3 24
3 26
3 27
3 29
3 31
3 35
3 37
4 5
4 6
4 8
4 10
4 11
4 12
4 17
4 18
4 23
4 26
4 27
4 28
4 30
4 32
4 36
4 37
4 38
5 7
5 9
5 10
5 14
5 15
5 16
5 19
5 25
5 26
5 28
5 30
5 32
5 33
5 34
6 9
6 10
6 11
6 12
6 14
6 20
6 26
6 27
6 28
6 34
7 9
7 10
7 11
7 13
7 16
7 22
7 25
7 27
7 33
7 34
7 38
8 9
8 10
8 13
8 14
8 18
8 28
8 32
8 37
8 39
9 10
9 11
9 15
9 21
9 22
9 25
9 29
9 34
9 35
9 37
10 13
10 14
10 15
10 16
10 19
10 20
10 22
10 24
10 27
10 29
10 32
10 37
10 38
11 23
11 26
11 30
11 34
11 36
12 14
12 30
12 33
12 36
13 19
13 24
13 31
13 33
13 34
14 15
14 16
14 17
14 18
14 21
14 32
14 33
14 37
14 39
15 18
15 19
15 28
15 29
15 35
16 17
16 18
16 19
16 25
16 26
16 27
16 29
16 33
16 34
16 37
17 20
17 22
17 25
17 29
17 30
17 31
17 34
17 35
17 39
18 33
18 35
18 36
18 38
19 21
19 22
19 25
19 31
19 35
20 22
20 25
20 28
20 31
20 32
20 34
20 36
20 37
21 23
21 30
21 32
21 39
22 24
22 26
22 27
22 28
22 29
22 31
22 32
22 33
22 39
23 24
23 25
23 26
23 29
23 31
23 35
23 36
23 37
24 25
24 29
24 30
24 33
24 34
24 35
24 36
25 28
25 31
25 32
25 34
25 37
25 38
26 27
26 28
26 29
26 30
26 32
26 33
26 34
26 37
26 38
26 39
27 29
27 31
27 32
28 30
28 36
28 37
28 38
29 31
29 38
30 31
30 33
30 34
30 38
31 32
31 35
31 38
31 39
32 35
32 37
33 35
34 35
34 37
35 38
37 38
