50 102
5 6 2 6 2 1 0 7 4 0 2 3 6 7 3 1 1 7 4 2 3 2 1 1 6 2 1 6 6 3 3 6 5 2 6 6 1 5 0 3 4 1 7 2 6 7 7 2 7 1 
0 15
0 16
0 28
0 32
1 11
1 20
1 22
1 24
1 26
1 27
1 35
1 38
2 15
2 17
2 32
2 42
2 45
2 46
2 47
3 23
4 21
4 24
4 30
4 42
4 43
5 22
5 23
5 30
6 7
6 14
6 34
7 26
7 42
8 22
8 27
8 28
8 38
9 10
9 26
10 24
10 26
11 30
12 14
12 17
12 26
12 29
13 47
14 20
14 25
14 46
15 44
15 47
15 48
16 30
16 31
16 35
16 47
17 36
18 48
19 26
19 29
19 37
19 41
19 42
19 45
21 29
21 48
22 32
22 39
22 49
23 36
23 37
24 31
24 32
24 36
26 48
27 32
27 33
27 44
29 36
29 49
30 44
31 42
31 48
32 36
32 43
33 34
33 40
33 43
34 42
34 48
35 40
35 47
36 39
36 46
37 43
42 43
42 48
43 46
45 48
46 48
47 49
