90 764
4 5 15 7 0 7 12 2 5 0 4 0 3 9 13 9 2 0 13 11 9 6 3 6 9 15 9 12 6 8 5 6 10 4 8 1 14 1 8 12 9 13 14 11 2 0 10 5 4 5 15 4 7 3 15 1 5 0 15 6 0 8 11 7 13 10 5 4 3 7 12 0 8 15 9 4 6 13 2 14 11 5 0 2 1 1 6 6 12 1 
0 2
0 24
0 26
0 27
0 30
0 49
0 54
0 84
1 7
1 17
1 19
1 23
1 33
1 34
1 48
1 50
1 51
1 64
1 65
1 67
1 70
1 73
1 83
2 8
2 18
2 26
2 28
2 30
2 41
2 42
2 46
2 53
2 54
2 71
2 76
2 77
2 89
3 11
3 20
3 27
3 31
3 34
3 36
3 38
3 40
3 42
3 47
3 50
3 51
3 58
3 59
3 65
3 67
3 73
3 75
3 80
4 19
4 25
4 30
4 35
4 42
4 44
4 46
4 51
4 54
4 63
4 69
4 77
4 78
4 80
4 82
4 87
4 89
5 6
5 15
5 16
5 21
5 23
5 25
5 27
5 28
5 47
5 51
5 53
5 67
5 83
5 84
6 13
6 16
6 23
6 35
6 45
6 54
6 56
6 69
6 70
6 79
7 21
7 30
7 35
7 37
7 42
7 43
7 58
7 59
7 64
7 66
7 69
7 77
7 79
7 81
7 82
7 84
7 86
7 89
8 11
8 20
8 22
8 23
8 24
8 28
8 29
8 30
8 32
8 34
8 38
8 69
8 74
8 78
8 79
8 81
9 23
9 41
9 43
9 46
9 47
9 48
9 50
9 52
9 53
9 57
9 71
9 75
9 78
9 82
9 88
10 16
10 22
10 31
10 38
10 41
10 56
10 58
10 61
10 71
10 73
10 77
10 89
11 12
11 14
11 19
11 21
11 32
11 49
11 50
11 51
11 52
11 69
11 70
11 77
11 80
11 87
11 88
12 13
12 14
12 17
12 23
12 26
12 27
12 31
12 32
12 36
12 49
12 61
12 62
12 69
12 74
12 86
13 17
13 19
13 21
13 28
13 40
13 46
13 47
13 48
13 50
13 58
13 60
13 69
13 76
13 84
13 87
14 16
14 29
14 33
14 43
14 48
14 50
14 51
14 52
14 56
14 59
14 66
14 71
14 73
14 74
14 84
14 85
14 89
15 25
15 36
15 52
15 59
15 60
15 61
15 62
15 63
15 73
15 83
15 84
16 18
16 19
16 26
16 29
16 30
16 34
16 41
16 43
16 44
16 46
16 54
16 55
16 60
16 71
16 82
16 88
17 22
17 26
17 29
17 33
17 40
17 52
17 53
17 54
17 59
17 62
17 68
17 74
17 82
17 84
17 85
18 20
18 23
18 28
18 41
18 44
18 51
18 53
18 54
18 60
18 67
18 69
18 71
18 81
18 83
19 26
19 35
19 39
19 47
19 51
19 60
19 75
19 83
20 25
20 26
20 29
20 41
20 42
20 47
20 54
20 61
20 64
20 71
20 79
20 82
21 24
21 30
21 32
21 39
21 53
21 55
21 63
21 75
21 77
21 80
21 84
21 88
21 89
22 23
22 28
22 36
22 37
22 42
22 45
22 46
22 47
22 49
22 54
22 55
22 60
22 61
22 76
22 78
22 79
22 82
22 83
22 86
23 29
23 39
23 46
23 48
23 50
23 59
23 62
23 63
23 72
23 82
23 86
24 28
24 44
24 45
24 58
24 61
24 63
24 66
24 67
24 71
24 74
24 88
25 32
25 41
25 45
25 51
25 60
25 61
25 65
25 78
25 81
25 85
25 86
25 87
26 39
26 56
26 61
26 63
26 79
26 87
27 30
27 42
27 61
27 70
27 73
27 75
27 78
27 80
27 85
27 86
27 87
27 88
28 37
28 44
28 49
28 50
28 55
28 57
28 59
28 61
28 62
28 69
28 74
28 75
28 79
28 84
29 38
29 42
29 43
29 48
29 60
29 65
29 67
29 81
30 31
30 32
30 35
30 38
30 64
30 67
30 68
30 73
30 76
31 37
31 40
31 47
31 49
31 56
31 59
31 67
31 71
31 72
31 80
31 82
31 89
32 33
32 40
32 42
32 45
32 47
32 49
32 50
32 53
32 54
32 58
32 59
32 66
32 74
32 79
32 86
32 87
33 39
33 63
33 67
33 70
33 73
33 76
33 77
33 79
33 80
33 84
34 39
34 45
34 46
34 48
34 49
34 61
34 69
34 74
35 37
35 46
35 47
35 49
35 51
35 53
35 62
35 64
35 65
35 68
35 73
35 86
36 39
36 40
36 44
36 45
36 50
36 51
36 60
36 61
36 64
36 75
36 82
36 83
36 85
37 38
37 55
37 60
37 62
37 66
37 75
37 77
37 79
37 82
37 84
38 41
38 48
38 50
38 62
38 70
38 81
39 41
39 42
39 43
39 44
39 45
39 47
39 49
39 50
39 58
39 59
39 60
39 63
39 69
39 76
39 78
39 81
40 62
40 65
40 66
40 71
40 75
40 77
40 80
40 87
41 43
41 48
41 51
41 57
41 58
41 64
41 75
42 54
42 61
42 77
42 86
42 87
42 88
43 45
43 46
43 53
43 55
43 67
43 68
43 80
43 88
44 48
44 51
44 52
44 57
44 59
44 60
44 68
44 69
44 77
44 78
44 84
45 49
45 60
45 63
45 69
45 70
45 71
45 72
45 76
45 84
45 85
45 87
46 62
46 73
46 76
46 79
46 82
46 87
47 50
47 51
47 55
47 61
47 65
47 72
47 75
47 84
47 88
48 49
48 56
48 62
48 71
48 73
48 74
48 79
48 85
48 87
48 89
49 51
49 65
49 71
49 85
49 86
49 87
49 89
50 52
50 58
50 64
50 65
50 67
50 68
50 70
50 73
50 74
50 76
50 78
50 81
50 88
51 54
51 63
51 64
51 66
51 69
51 72
51 75
51 80
51 86
52 53
52 56
52 61
52 71
52 73
52 86
53 58
53 60
53 62
53 71
53 72
54 56
54 58
54 60
54 63
54 65
54 69
54 76
54 77
54 78
54 80
54 87
54 89
55 58
55 59
55 67
55 70
55 72
55 73
55 75
55 80
55 85
55 86
56 66
56 69
56 73
56 78
56 81
56 83
56 87
57 68
57 70
57 74
57 76
57 84
58 59
58 61
58 69
58 72
58 77
58 78
59 60
59 65
59 77
59 84
59 85
59 86
59 89
60 62
60 64
60 69
60 84
60 86
60 87
61 74
61 81
61 82
61 85
61 86
62 71
62 75
62 80
62 81
63 68
63 69
63 77
64 65
64 70
64 76
64 81
64 83
64 88
65 67
65 80
65 89
66 72
66 80
66 82
66 84
66 85
66 88
66 89
67 68
67 70
68 73
68 75
68 76
69 70
69 75
69 80
69 87
70 71
70 74
70 75
70 77
70 79
70 87
71 72
71 78
71 80
71 83
71 86
71 89
72 78
72 79
72 85
72 89
73 75
73 83
74 82
75 88
76 87
77 82
77 84
77 88
77 89
78 84
78 85
79 82
79 87
80 82
80 83
80 84
80 86
81 83
81 84
81 86
81 89
82 84
84 85
84 88
85 87
86 87
86 89
88 89
