35 105
0 4 2 2 1 7 4 1 2 4 7 3 4 7 2 3 0 3 3 1 6 2 2 5 3 6 4 2 7 3 0 6 0 4 4 
0 6
0 9
0 11
0 21
0 25
0 26
0 27
1 7
2 4
2 6
2 10
2 17
2 18
3 10
3 14
3 24
3 27
4 10
4 13
4 15
4 17
4 25
5 12
5 14
5 23
6 8
6 26
6 28
7 13
7 14
7 24
7 26
7 28
7 30
7 31
8 9
8 18
8 22
8 23
8 25
8 34
9 12
9 19
9 21
9 33
10 16
10 24
11 16
11 22
12 13
12 30
13 14
13 24
13 26
13 31
13 33
14 17
14 18
14 24
14 27
14 29
14 30
15 17
15 20
15 21
15 27
15 28
15 33
16 28
17 26
17 29
17 30
17 31
17 33
17 34
18 25
18 27
18 30
18 32
19 22
19 28
19 30
20 27
21 27
21 33
22 28
23 24
23 25
23 27
23 30
23 31
24 29
24 30
24 31
25 29
25 30
26 29
26 31
26 33
27 32
28 33
29 30
29 33
30 33
31 33
