35 102
3 3 1 1 0 6 5 5 7 4 2 4 2 4 1 0 5 3 0 6 7 2 2 5 6 1 3 4 7 4 0 4 3 0 7 
0 1
0 4
0 13
0 24
0 27
0 33
1 17
1 23
1 24
1 26
1 33
1 34
2 5
2 8
2 9
2 17
2 18
2 21
2 31
2 33
3 16
3 23
3 28
4 13
4 28
5 8
5 11
5 13
5 15
5 17
5 25
5 26
5 31
6 18
6 24
6 27
7 18
7 20
8 11
8 12
8 17
8 21
8 29
8 31
9 20
9 21
10 16
10 18
10 19
10 20
10 25
10 28
10 30
10 34
11 18
11 24
11 26
11 31
11 32
12 19
12 22
13 23
13 32
14 15
14 16
14 27
15 16
15 23
15 29
15 34
16 19
16 20
16 27
17 18
17 21
17 29
17 32
17 33
17 34
18 21
18 23
18 26
18 32
18 34
19 30
20 22
21 24
21 26
21 28
21 30
21 32
22 23
23 26
24 29
26 31
26 32
27 29
28 31
29 32
29 34
30 33
31 32
