50 219
6 0 3 2 2 6 6 6 6 2 3 5 5 7 2 4 0 6 0 0 0 4 2 2 0 4 0 2 4 7 4 6 5 0 0 6 3 5 1 3 6 5 1 0 1 3 2 6 7 4 
0 8
0 12
0 16
0 22
0 31
0 33
0 35
1 3
1 10
1 11
1 22
1 27
1 28
1 29
1 38
1 40
2 9
2 20
2 35
2 36
3 7
3 14
3 16
3 18
3 21
3 25
3 45
3 46
3 48
3 49
4 9
4 28
4 30
4 32
4 44
5 6
5 10
5 15
5 26
5 34
5 35
5 38
5 42
5 44
5 47
6 10
6 19
6 22
6 28
6 34
6 37
6 38
6 42
6 44
6 47
7 12
7 16
7 17
8 9
8 11
8 20
8 24
8 27
8 29
8 30
8 39
8 40
9 19
9 20
9 23
9 24
9 29
9 35
9 39
9 43
9 47
10 14
10 22
10 28
10 34
10 37
10 38
10 42
11 18
11 20
11 22
11 27
11 28
11 29
11 32
11 36
11 40
12 20
12 24
12 34
12 37
12 41
12 44
12 47
13 22
13 29
13 31
13 32
13 43
13 44
14 19
14 23
14 31
14 35
14 39
14 45
14 46
14 48
15 18
15 20
15 25
15 26
15 30
15 42
15 47
15 49
16 33
16 48
17 33
17 35
17 44
18 21
18 25
18 30
18 45
18 46
18 49
19 23
19 32
19 35
19 39
19 43
19 45
19 46
19 48
20 24
20 29
20 31
20 32
20 35
20 39
20 40
21 25
21 27
21 30
21 31
21 45
21 46
21 48
21 49
22 27
22 28
22 36
22 38
22 40
22 46
23 24
23 34
23 35
23 39
23 45
23 48
24 26
24 29
24 35
24 39
24 40
24 43
25 26
25 30
25 40
25 46
25 49
26 30
26 34
26 42
26 47
26 49
27 28
27 29
27 36
27 38
27 40
27 43
28 34
28 38
28 45
29 40
29 49
30 42
30 47
30 49
31 49
33 45
33 48
33 49
34 38
34 42
34 47
35 39
35 48
37 43
38 48
39 42
40 41
40 43
41 43
41 49
42 47
44 46
45 46
45 48
46 48
47 49
