50 83
2 5 1 6 3 7 1 7 6 2 4 6 4 6 1 0 6 2 0 6 6 2 6 7 3 7 0 5 2 2 0 6 6 7 5 2 6 5 5 0 4 0 1 3 1 1 0 6 2 5 
0 10
0 13
0 14
0 21
1 11
1 28
2 4
2 6
2 11
2 42
3 18
3 19
3 42
3 44
5 13
6 16
6 18
6 20
6 46
6 47
7 38
7 41
8 27
8 38
8 43
9 35
9 37
10 12
10 17
10 26
10 37
11 20
11 34
11 47
12 21
12 33
12 35
13 28
14 32
14 36
14 40
14 49
15 38
16 17
16 32
16 36
17 26
17 27
17 43
17 46
18 34
18 36
19 33
19 45
21 43
21 44
22 23
22 39
23 38
24 45
24 47
25 30
25 46
25 47
27 32
27 38
28 43
28 47
29 42
31 37
33 36
33 48
34 37
34 44
34 47
35 38
36 42
37 48
38 39
38 41
39 45
40 42
41 46
