60 113
6 0 10 2 5 12 0 15 3 3 14 13 6 6 1 13 9 5 12 10 9 0 2 1 15 8 6 4 8 4 3 3 12 11 6 10 10 1 4 1 15 15 12 6 7 11 9 13 3 8 15 11 14 8 15 5 14 14 11 14 
0 26
0 28
0 35
0 43
1 31
1 54
1 55
2 32
2 38
2 56
2 58
3 13
4 11
4 16
4 31
5 36
5 57
6 43
7 21
7 47
7 48
7 56
8 13
8 33
9 11
9 17
9 41
9 49
9 58
10 42
11 55
12 18
12 19
12 20
12 23
12 25
12 45
12 49
12 55
13 21
13 41
13 47
13 56
14 22
14 33
15 23
15 51
16 26
16 28
16 58
17 44
17 51
18 21
19 31
19 54
20 32
20 36
20 39
20 58
21 28
21 38
21 51
21 56
21 57
22 51
23 38
23 58
24 29
24 38
24 47
24 48
24 56
25 27
25 28
26 39
26 59
27 46
28 46
29 36
29 37
30 34
30 36
31 42
31 52
32 43
32 55
32 56
33 59
34 40
34 47
35 48
35 53
37 41
38 43
38 45
38 55
38 56
39 41
39 43
39 44
40 46
42 51
42 53
45 51
46 58
47 53
47 59
48 51
48 56
50 56
51 56
52 59
55 56
