60 267
15 3 2 13 0 10 10 9 0 8 1 10 7 9 12 4 4 7 13 1 1 7 11 14 15 6 7 6 7 9 4 13 10 0 0 13 7 15 11 2 6 1 11 7 15 10 8 15 5 4 10 12 14 9 14 0 0 15 15 8 
0 2
0 7
0 8
0 9
0 13
0 17
0 37
0 46
1 4
1 10
1 11
1 22
1 23
1 41
1 43
1 44
1 51
1 57
1 58
2 9
2 18
2 29
2 30
2 38
2 50
2 52
2 55
3 6
3 8
3 17
3 33
4 9
4 12
4 24
4 31
4 37
4 40
4 44
4 56
5 22
5 38
5 39
5 40
5 54
6 8
6 19
6 20
6 30
6 56
6 59
7 12
7 15
7 25
7 41
7 46
9 35
9 38
9 49
9 51
9 59
10 15
10 16
10 21
10 35
10 43
10 44
10 51
10 57
11 12
11 13
11 21
11 25
11 26
11 29
11 34
11 52
11 55
11 59
12 22
12 29
12 31
12 34
12 36
12 37
12 45
12 52
12 53
12 59
13 21
13 24
13 29
13 32
13 34
13 47
13 51
13 55
13 59
14 18
14 22
14 24
14 26
14 40
14 41
14 44
14 46
14 48
14 53
14 58
15 16
15 24
15 26
15 35
15 36
15 45
15 51
15 53
15 54
15 57
16 31
16 35
16 36
16 43
16 45
16 47
16 51
16 57
17 26
17 31
17 33
17 34
17 54
17 58
18 21
18 24
18 35
18 40
18 41
18 47
18 48
18 55
19 28
19 39
19 41
19 42
19 44
19 49
19 51
19 53
20 39
20 41
20 49
20 51
20 52
20 53
21 24
21 26
21 29
21 47
21 55
21 59
22 23
22 40
22 41
22 43
22 44
22 48
22 58
23 32
23 40
23 46
23 54
24 40
24 47
24 48
24 50
24 55
25 39
25 46
25 54
26 33
26 54
27 29
27 33
27 40
27 43
27 45
27 49
28 36
28 44
28 46
28 47
28 50
28 53
29 34
29 44
29 50
29 52
29 53
29 59
30 31
30 42
30 46
31 32
31 39
31 44
31 47
32 38
32 39
32 53
32 55
33 39
33 40
33 46
34 45
34 50
34 52
34 53
34 58
34 59
35 36
35 45
35 52
35 53
35 57
36 40
36 45
36 52
36 53
36 56
36 57
37 45
38 42
38 54
38 58
40 41
40 47
40 48
40 55
41 44
41 48
41 52
41 58
42 59
43 44
43 51
43 57
43 58
43 59
44 50
44 51
44 58
45 48
45 52
45 53
46 54
46 59
47 48
47 55
47 59
48 58
50 51
51 57
51 58
52 53
54 55
55 57
55 59
