50 85
2 2 1 2 1 5 4 5 6 4 3 2 4 2 1 7 2 1 5 5 0 2 1 1 3 7 5 7 6 6 3 4 2 5 1 0 2 7 7 4 6 1 6 2 0 1 3 6 4 5 
0 12
0 13
0 29
0 35
1 4
1 7
1 8
1 49
2 8
2 25
2 44
3 12
3 13
3 19
4 18
4 29
4 35
5 24
5 27
5 32
6 9
6 17
6 36
6 37
7 23
7 38
8 23
8 29
9 12
9 24
9 35
10 26
10 36
10 39
10 41
11 30
11 38
11 47
12 16
13 25
14 15
14 32
14 45
15 26
15 46
16 19
16 24
16 27
17 24
17 32
17 45
18 22
18 37
18 49
19 21
19 42
20 22
20 28
20 41
20 48
22 34
22 47
23 44
25 29
26 43
26 45
27 42
28 30
28 40
28 47
30 33
31 39
31 41
31 48
33 40
34 36
34 37
34 41
35 37
36 45
38 49
39 43
40 48
43 46
47 49
