60 136
1 11 8 12 15 3 1 6 15 14 3 10 15 13 4 9 5 11 12 15 15 8 6 11 9 12 4 1 15 5 3 1 11 13 8 11 12 14 0 6 9 6 6 15 13 1 9 4 9 11 3 5 14 14 13 12 9 1 2 13 
0 1
0 2
0 11
1 2
1 27
1 43
1 46
1 57
1 59
2 7
2 12
2 13
2 24
3 5
3 17
3 24
3 59
4 48
4 55
5 6
5 8
5 15
5 19
5 34
5 49
5 50
5 51
5 59
6 8
6 13
6 32
6 45
6 56
7 13
7 25
7 33
7 56
8 10
8 14
8 27
8 48
9 15
9 30
9 44
9 50
9 52
9 57
10 16
10 21
10 35
10 39
10 51
11 30
12 34
12 40
12 59
13 15
13 24
13 36
13 50
14 19
14 34
15 21
15 28
15 33
15 47
16 45
16 49
16 53
17 24
17 29
17 43
17 49
18 39
18 55
18 56
19 48
19 56
20 41
20 43
20 45
20 46
20 47
20 55
21 25
21 26
21 57
22 37
22 46
22 49
23 39
23 53
24 32
25 32
25 35
25 45
25 51
25 56
25 57
26 49
27 40
27 59
28 49
29 49
30 37
30 55
31 35
32 48
32 53
33 42
33 57
34 38
35 51
36 37
36 40
36 46
37 39
37 51
37 52
37 56
37 57
38 50
38 58
39 44
41 42
41 47
42 44
42 55
44 54
44 55
45 46
45 49
47 53
47 55
48 50
51 58
