70 234
0 5 12 7 5 5 8 3 2 0 6 10 3 15 14 1 11 8 7 4 12 0 8 14 10 8 7 12 4 7 4 12 6 7 9 6 11 14 8 6 1 6 8 8 0 11 9 14 0 11 5 13 11 0 9 14 11 2 13 4 12 0 9 4 7 9 0 4 13 4 
0 5
0 29
0 40
0 63
0 68
1 9
1 13
1 33
1 34
1 39
1 52
1 56
1 64
1 66
2 26
2 40
2 54
2 62
3 6
3 19
3 20
3 23
3 24
3 28
3 32
3 47
3 55
3 62
3 67
4 24
4 26
4 37
5 15
5 22
5 44
5 46
5 54
5 61
5 67
6 12
6 20
6 34
6 36
6 38
6 39
6 40
6 41
6 42
6 51
6 53
6 69
7 19
7 35
7 55
7 59
7 65
7 67
8 12
8 26
8 32
8 39
9 13
9 17
9 21
9 32
9 43
9 54
10 48
10 51
10 61
10 62
10 68
10 69
11 30
11 51
11 69
12 65
13 19
13 22
13 25
13 28
13 30
13 54
13 57
13 63
13 65
13 69
14 29
14 30
14 48
15 24
15 45
16 23
16 51
16 52
16 55
17 36
17 63
18 34
18 41
18 42
18 59
19 33
19 35
19 44
19 47
19 48
19 55
19 63
19 67
20 28
20 36
20 42
20 61
20 65
21 27
21 53
21 63
22 23
22 24
22 69
23 25
23 26
23 27
23 40
23 69
24 27
24 39
24 62
25 39
25 48
25 52
25 57
25 60
26 32
26 39
26 40
26 41
26 44
26 47
26 49
26 67
27 28
27 64
27 65
27 68
28 46
28 59
28 62
29 42
29 46
29 57
30 33
30 44
30 47
30 66
31 61
32 62
32 68
33 34
33 40
33 41
33 44
33 46
34 47
34 54
34 58
34 63
35 42
35 49
36 47
36 69
37 40
37 50
37 56
37 59
38 58
38 62
39 56
39 61
40 45
40 50
40 52
41 53
42 43
42 55
42 63
42 69
43 44
43 51
43 62
43 66
43 68
44 48
44 49
44 53
44 54
44 55
44 67
45 48
45 58
46 55
46 57
46 67
47 54
48 56
48 58
48 64
48 67
50 58
51 56
51 61
51 64
53 62
53 69
54 60
54 64
54 66
55 64
55 69
56 59
56 68
57 65
57 66
57 68
58 63
58 64
59 68
60 64
60 68
61 68
63 64
63 67
67 69
