35 216
5 0 4 4 7 1 1 7 6 5 7 4 7 6 2 6 6 2 3 3 0 7 1 3 1 1 6 5 5 6 6 7 1 1 5 
0 3
0 5
0 7
0 10
0 14
0 15
0 16
0 19
0 29
1 6
1 13
1 19
1 20
1 21
1 28
1 29
1 30
2 3
2 13
2 15
2 17
2 22
2 23
2 26
2 28
2 29
2 32
2 33
2 34
3 5
3 9
3 12
3 14
3 15
3 17
3 19
3 25
3 26
3 27
3 28
3 32
3 33
3 34
4 6
4 7
4 8
4 11
4 15
4 21
4 31
4 32
4 34
5 7
5 9
5 11
5 15
5 25
5 27
5 32
5 34
6 7
6 11
6 13
6 14
6 15
6 16
6 32
6 34
7 10
7 11
7 12
7 13
7 15
7 22
7 26
7 27
7 28
7 29
7 32
8 9
8 11
8 13
8 15
8 16
8 17
8 20
8 21
8 23
8 28
8 29
8 30
8 33
9 11
9 13
9 14
9 16
9 22
9 24
9 27
9 29
9 30
9 33
10 19
10 23
10 24
10 25
10 27
10 29
11 13
11 20
11 22
11 26
11 29
11 30
11 34
12 14
12 15
12 19
12 20
12 21
12 22
12 25
12 27
12 31
12 32
12 34
13 14
13 15
13 16
13 23
13 27
13 31
13 32
13 33
14 17
14 20
14 23
14 24
14 26
14 27
14 30
14 31
15 16
15 19
15 21
15 28
15 29
15 31
15 32
16 17
16 20
16 22
16 23
16 25
17 18
17 19
17 21
17 24
17 28
17 29
17 32
18 20
18 21
18 22
18 25
18 27
19 21
19 24
19 25
19 26
19 28
19 32
20 23
20 27
20 29
20 30
20 31
20 34
21 25
21 26
21 29
21 30
22 24
22 26
22 27
22 28
22 32
23 24
23 26
23 27
23 28
23 29
23 33
24 25
24 28
24 29
24 31
24 33
25 27
26 29
26 32
26 33
26 34
27 29
28 30
28 34
29 31
29 32
29 33
29 34
30 34
31 32
31 33
31 34
32 33
33 34
