60 269
14 7 15 13 12 9 2 3 12 9 1 7 6 0 13 15 12 9 15 11 5 3 2 10 14 10 2 11 11 3 6 5 2 14 14 5 4 10 10 2 11 13 6 2 14 4 13 9 14 6 5 14 9 8 12 10 2 0 8 8 
0 1
0 2
0 12
0 14
0 34
0 44
0 47
0 49
0 54
1 15
1 16
1 23
1 25
1 31
1 50
1 51
1 58
2 12
2 15
2 36
2 43
2 44
2 45
2 47
2 49
3 5
3 24
3 30
3 33
3 36
3 40
3 41
3 45
3 52
4 15
4 17
4 20
4 23
4 38
4 39
4 40
4 45
4 51
4 59
5 13
5 24
5 30
5 32
5 33
5 41
5 42
5 46
6 18
6 19
6 22
6 31
6 35
6 46
6 48
6 50
6 58
7 8
7 9
7 14
7 18
7 22
7 26
7 53
7 56
7 57
8 14
8 18
8 26
8 27
8 35
8 53
8 54
8 56
8 57
9 10
9 13
9 26
9 29
9 42
9 55
9 56
9 57
10 28
10 29
10 30
10 38
10 39
10 40
10 42
10 55
10 59
11 20
11 21
11 27
11 34
11 41
12 14
12 25
12 34
12 37
12 44
12 49
12 53
12 54
13 22
13 24
13 30
13 32
13 33
13 46
13 48
14 18
14 34
14 53
14 54
14 58
15 16
15 17
15 23
15 25
15 51
15 59
16 17
16 23
16 25
16 31
16 49
16 50
16 51
17 23
17 38
17 39
17 43
17 51
17 59
18 28
18 34
18 53
18 54
18 56
18 57
19 22
19 25
19 31
19 35
19 48
19 50
19 53
19 58
20 42
20 49
21 42
21 45
21 46
21 53
22 32
22 35
22 46
22 48
22 58
23 25
23 28
23 44
23 50
23 51
24 30
24 32
24 33
24 37
24 46
24 48
24 55
25 31
25 50
25 58
26 29
26 32
26 42
26 55
26 56
26 57
27 51
28 54
28 59
29 33
29 38
29 39
29 40
29 42
29 55
30 33
30 36
30 37
30 41
30 52
31 35
31 50
31 54
31 58
32 33
32 35
32 46
32 48
33 41
33 52
34 44
34 49
34 50
34 53
34 54
35 46
35 48
35 58
36 41
36 43
36 45
36 47
36 52
36 59
37 38
37 40
37 52
37 57
38 39
38 40
38 41
38 42
38 59
39 40
39 51
39 52
39 59
40 42
40 55
40 59
41 43
41 45
41 52
42 55
42 57
43 44
43 45
43 47
43 49
43 52
44 45
44 47
44 49
45 47
45 52
46 48
46 57
47 49
47 51
47 52
48 56
49 54
50 58
51 59
53 54
53 56
55 56
55 57
56 57
