70 848
0 5 9 0 0 2 13 15 7 13 4 5 14 3 13 12 7 0 7 9 3 6 15 6 12 6 12 5 9 14 6 13 15 1 4 8 12 12 7 10 2 14 0 7 2 15 7 11 12 2 10 8 2 0 4 0 10 10 0 5 1 13 6 14 9 1 14 4 10 3 
0 1
0 7
0 14
0 16
0 20
0 26
0 27
0 32
0 36
0 40
0 43
0 45
0 46
0 54
0 55
0 67
1 3
1 7
1 9
1 10
1 11
1 12
1 14
1 15
1 16
1 21
1 22
1 23
1 24
1 25
1 26
1 35
1 37
1 39
1 40
1 42
1 45
1 49
1 50
1 56
1 58
1 59
1 60
1 66
1 67
2 13
2 14
2 15
2 16
2 21
2 22
2 23
2 24
2 26
2 27
2 28
2 32
2 36
2 37
2 39
2 40
2 47
2 51
2 53
2 55
2 62
2 64
2 65
2 66
2 67
2 68
3 5
3 6
3 7
3 11
3 14
3 16
3 17
3 18
3 22
3 28
3 36
3 39
3 41
3 42
3 43
3 48
3 51
3 53
3 56
3 59
3 69
4 5
4 7
4 11
4 15
4 17
4 19
4 22
4 27
4 33
4 34
4 36
4 38
4 58
4 60
4 65
4 66
5 7
5 8
5 10
5 16
5 21
5 23
5 25
5 26
5 30
5 31
5 37
5 38
5 43
5 45
5 46
5 48
5 49
5 51
5 54
5 55
5 58
5 60
5 65
5 66
5 67
5 68
5 69
6 7
6 8
6 14
6 15
6 20
6 22
6 23
6 30
6 37
6 39
6 43
6 48
6 52
6 53
6 57
6 60
6 61
6 63
6 65
6 66
6 67
7 11
7 12
7 17
7 18
7 20
7 23
7 24
7 25
7 26
7 29
7 33
7 40
7 44
7 46
7 49
7 53
7 56
7 58
7 61
7 63
7 64
7 65
7 68
8 9
8 11
8 12
8 13
8 16
8 18
8 20
8 23
8 24
8 26
8 27
8 28
8 33
8 34
8 38
8 39
8 42
8 43
8 44
8 45
8 51
8 54
8 56
8 57
8 58
8 61
8 66
8 67
9 10
9 11
9 12
9 14
9 16
9 17
9 18
9 20
9 26
9 29
9 30
9 31
9 32
9 34
9 39
9 41
9 42
9 45
9 47
9 49
9 57
9 60
9 61
9 63
9 64
9 67
9 68
9 69
10 11
10 14
10 15
10 16
10 17
10 19
10 22
10 24
10 26
10 29
10 31
10 32
10 33
10 36
10 37
10 39
10 40
10 42
10 43
10 45
10 47
10 48
10 52
10 53
10 60
10 66
11 12
11 18
11 23
11 27
11 36
11 38
11 39
11 43
11 45
11 48
11 49
11 51
11 54
11 55
11 56
11 57
11 59
11 62
11 65
12 14
12 16
12 17
12 20
12 29
12 33
12 41
12 43
12 48
12 50
12 58
12 59
12 60
12 63
12 67
12 68
13 17
13 18
13 22
13 23
13 24
13 27
13 29
13 31
13 32
13 33
13 34
13 39
13 43
13 46
13 49
13 52
13 53
13 63
13 66
13 67
13 68
13 69
14 16
14 17
14 18
14 21
14 22
14 23
14 26
14 27
14 29
14 33
14 39
14 42
14 43
14 45
14 51
14 60
14 61
14 63
14 64
14 67
14 69
15 16
15 19
15 21
15 22
15 23
15 29
15 30
15 33
15 36
15 41
15 42
15 44
15 46
15 49
15 52
15 53
15 57
15 59
15 61
15 64
15 65
15 66
16 25
16 27
16 28
16 29
16 33
16 37
16 39
16 40
16 43
16 44
16 45
16 46
16 48
16 51
16 52
16 53
16 55
16 58
16 59
16 61
16 62
16 63
16 64
16 65
16 69
17 18
17 22
17 23
17 24
17 27
17 33
17 35
17 39
17 40
17 43
17 51
17 52
17 57
17 67
18 24
18 30
18 35
18 36
18 37
18 42
18 43
18 50
18 58
18 64
18 67
18 69
19 20
19 21
19 23
19 28
19 30
19 40
19 41
19 43
19 44
19 48
19 52
19 53
19 56
19 57
19 60
19 61
19 65
19 66
19 68
19 69
20 35
20 39
20 42
20 43
20 69
21 23
21 34
21 40
21 41
21 45
21 55
21 56
21 61
21 67
22 23
22 24
22 33
22 35
22 36
22 39
22 43
22 46
22 48
22 49
22 50
22 51
22 52
22 54
22 59
22 60
22 62
22 68
23 25
23 28
23 29
23 30
23 31
23 32
23 34
23 35
23 38
23 40
23 42
23 43
23 44
23 48
23 49
23 50
23 52
23 54
23 58
23 59
23 60
23 63
23 67
23 69
24 33
24 34
24 35
24 38
24 43
24 45
24 48
24 49
24 52
24 54
24 55
24 57
24 65
24 68
24 69
25 27
25 28
25 31
25 32
25 41
25 46
25 48
25 53
25 58
25 65
25 66
25 68
25 69
26 28
26 33
26 35
26 37
26 41
26 42
26 48
26 52
26 53
26 54
26 56
26 60
26 62
26 63
26 66
26 68
27 28
27 29
27 35
27 38
27 39
27 51
27 52
27 56
27 59
27 61
27 62
27 64
27 67
28 31
28 34
28 37
28 38
28 40
28 42
28 45
28 48
28 54
28 55
28 60
28 61
28 62
28 63
28 65
28 67
28 68
28 69
29 31
29 33
29 34
29 43
29 44
29 51
29 52
29 53
29 57
29 60
29 63
29 64
29 65
29 66
29 69
30 31
30 32
30 38
30 40
30 44
30 49
30 50
30 55
30 58
30 60
30 61
30 64
30 65
30 68
31 38
31 42
31 44
31 45
31 51
31 54
31 57
31 61
31 64
31 65
31 66
32 33
32 35
32 41
32 42
32 43
32 51
32 54
32 56
32 57
33 34
33 35
33 37
33 40
33 43
33 45
33 47
33 48
33 49
33 52
33 54
33 61
33 62
33 65
33 66
33 67
34 35
34 36
34 37
34 42
34 43
34 54
34 58
34 61
34 63
34 64
34 65
34 66
34 68
35 37
35 47
35 49
35 54
35 58
35 60
36 37
36 42
36 49
36 51
36 56
36 58
36 61
36 62
36 64
36 66
37 39
37 41
37 42
37 46
37 48
37 49
37 52
37 53
37 54
37 58
37 59
37 65
37 67
37 69
38 43
38 45
38 58
38 60
38 63
38 65
38 67
38 69
39 42
39 46
39 48
39 49
39 51
39 52
39 53
39 57
39 58
39 61
39 64
39 68
39 69
40 42
40 46
40 52
40 53
40 56
40 57
40 60
40 61
40 62
41 43
41 46
41 48
41 49
41 50
41 54
41 60
41 64
41 69
42 43
42 45
42 49
42 51
42 52
42 53
42 54
42 59
42 61
42 63
42 64
42 66
43 45
43 47
43 48
43 54
43 55
43 58
43 65
43 66
43 67
44 46
44 47
44 59
44 60
44 61
44 62
44 64
44 66
45 47
45 52
45 53
45 54
45 56
45 57
45 58
45 60
45 61
45 65
45 68
45 69
46 49
46 50
46 61
46 63
46 66
46 67
47 49
47 52
47 53
47 55
47 57
47 63
47 64
48 49
48 51
48 54
48 59
48 60
48 61
48 62
49 51
49 55
49 63
49 64
49 65
49 67
49 69
50 51
50 52
50 53
50 57
50 59
50 61
50 62
50 69
51 53
51 55
51 56
51 57
51 60
51 64
51 67
51 69
52 55
52 56
52 57
52 61
52 62
52 64
52 68
52 69
53 57
53 60
53 64
54 56
54 58
54 61
54 62
54 67
54 69
55 57
55 58
55 59
55 60
55 67
56 58
56 61
56 63
56 69
57 61
57 63
58 59
58 62
58 63
58 65
58 66
58 67
58 69
59 60
59 61
59 68
60 61
60 66
60 67
60 69
61 67
62 63
62 65
62 66
62 69
63 67
63 69
64 68
65 66
65 69
66 67
66 68
