90 135
10 9 12 9 3 7 9 10 7 1 6 3 7 10 2 9 12 10 7 12 6 0 4 1 7 1 12 8 0 1 9 1 5 0 13 7 0 12 10 15 1 4 1 7 2 6 0 3 4 6 2 2 13 13 0 6 10 13 13 2 6 7 3 0 8 10 8 8 12 3 8 7 12 5 15 15 14 13 14 3 2 11 0 3 15 15 6 4 11 11 
0 9
0 17
0 82
1 36
1 48
2 13
2 35
2 49
2 62
2 87
3 6
3 50
4 23
4 28
4 38
4 69
5 9
5 19
5 59
5 60
5 82
7 12
8 15
8 16
8 21
8 28
10 60
10 81
11 63
11 65
12 15
12 19
12 27
12 39
12 56
13 32
13 63
14 57
14 65
15 26
15 52
16 54
17 45
18 51
19 27
19 42
19 67
20 30
20 49
20 58
20 62
20 71
22 31
22 54
23 43
23 64
23 77
24 89
25 30
26 48
26 89
27 53
27 59
27 71
27 81
28 51
28 63
28 73
28 77
29 33
29 43
29 61
31 55
32 49
32 53
32 57
33 49
33 86
34 48
34 60
34 85
35 68
35 74
35 83
36 46
36 63
37 57
37 81
38 41
38 43
38 75
39 59
40 44
40 62
40 65
40 68
41 48
41 85
42 86
43 48
44 59
44 60
44 85
45 48
45 67
45 86
47 75
48 54
48 74
49 50
50 55
50 79
50 84
51 70
51 73
53 78
54 76
54 80
54 83
55 89
57 63
57 68
57 77
58 66
60 88
61 72
62 67
67 71
67 81
73 75
75 83
76 86
79 88
83 89
84 89
