100 107
31 23 4 23 14 30 29 12 23 1 19 28 26 30 10 16 15 21 0 10 29 17 18 22 8 1 18 17 19 10 21 9 18 20 19 20 28 20 27 12 20 30 18 27 22 29 14 26 6 26 19 21 21 27 13 27 16 21 26 28 25 14 25 8 21 31 2 21 3 14 15 10 0 25 12 29 5 11 18 22 25 22 10 15 8 8 7 27 7 1 16 3 17 12 28 21 0 13 12 31 
0 77
0 97
1 9
1 23
2 64
2 94
3 23
4 27
5 46
6 49
7 49
7 51
8 30
8 51
8 61
8 71
8 74
8 93
9 12
9 40
9 56
9 59
10 85
11 23
12 39
12 42
12 80
13 74
14 22
14 25
14 83
15 69
15 88
16 60
16 79
16 86
16 89
16 96
17 46
18 57
19 36
20 29
20 55
20 58
20 79
21 29
21 69
22 43
22 75
23 36
24 67
24 71
26 59
27 71
28 56
28 95
29 64
31 36
31 58
32 78
33 97
34 51
34 73
34 78
34 81
34 85
35 64
35 65
36 70
37 45
38 54
38 60
39 51
39 54
41 42
43 45
43 93
44 54
46 71
47 58
48 65
49 84
50 52
50 63
51 53
51 97
52 54
52 81
55 74
57 68
57 85
59 91
60 98
62 96
64 92
65 94
66 70
69 92
69 97
72 84
74 76
74 81
76 82
79 90
81 86
87 98
95 99
