100 268
28 21 17 12 15 17 20 31 30 21 24 3 16 30 30 17 26 16 30 15 28 22 2 3 0 23 10 24 27 14 20 0 13 7 7 4 30 5 8 18 18 18 30 2 7 24 21 19 13 18 26 0 1 14 1 18 7 29 5 29 24 1 2 29 17 16 15 0 11 27 18 16 18 26 3 30 31 28 30 27 8 7 11 17 6 19 23 14 15 11 16 1 2 10 20 19 4 27 31 19 
0 8
0 34
0 39
0 41
0 43
0 58
0 66
0 70
0 90
0 97
1 7
1 22
1 53
1 76
1 84
2 13
2 15
2 34
2 39
2 56
2 88
2 92
3 4
3 17
3 55
3 76
3 79
4 22
4 44
4 45
4 48
4 66
4 72
4 90
5 9
5 15
5 21
5 37
5 58
5 62
5 92
5 97
6 19
6 93
6 94
7 55
7 82
8 23
8 62
9 13
9 58
9 69
9 91
9 95
10 40
10 73
10 76
10 78
10 83
10 90
10 94
11 16
11 26
11 49
11 58
11 75
12 13
12 20
12 32
12 73
13 34
13 39
13 71
13 87
13 90
14 31
14 77
14 90
14 99
15 17
15 18
15 35
16 58
16 65
16 66
17 22
17 32
17 46
17 59
17 66
17 74
17 90
17 98
18 28
18 40
19 36
19 44
20 35
20 53
20 60
20 83
20 96
21 43
22 68
22 83
22 94
24 37
24 52
24 95
25 58
25 72
25 77
25 80
25 86
26 52
26 61
26 72
26 76
26 89
26 96
27 68
27 88
28 30
28 36
28 38
28 48
28 82
29 36
29 45
29 61
29 83
29 89
30 39
30 44
30 56
30 72
30 83
30 89
31 32
31 33
31 57
31 58
31 72
32 45
32 47
32 54
32 70
32 77
33 37
33 53
33 62
33 71
34 60
34 63
35 53
35 57
35 88
36 39
36 45
36 77
36 86
36 90
36 97
37 45
37 64
37 73
37 90
38 73
38 92
39 61
39 66
39 89
40 66
41 70
42 48
42 91
43 51
43 66
44 64
44 98
45 52
45 95
46 52
46 89
47 48
47 53
47 67
47 87
47 98
47 99
48 80
49 52
49 92
50 54
50 85
50 90
51 52
51 67
51 70
51 74
52 91
52 95
52 96
53 89
54 60
54 74
55 71
55 85
56 79
56 89
56 96
57 96
58 65
58 77
58 81
59 62
59 73
59 85
60 85
61 79
61 97
62 68
62 81
62 89
63 83
65 92
66 72
66 91
67 73
67 88
67 98
68 81
68 84
68 91
69 80
69 86
69 89
70 95
71 81
71 89
71 91
72 94
73 80
73 82
73 95
74 75
74 99
75 78
75 91
76 83
76 93
76 98
79 81
79 82
80 92
81 96
82 91
85 89
85 95
87 97
88 91
88 96
88 97
88 98
88 99
89 90
90 93
92 93
