90 758
13 8 1 7 6 6 8 13 7 6 10 0 12 0 11 15 11 12 1 2 13 15 9 12 3 13 0 12 15 0 15 5 14 13 11 6 11 7 6 1 13 14 11 15 8 15 8 15 1 2 1 1 9 0 4 4 14 9 1 4 4 10 13 0 1 4 11 11 6 15 0 13 1 15 6 14 10 12 0 10 1 10 8 11 14 9 4 9 7 12 
0 6
0 18
0 19
0 20
0 21
0 29
0 30
0 46
0 57
0 60
0 84
0 86
0 88
1 15
1 30
1 38
1 47
1 50
1 62
1 69
1 73
1 80
2 7
2 12
2 19
2 26
2 34
2 36
2 38
2 39
2 40
2 51
2 59
2 69
2 72
2 77
3 18
3 19
3 20
3 23
3 29
3 30
3 33
3 35
3 39
3 40
3 48
3 49
3 52
3 63
3 66
3 72
3 74
3 77
3 78
3 83
3 85
3 86
4 11
4 27
4 32
4 44
4 57
4 58
4 60
4 62
4 63
4 66
5 9
5 15
5 18
5 20
5 28
5 33
5 35
5 40
5 45
5 47
5 56
5 57
5 60
5 61
5 63
5 64
5 71
5 78
5 83
6 8
6 17
6 26
6 27
6 34
6 36
6 44
6 45
6 50
6 57
6 65
6 74
6 75
7 8
7 23
7 24
7 27
7 34
7 40
7 49
7 54
7 56
7 58
7 60
7 65
7 67
7 69
7 82
8 17
8 18
8 26
8 28
8 30
8 31
8 46
8 49
8 54
8 60
8 65
8 66
8 75
8 77
8 87
9 15
9 31
9 34
9 51
9 52
9 58
9 62
9 66
9 69
9 80
10 16
10 19
10 20
10 32
10 38
10 39
10 42
10 47
10 48
10 50
10 51
10 61
10 69
10 73
10 81
10 86
10 87
11 13
11 14
11 16
11 17
11 27
11 28
11 30
11 31
11 37
11 39
11 42
11 43
11 46
11 50
11 53
11 67
11 68
11 70
11 79
12 21
12 25
12 26
12 27
12 34
12 38
12 42
12 49
12 60
12 68
12 82
12 83
13 23
13 25
13 30
13 36
13 38
13 46
13 52
13 56
13 57
13 65
13 66
13 76
13 88
14 17
14 25
14 42
14 48
14 49
14 52
14 53
14 59
14 67
14 70
14 73
14 78
14 79
14 85
14 88
14 89
15 24
15 26
15 27
15 34
15 43
15 44
15 55
15 57
15 79
15 80
15 82
15 85
15 87
15 89
16 27
16 30
16 32
16 43
16 48
16 49
16 54
16 57
16 60
16 68
16 70
16 83
16 86
16 89
17 21
17 31
17 41
17 56
17 62
17 64
17 66
17 69
17 70
17 72
17 78
17 88
18 22
18 25
18 27
18 28
18 29
18 36
18 42
18 49
18 63
18 65
18 66
18 75
18 78
18 83
18 89
19 23
19 31
19 39
19 54
19 56
19 57
19 61
19 63
19 66
19 68
19 70
19 72
19 75
19 80
19 83
19 87
19 88
20 22
20 31
20 44
20 46
20 52
20 55
20 56
20 60
20 72
20 76
20 80
20 85
20 88
21 28
21 38
21 42
21 52
21 57
21 66
21 76
21 78
21 79
21 83
21 86
21 87
22 33
22 34
22 37
22 43
22 45
22 48
22 54
22 63
22 80
22 83
22 86
23 31
23 34
23 53
23 61
23 63
23 64
23 68
23 73
23 79
23 81
23 85
23 88
24 27
24 29
24 34
24 36
24 38
24 41
24 61
24 63
24 68
24 70
24 76
24 77
24 79
24 80
24 82
24 83
24 85
24 89
25 27
25 35
25 36
25 48
25 52
25 56
25 60
25 65
25 68
25 71
25 72
25 76
25 81
25 82
25 86
26 29
26 42
26 46
26 49
26 51
26 53
26 54
26 56
26 70
26 76
26 78
26 84
26 88
27 32
27 35
27 48
27 50
27 52
27 57
27 66
27 77
27 85
27 88
28 35
28 38
28 53
28 54
28 57
28 65
28 68
28 79
28 80
28 81
28 86
28 87
29 35
29 36
29 62
29 65
29 74
29 78
29 85
29 88
29 89
30 41
30 43
30 49
30 50
30 51
30 55
30 58
30 62
30 70
30 71
30 74
30 82
30 83
30 85
31 41
31 42
31 45
31 46
31 47
31 49
31 58
31 62
31 64
31 65
31 66
31 72
31 76
31 79
32 42
32 46
32 53
32 56
32 59
32 73
32 85
32 87
32 88
33 35
33 41
33 70
33 71
33 74
33 75
33 77
33 85
34 40
34 41
34 42
34 47
34 48
34 49
34 56
34 78
34 80
34 83
34 84
34 88
35 48
35 49
35 50
35 52
35 57
35 62
35 72
35 76
35 80
35 87
35 88
35 89
36 40
36 44
36 47
36 53
36 56
36 61
36 68
36 74
36 75
36 76
36 83
36 88
37 52
37 56
37 58
37 63
37 65
37 66
37 73
37 74
37 75
38 39
38 61
38 63
38 68
38 69
38 71
38 73
38 77
38 83
39 41
39 46
39 47
39 53
39 55
39 58
39 70
39 73
39 78
39 83
39 85
39 88
40 50
40 55
40 56
40 58
40 59
40 63
40 67
40 81
40 82
41 51
41 55
41 56
41 59
42 45
42 48
42 51
42 59
42 68
42 73
42 78
43 44
43 47
43 49
43 53
43 57
43 59
43 60
43 72
43 79
43 80
43 82
43 85
43 88
44 50
44 59
44 63
44 69
44 73
44 81
45 46
45 49
45 51
45 53
45 55
45 57
45 60
45 66
45 69
45 73
46 54
46 56
46 62
46 70
46 72
46 76
46 81
46 87
46 89
47 49
47 51
47 53
47 58
47 78
47 82
47 84
48 49
48 50
48 53
48 57
48 62
48 70
48 83
48 87
49 52
49 58
49 61
49 68
49 71
49 77
49 78
49 82
49 85
49 86
50 51
50 54
50 65
50 67
50 86
50 89
51 67
51 74
51 75
51 79
52 57
52 58
52 60
52 63
52 65
52 67
52 72
52 77
52 79
52 84
52 85
53 63
53 69
53 71
53 82
53 83
53 84
53 85
54 61
54 77
54 83
55 69
55 71
55 74
55 76
55 78
55 80
55 82
55 84
56 57
56 65
56 72
56 74
56 77
56 83
56 86
56 89
57 77
57 83
57 84
57 85
58 59
58 64
58 65
58 76
58 85
58 86
59 63
59 67
59 70
59 73
59 75
59 78
59 79
59 80
59 84
59 86
59 89
60 62
60 65
60 67
60 68
60 72
60 81
61 66
61 69
61 75
61 83
62 65
62 67
62 70
62 73
62 87
63 68
63 74
63 75
63 78
63 83
64 69
64 80
64 85
65 72
65 73
65 78
65 79
66 73
66 74
66 77
66 79
67 73
67 89
68 71
68 82
68 84
69 72
69 73
69 76
69 78
69 80
69 81
69 84
69 87
69 88
70 75
70 81
70 84
71 72
71 77
71 78
71 82
71 89
72 74
72 78
72 79
72 80
72 82
72 83
72 88
73 84
73 87
74 75
74 78
74 81
74 84
75 80
75 82
76 80
76 81
76 83
76 87
77 83
77 88
78 79
78 88
80 81
81 84
81 85
81 89
86 87
86 89
