90 766
1 1 15 11 12 8 13 8 15 10 9 1 11 0 9 10 13 8 4 11 7 2 4 4 13 15 6 15 8 8 4 2 12 0 14 1 3 14 14 1 11 10 11 0 2 10 10 2 4 2 9 8 3 6 13 14 11 14 4 5 13 1 10 1 1 13 7 0 13 9 3 11 4 6 15 15 4 1 4 12 5 10 12 15 13 1 0 13 0 8 
0 8
0 11
0 13
0 23
0 30
0 34
0 51
0 53
0 62
0 66
0 69
0 83
0 84
0 86
0 88
1 2
1 6
1 11
1 16
1 17
1 21
1 36
1 39
1 46
1 49
1 51
1 60
1 66
1 75
1 76
1 80
1 82
2 5
2 10
2 13
2 17
2 19
2 21
2 22
2 25
2 39
2 46
2 49
2 66
2 76
2 83
2 88
2 89
3 10
3 11
3 20
3 23
3 25
3 26
3 29
3 32
3 34
3 39
3 40
3 54
3 55
3 57
3 63
3 64
3 66
3 70
3 71
3 79
3 83
3 84
4 9
4 15
4 19
4 20
4 22
4 25
4 35
4 42
4 51
4 56
4 60
4 68
4 70
4 78
5 9
5 11
5 21
5 22
5 23
5 31
5 33
5 40
5 41
5 42
5 45
5 47
5 52
5 54
5 55
5 57
5 63
5 64
5 65
5 69
5 74
5 75
5 77
5 88
5 89
6 10
6 15
6 30
6 33
6 39
6 45
6 51
6 61
6 62
6 66
6 72
6 76
6 80
6 81
6 87
6 89
7 12
7 21
7 24
7 29
7 32
7 41
7 43
7 47
7 48
7 52
7 53
7 55
7 56
7 61
7 68
7 71
7 81
7 87
8 14
8 22
8 28
8 38
8 42
8 53
8 56
8 57
8 59
8 62
8 65
8 69
8 71
8 74
8 75
8 79
8 89
9 16
9 39
9 45
9 48
9 51
9 55
9 57
9 58
9 62
9 75
9 76
9 79
9 86
9 89
10 18
10 31
10 33
10 39
10 64
10 69
10 72
10 74
10 78
10 84
11 12
11 15
11 20
11 22
11 32
11 40
11 43
11 53
11 54
11 55
11 59
11 63
11 72
11 75
11 77
12 13
12 16
12 29
12 31
12 37
12 41
12 45
12 48
12 55
12 63
12 66
12 67
12 69
12 70
12 73
12 83
12 89
13 17
13 21
13 38
13 40
13 42
13 43
13 44
13 49
13 57
13 60
13 64
13 69
13 72
13 74
13 75
13 79
13 83
13 88
14 15
14 25
14 27
14 38
14 45
14 51
14 59
14 61
14 62
14 63
14 64
14 65
14 69
14 75
14 78
15 17
15 26
15 29
15 33
15 34
15 35
15 36
15 40
15 41
15 43
15 44
15 48
15 49
15 50
15 51
15 52
15 56
15 60
15 69
15 81
15 84
16 17
16 20
16 32
16 42
16 45
16 55
16 60
16 64
16 67
16 68
16 69
16 73
16 76
16 78
17 25
17 30
17 32
17 37
17 52
17 54
17 59
17 60
17 63
17 69
17 70
17 73
17 83
17 84
18 19
18 31
18 35
18 40
18 41
18 43
18 50
18 51
18 52
18 54
18 55
18 61
19 38
19 62
19 64
19 73
19 76
19 78
19 86
19 88
20 27
20 37
20 47
20 54
20 58
20 59
20 60
20 62
20 63
20 71
20 72
20 74
20 81
20 83
20 89
21 26
21 43
21 46
21 47
21 50
21 54
21 59
21 60
21 68
21 71
21 75
21 83
22 34
22 37
22 38
22 39
22 42
22 46
22 47
22 56
22 57
22 68
22 71
22 78
22 86
22 89
23 26
23 36
23 38
23 49
23 52
23 59
23 62
23 65
23 82
24 31
24 41
24 44
24 50
24 51
24 53
24 63
24 68
24 70
24 72
24 76
24 85
24 89
25 26
25 28
25 30
25 39
25 43
25 46
25 47
25 49
25 58
25 70
25 89
26 36
26 39
26 50
26 65
26 69
26 72
26 75
26 77
26 80
27 32
27 45
27 46
27 49
27 53
27 69
27 71
27 78
27 82
27 87
28 35
28 36
28 39
28 40
28 53
28 61
28 65
28 68
28 75
28 83
29 33
29 35
29 37
29 43
29 48
29 69
29 74
29 82
29 87
29 89
30 34
30 39
30 45
30 57
30 60
30 74
30 75
31 33
31 35
31 44
31 48
31 49
31 55
31 61
31 68
31 70
31 73
31 75
32 43
32 49
32 53
32 55
32 71
32 73
32 76
33 44
33 57
33 67
33 68
33 69
33 70
33 74
33 76
33 81
33 83
33 88
34 40
34 44
34 58
34 63
34 68
34 70
34 77
34 80
34 82
35 47
35 56
35 62
35 64
35 77
35 78
35 88
35 89
36 37
36 40
36 50
36 52
36 59
36 61
36 63
36 67
36 69
36 70
36 72
36 81
36 88
37 39
37 40
37 41
37 50
37 58
37 77
37 86
38 44
38 49
38 51
38 58
38 62
38 66
38 71
39 40
39 44
39 45
39 58
39 70
39 72
39 75
39 85
40 42
40 52
40 55
40 63
40 68
40 73
40 74
40 82
40 84
40 85
40 88
41 44
41 53
41 55
41 62
41 70
41 72
41 75
41 79
42 46
42 48
42 49
42 55
42 56
42 63
42 64
42 66
42 68
42 69
42 71
42 72
42 82
42 86
42 88
43 45
43 49
43 51
43 52
43 57
43 66
43 71
43 77
43 86
44 46
44 54
44 72
44 75
44 76
44 81
44 86
45 48
45 51
45 61
45 67
45 70
45 72
45 75
45 80
46 70
46 77
46 79
46 80
46 81
46 88
47 48
47 49
47 52
47 64
47 71
47 77
47 79
47 80
47 81
48 54
48 58
48 68
48 69
48 70
48 72
48 77
48 82
48 83
48 84
49 51
49 58
49 61
49 62
49 63
49 65
49 68
49 78
49 81
49 84
49 89
50 52
50 54
50 56
50 58
50 61
50 69
50 76
50 85
51 65
51 67
51 74
51 80
51 86
51 87
51 88
52 56
52 57
52 69
52 82
52 87
53 58
53 60
53 62
53 67
53 70
53 73
53 75
54 56
54 70
54 75
54 76
54 79
54 81
55 58
55 59
55 64
55 71
55 77
55 79
55 81
55 85
55 87
56 65
56 76
56 77
56 84
56 88
57 58
57 68
57 73
57 75
57 83
57 86
57 87
58 61
58 67
58 72
58 81
58 82
58 84
58 85
59 62
59 64
59 71
59 72
59 77
59 79
59 81
59 82
59 84
60 73
61 63
61 71
61 73
61 75
61 80
61 89
62 64
62 71
62 75
62 77
62 78
62 83
63 64
63 66
63 68
63 70
63 72
63 76
63 77
63 84
64 65
64 71
64 84
64 86
65 76
65 80
65 81
65 82
65 86
66 67
66 75
66 79
66 82
66 84
66 87
67 79
67 84
67 88
68 69
68 74
68 81
68 84
69 79
69 83
69 89
70 73
70 86
71 73
71 74
71 77
71 80
71 88
73 76
73 79
73 88
74 75
74 76
74 77
74 80
75 82
75 85
75 89
76 87
77 83
78 81
78 84
78 87
79 80
79 85
80 82
80 83
80 84
80 85
80 88
81 84
81 87
82 84
82 85
82 86
82 88
84 89
86 88
