30 89
1 3 4 2 4 3 0 3 6 1 1 2 6 5 3 4 3 5 6 6 5 4 0 5 5 6 2 2 1 5 
0 3
0 4
0 5
0 7
0 9
0 10
0 21
0 24
1 10
1 12
1 13
1 14
1 15
1 16
1 18
1 19
1 26
1 27
2 14
2 17
3 4
3 5
3 7
3 9
3 26
4 7
4 13
4 17
4 26
4 27
4 29
5 9
5 11
5 12
5 22
5 24
5 25
6 15
6 24
7 9
7 13
7 23
7 25
7 26
8 10
8 12
8 14
8 19
8 26
9 22
9 24
10 21
10 29
11 18
11 20
11 21
11 23
11 26
11 28
12 15
12 18
12 20
12 22
12 24
13 15
13 20
13 25
13 26
13 27
14 22
14 28
15 18
15 19
15 22
15 27
17 21
17 23
17 26
18 22
18 24
18 27
18 28
19 22
20 23
20 24
22 24
23 24
26 27
27 28
