30 155
7 5 2 3 2 6 5 1 0 1 0 0 2 0 6 5 3 2 6 4 3 6 0 5 6 3 7 1 3 1 
0 4
0 7
0 8
0 11
0 12
0 16
0 17
0 25
0 27
1 5
1 8
1 16
1 17
1 20
1 23
1 26
1 27
1 28
2 4
2 9
2 11
2 12
2 15
2 17
2 18
2 20
2 27
2 28
3 4
3 6
3 8
3 9
3 16
3 19
3 24
3 25
3 27
3 29
4 7
4 8
4 10
4 11
4 14
4 15
4 17
4 21
4 24
4 28
5 7
5 8
5 9
5 10
5 11
5 12
5 15
5 18
5 22
5 23
5 25
5 26
6 7
6 8
6 10
6 11
6 12
6 15
6 18
6 21
6 23
6 25
6 28
7 12
7 15
7 16
7 17
7 18
7 22
7 24
7 29
8 9
8 10
8 15
8 16
8 17
8 19
8 21
8 23
8 24
8 28
8 29
9 10
9 15
9 20
9 22
9 24
9 27
10 16
10 17
10 18
10 22
10 28
11 12
11 16
11 20
11 24
12 14
12 15
12 20
12 21
12 22
12 23
12 25
12 26
13 21
13 29
14 21
14 25
14 26
15 21
15 29
16 19
16 20
16 22
16 29
17 18
17 19
17 22
17 23
17 24
17 26
17 28
18 22
18 23
18 25
19 22
19 23
19 27
20 25
20 26
20 28
20 29
21 22
21 23
22 24
22 26
22 27
22 29
23 26
24 26
25 27
25 28
26 27
26 28
26 29
28 29
