90 211
3 2 8 3 8 9 4 8 2 15 2 2 15 5 11 9 8 13 14 7 10 11 1 7 0 14 7 6 2 7 7 6 8 7 8 10 15 12 3 13 0 11 11 12 15 6 1 10 3 4 14 13 0 11 5 11 11 4 7 7 13 1 0 14 12 10 15 6 12 15 15 9 9 2 10 4 12 9 14 15 7 7 14 14 9 0 13 15 14 4 
0 10
0 40
0 63
0 72
0 80
0 84
1 5
1 11
1 12
1 19
1 27
1 30
1 36
1 49
1 73
1 76
2 28
2 54
2 56
2 79
2 81
3 48
3 59
4 13
4 16
4 55
4 75
5 39
5 52
6 13
6 63
6 73
7 9
7 17
7 23
7 26
8 22
8 32
8 52
8 72
10 32
10 86
11 28
11 50
11 71
11 79
12 40
12 41
13 56
13 62
13 68
13 87
14 31
14 41
14 43
14 83
15 42
15 49
15 69
16 49
16 58
16 68
16 76
16 82
17 36
17 37
17 71
18 82
19 84
20 51
20 53
20 79
20 80
21 26
21 47
21 68
21 74
22 23
22 38
22 57
22 76
22 78
22 82
23 35
23 46
23 52
23 69
23 73
24 26
24 28
24 34
24 49
24 60
24 62
24 65
24 73
24 89
25 41
26 29
26 42
26 46
26 65
26 69
26 83
27 28
27 30
27 40
27 66
27 75
27 77
28 37
28 51
28 64
28 65
28 78
29 51
29 57
29 65
29 76
29 86
30 42
31 42
31 61
31 65
32 34
32 41
32 80
32 81
33 36
33 57
33 64
33 84
33 85
34 54
34 61
35 47
35 68
35 87
36 41
36 89
37 54
37 57
38 62
39 45
39 51
39 52
39 59
39 89
40 54
40 62
40 66
40 87
41 53
41 72
41 73
43 75
43 79
43 87
44 46
44 58
44 59
45 48
45 68
45 78
46 81
47 65
49 60
49 79
49 88
49 89
50 54
50 58
50 67
51 55
51 59
52 63
53 83
54 56
54 82
55 60
55 72
58 77
60 68
60 69
60 83
60 89
61 76
61 86
61 87
62 64
62 73
62 75
63 70
63 74
63 76
63 82
63 89
64 69
66 77
66 79
67 68
67 75
67 85
69 74
70 76
71 76
71 89
72 75
72 85
74 78
78 86
