40 277
1 7 4 5 6 7 5 4 1 5 5 3 1 1 5 2 2 5 2 5 2 7 6 2 6 6 4 4 6 1 1 4 3 4 6 2 3 7 0 5 
0 4
0 5
0 7
0 10
0 13
0 18
0 19
0 23
0 25
0 26
0 30
0 33
0 37
0 38
0 39
1 2
1 3
1 6
1 8
1 9
1 11
1 12
1 14
1 17
1 21
1 22
1 23
1 24
1 27
1 28
1 30
1 31
1 36
1 39
2 3
2 13
2 14
2 15
2 20
2 23
2 24
2 27
2 33
2 36
2 37
2 39
3 4
3 6
3 8
3 10
3 11
3 13
3 17
3 18
3 19
3 23
3 27
3 34
3 36
3 38
3 39
4 9
4 11
4 12
4 14
4 16
4 21
4 22
4 24
4 25
4 26
4 32
4 36
5 9
5 11
5 12
5 13
5 19
5 21
5 23
5 24
5 27
5 28
5 29
5 30
5 34
5 38
5 39
6 7
6 8
6 9
6 12
6 15
6 17
6 18
6 19
6 21
6 22
6 24
6 29
6 33
6 35
7 8
7 9
7 13
7 17
7 20
7 23
7 25
7 28
7 29
7 32
7 36
7 37
7 39
8 11
8 13
8 15
8 18
8 23
8 26
8 27
8 30
8 31
8 33
8 35
8 37
9 10
9 13
9 16
9 22
9 23
9 24
9 26
9 36
9 37
9 38
10 14
10 25
10 26
10 28
10 29
10 31
10 32
10 37
11 13
11 14
11 22
11 24
11 29
11 33
11 34
11 36
12 13
12 18
12 19
12 25
12 32
12 35
13 14
13 18
13 20
13 28
13 37
13 39
14 19
14 24
14 28
14 36
15 17
15 19
15 23
15 24
15 26
15 27
15 30
15 33
15 34
15 38
15 39
16 18
16 20
16 22
16 25
16 26
16 27
16 30
16 31
16 37
17 18
17 19
17 22
17 23
17 27
17 31
17 32
17 33
17 34
17 35
18 20
18 22
18 24
18 25
18 26
18 28
18 30
18 31
18 32
19 24
19 29
19 30
19 32
19 33
19 34
19 39
20 24
20 25
20 35
20 36
20 39
21 22
21 28
21 30
22 23
22 31
22 33
22 39
23 24
23 26
23 27
23 31
23 33
23 35
23 36
23 38
24 31
24 33
24 38
25 27
25 30
25 33
25 35
25 37
26 32
26 34
26 36
26 38
26 39
27 30
27 32
27 33
27 38
27 39
28 29
28 30
28 31
28 32
28 36
28 38
28 39
29 31
29 39
30 31
30 32
30 35
30 36
31 35
31 37
31 39
32 33
32 35
32 38
33 39
35 36
36 37
36 38
38 39
