40 105
7 5 1 7 2 6 4 4 7 4 7 1 6 5 1 0 7 1 6 0 2 7 0 7 1 1 3 7 2 6 3 1 0 0 6 2 3 3 2 0 
0 3
0 6
0 8
0 9
0 18
0 22
0 23
0 29
0 36
1 11
1 18
1 19
1 27
1 28
1 29
1 32
1 36
1 38
2 4
2 14
2 17
2 27
3 25
3 32
3 35
3 36
4 5
4 11
4 21
4 23
4 31
5 18
5 19
5 35
5 37
5 39
6 12
6 16
6 17
7 9
7 11
7 35
7 38
8 15
8 18
8 19
8 25
8 28
8 38
9 16
9 17
9 33
9 37
10 14
10 21
10 22
10 28
10 38
11 31
12 13
12 20
12 27
12 28
13 16
13 39
14 24
14 33
15 19
15 32
15 34
15 35
16 18
16 24
16 26
16 33
17 18
17 25
17 27
19 23
19 25
20 28
20 30
20 39
21 24
21 26
21 29
21 37
22 35
22 36
23 29
23 36
24 31
25 33
26 28
26 35
27 33
28 33
28 35
30 33
30 34
31 33
32 33
33 35
36 39
37 39
