60 175
3 1 10 2 9 9 12 3 7 6 12 15 7 3 14 2 0 1 10 5 15 0 14 10 13 10 8 15 12 0 13 0 9 11 1 15 12 1 15 4 5 12 3 11 14 10 8 1 11 13 4 1 9 4 3 12 0 8 6 0 
0 1
0 21
0 37
0 48
1 4
1 27
1 42
1 46
1 50
1 57
2 11
2 12
2 13
2 14
2 44
2 48
2 51
2 52
3 19
3 20
3 22
3 23
3 43
3 52
3 56
4 17
4 24
4 34
4 42
4 46
4 47
4 51
5 6
5 25
5 36
6 9
6 14
6 16
6 20
6 23
6 55
7 8
7 16
7 32
7 35
7 41
7 48
7 56
7 57
8 29
8 39
9 21
9 29
9 43
10 14
10 28
10 31
10 42
10 45
10 55
10 59
11 12
11 17
11 40
11 46
11 52
12 21
12 28
12 40
12 42
12 44
12 45
12 50
12 52
12 53
13 35
13 50
13 52
14 22
14 34
14 36
14 45
14 47
14 51
14 55
15 25
15 26
15 31
15 49
16 35
16 40
16 41
16 44
16 45
16 48
16 53
16 59
17 27
17 34
17 46
17 58
18 23
19 33
19 49
20 23
20 32
20 43
20 44
20 58
21 42
22 42
23 25
23 28
23 36
23 37
23 43
23 55
24 45
26 42
26 48
27 48
27 51
27 54
28 30
28 55
28 57
29 38
29 41
29 42
29 45
30 52
31 37
31 46
31 49
32 35
32 41
32 43
32 56
33 46
33 58
34 39
34 47
34 51
34 58
35 36
35 41
35 48
35 49
36 39
37 42
37 52
37 59
38 49
40 53
40 58
41 46
41 54
41 56
41 57
41 58
42 56
42 59
43 56
44 53
44 54
46 49
46 52
47 48
47 50
47 51
47 55
48 53
51 58
52 53
53 56
