40 120
6 6 7 6 6 2 3 0 7 5 7 0 6 5 0 5 3 0 3 3 6 3 3 4 7 7 6 1 5 5 6 0 7 6 0 4 6 7 1 0 
0 1
0 10
0 14
0 15
0 24
0 31
1 4
1 7
1 10
1 15
1 29
2 12
2 17
2 20
2 23
2 34
2 37
3 6
3 21
3 24
3 28
3 31
3 33
4 7
4 10
4 15
4 19
4 26
4 29
5 11
5 16
5 17
5 22
5 23
5 34
6 9
6 21
6 28
6 32
6 39
7 18
7 26
7 29
7 36
7 38
8 11
8 13
8 16
8 18
8 25
8 38
9 12
9 27
9 32
9 37
9 39
10 14
10 15
10 29
11 13
11 16
11 22
11 25
12 19
12 20
12 23
12 27
12 37
13 16
13 18
13 22
13 25
14 15
14 24
14 31
14 33
14 36
15 24
16 22
16 34
17 20
17 22
17 23
17 34
17 35
17 36
18 25
18 26
18 38
19 21
19 35
19 36
20 23
20 27
20 37
21 28
21 30
21 31
21 33
21 39
22 34
23 34
24 30
24 31
24 33
25 26
25 38
26 29
26 35
26 38
27 32
27 37
27 39
28 32
28 33
28 39
29 38
31 33
32 37
32 39
