70 869
13 2 2 0 4 4 1 7 9 5 0 5 1 3 6 15 8 10 4 0 8 15 2 15 13 14 11 8 12 2 9 6 4 9 3 4 13 2 14 12 15 12 1 8 14 10 1 2 5 2 3 15 12 2 11 0 3 9 2 15 2 8 10 1 5 11 13 3 15 0 
0 1
0 6
0 8
0 11
0 13
0 15
0 16
0 17
0 18
0 19
0 25
0 30
0 32
0 36
0 37
0 40
0 43
0 49
0 54
0 56
0 58
0 60
0 62
0 63
0 67
0 68
1 6
1 7
1 8
1 12
1 16
1 18
1 19
1 20
1 21
1 23
1 25
1 28
1 32
1 33
1 34
1 35
1 36
1 38
1 40
1 45
1 48
1 50
1 53
1 56
1 57
1 64
1 65
1 67
1 69
2 3
2 4
2 6
2 10
2 12
2 13
2 14
2 19
2 21
2 23
2 24
2 26
2 29
2 36
2 39
2 52
2 53
2 54
2 55
2 56
2 57
2 63
2 66
2 67
2 68
2 69
3 5
3 7
3 10
3 11
3 13
3 19
3 22
3 27
3 28
3 32
3 34
3 35
3 38
3 42
3 44
3 46
3 49
3 50
3 51
3 58
3 59
3 63
3 69
4 7
4 12
4 15
4 26
4 33
4 39
4 43
4 49
4 52
4 53
4 55
4 60
4 61
4 63
4 64
4 66
4 67
4 69
5 6
5 9
5 11
5 12
5 13
5 14
5 15
5 18
5 19
5 23
5 24
5 29
5 30
5 37
5 41
5 46
5 47
5 48
5 50
5 51
5 52
5 54
5 55
5 57
5 58
5 59
5 60
5 66
5 69
6 9
6 12
6 25
6 27
6 29
6 31
6 36
6 37
6 40
6 41
6 42
6 45
6 50
6 53
6 57
6 61
6 62
6 66
7 8
7 9
7 10
7 11
7 16
7 18
7 19
7 20
7 22
7 23
7 28
7 31
7 32
7 34
7 39
7 41
7 44
7 47
7 48
7 53
7 55
7 57
7 59
7 63
7 66
7 67
7 68
8 9
8 13
8 14
8 15
8 21
8 32
8 33
8 40
8 41
8 43
8 45
8 46
8 53
8 54
8 55
8 57
8 58
8 59
8 61
8 62
8 63
8 64
8 67
8 69
9 16
9 19
9 22
9 23
9 24
9 26
9 28
9 29
9 31
9 34
9 35
9 36
9 47
9 49
9 51
9 52
9 55
9 58
9 60
9 62
9 63
9 67
10 13
10 14
10 18
10 21
10 24
10 25
10 28
10 29
10 31
10 33
10 35
10 41
10 42
10 43
10 48
10 51
10 52
10 53
10 56
10 57
10 58
10 60
10 62
10 67
10 68
11 12
11 20
11 24
11 25
11 30
11 31
11 36
11 42
11 45
11 47
11 50
11 51
11 52
11 55
11 56
11 59
11 64
11 65
11 69
12 14
12 16
12 18
12 19
12 23
12 25
12 31
12 33
12 34
12 35
12 37
12 38
12 39
12 40
12 41
12 43
12 44
12 45
12 47
12 51
12 56
12 57
12 60
12 62
12 63
12 64
12 66
12 68
13 14
13 18
13 20
13 21
13 24
13 27
13 28
13 29
13 31
13 32
13 33
13 40
13 43
13 51
13 59
13 62
13 63
13 68
14 17
14 18
14 20
14 21
14 28
14 30
14 33
14 34
14 39
14 40
14 41
14 45
14 46
14 47
14 48
14 51
14 53
14 56
14 59
14 62
14 63
14 67
15 17
15 18
15 21
15 28
15 30
15 32
15 33
15 37
15 39
15 40
15 44
15 45
15 48
15 58
15 60
15 63
15 64
15 67
15 68
16 17
16 19
16 21
16 24
16 31
16 37
16 39
16 40
16 42
16 50
16 54
16 60
17 19
17 20
17 21
17 22
17 23
17 26
17 28
17 34
17 35
17 36
17 38
17 44
17 55
17 56
17 59
17 60
17 63
17 65
17 67
17 68
18 20
18 26
18 28
18 31
18 32
18 33
18 34
18 35
18 36
18 37
18 40
18 44
18 46
18 48
18 55
18 60
18 64
18 65
18 67
18 68
19 22
19 23
19 29
19 31
19 33
19 37
19 40
19 43
19 44
19 46
19 56
19 58
19 59
19 61
19 66
20 23
20 24
20 25
20 27
20 28
20 33
20 39
20 40
20 41
20 48
20 50
20 56
20 58
20 62
20 64
20 66
20 67
20 69
21 22
21 26
21 30
21 35
21 37
21 38
21 39
21 40
21 41
21 45
21 47
21 48
21 52
21 56
21 57
21 62
21 65
21 67
21 68
22 23
22 25
22 26
22 30
22 32
22 34
22 35
22 38
22 41
22 43
22 45
22 51
22 52
22 53
22 56
22 61
22 62
22 63
23 24
23 27
23 28
23 29
23 34
23 35
23 39
23 40
23 41
23 43
23 44
23 45
23 49
23 54
23 60
23 64
23 67
24 25
24 32
24 33
24 37
24 38
24 40
24 42
24 47
24 62
24 64
24 68
24 69
25 27
25 30
25 34
25 50
25 51
25 55
25 58
25 59
25 60
25 61
25 65
25 66
25 67
25 69
26 28
26 32
26 35
26 40
26 50
26 51
26 52
26 54
26 60
26 67
26 68
27 30
27 33
27 34
27 36
27 38
27 39
27 40
27 41
27 42
27 44
27 46
27 49
27 51
27 53
27 59
27 61
27 62
27 63
28 30
28 32
28 33
28 35
28 37
28 38
28 39
28 45
28 47
28 48
28 54
28 55
28 57
28 64
28 65
28 66
29 30
29 31
29 33
29 34
29 35
29 41
29 47
29 48
29 50
29 55
29 61
29 64
29 66
29 69
30 32
30 35
30 36
30 39
30 40
30 41
30 45
30 47
30 48
30 51
30 53
30 54
30 55
30 58
30 60
30 61
30 65
30 69
31 33
31 35
31 37
31 38
31 40
31 41
31 42
31 43
31 47
31 50
31 60
31 62
31 63
31 65
31 67
32 36
32 37
32 38
32 40
32 45
32 49
32 52
32 53
32 54
32 55
32 63
32 65
32 66
32 67
33 36
33 37
33 38
33 41
33 48
33 49
33 50
33 53
33 54
33 56
33 60
33 63
33 65
33 66
34 35
34 38
34 39
34 46
34 47
34 52
34 63
34 64
34 66
34 68
35 38
35 40
35 46
35 50
35 55
35 58
35 59
35 61
35 62
35 63
35 65
36 37
36 42
36 44
36 49
36 50
36 51
36 59
36 61
36 68
37 38
37 40
37 41
37 46
37 48
37 50
37 51
37 53
37 55
37 60
37 61
37 62
37 64
37 69
38 40
38 43
38 48
38 50
38 54
38 56
38 59
38 60
38 62
38 65
38 66
38 67
39 40
39 46
39 51
39 52
39 55
39 59
39 60
39 67
40 41
40 46
40 49
40 50
40 52
40 56
40 57
40 58
40 63
40 65
40 66
40 68
40 69
41 42
41 43
41 45
41 46
41 48
41 50
41 53
41 54
41 56
41 59
41 61
41 64
41 66
41 68
41 69
42 43
42 49
42 54
42 68
43 47
43 48
43 49
43 51
43 54
43 56
43 57
43 62
43 63
43 65
44 45
44 47
44 49
44 50
44 53
44 55
44 63
44 64
44 65
44 66
44 69
45 52
45 53
45 54
45 55
45 59
45 64
45 68
46 54
46 56
46 57
46 63
46 64
46 67
46 68
47 52
47 54
47 55
47 60
47 67
48 49
48 50
48 52
48 53
48 57
48 58
48 59
48 62
48 63
48 65
48 67
48 68
49 53
49 56
49 61
49 63
49 67
49 69
50 55
50 58
50 59
50 63
50 65
51 55
51 57
51 66
51 69
52 53
52 61
52 65
53 54
53 60
53 61
53 64
54 58
54 59
54 61
54 66
54 67
54 68
55 59
55 62
55 63
55 65
55 66
55 68
55 69
56 57
56 62
56 63
56 66
56 69
57 61
57 66
58 61
58 65
58 68
59 66
59 67
59 69
60 64
60 68
61 67
61 68
62 63
62 65
62 66
62 68
63 64
63 65
63 66
63 67
63 69
66 67
66 69
