90 161
14 2 0 15 13 12 4 12 2 12 14 6 0 13 1 1 15 4 12 6 15 8 15 0 3 12 0 8 8 1 14 15 3 11 12 13 3 6 5 9 14 1 12 11 6 15 4 13 9 15 14 12 9 15 10 10 8 6 2 4 13 10 9 6 7 4 0 1 13 6 7 5 0 12 11 10 0 15 2 7 9 1 0 10 10 7 1 13 13 13 
0 6
0 40
0 73
1 11
1 60
1 61
1 74
2 28
2 77
2 83
3 19
3 31
3 50
3 79
4 6
4 21
4 54
4 69
5 7
5 20
6 41
6 49
7 28
7 36
7 56
8 12
8 19
8 31
8 66
9 27
9 48
9 60
9 62
9 75
10 16
10 65
10 85
11 46
11 76
11 89
12 18
12 49
12 53
13 23
13 47
13 84
14 25
14 73
15 50
15 75
16 24
16 37
16 64
16 70
17 48
17 62
17 78
17 87
18 19
18 21
18 82
18 87
19 67
20 39
20 57
20 71
20 74
21 49
21 59
22 31
22 34
22 66
23 68
25 41
25 43
25 77
26 29
26 58
26 64
26 70
27 65
27 76
27 85
28 72
29 36
29 42
29 56
30 40
30 71
30 73
30 89
31 88
32 47
32 82
33 54
33 58
33 72
33 78
34 35
34 88
36 58
36 72
37 59
38 48
38 50
38 60
38 74
39 60
40 49
40 53
40 75
41 69
41 73
42 52
42 55
42 70
43 45
43 76
43 83
44 59
45 76
46 47
47 76
47 85
48 67
50 63
50 67
50 80
51 60
52 86
53 66
54 59
54 83
55 56
57 58
57 62
57 64
57 78
59 78
59 87
60 76
60 84
62 65
62 75
63 74
63 79
64 65
64 86
66 82
67 87
68 69
69 77
69 83
71 88
71 89
72 83
76 81
79 88
79 89
81 83
85 89
