80 142
6 10 14 1 0 5 14 5 12 13 9 3 10 3 9 12 3 12 1 11 1 3 3 3 2 12 6 12 7 0 14 10 1 15 9 11 12 13 14 14 4 3 13 11 4 4 5 3 4 10 1 14 13 12 10 15 10 8 3 13 2 15 7 12 2 10 10 13 7 15 4 1 15 0 2 5 12 2 5 14 
0 46
1 13
1 31
1 52
1 57
2 3
2 16
2 76
3 22
3 28
4 45
4 53
4 71
4 74
5 34
5 44
6 22
6 26
6 28
6 32
6 58
7 36
7 69
7 70
7 78
8 23
8 41
8 68
9 30
9 49
9 65
9 70
10 29
10 42
10 48
11 50
11 61
11 62
12 13
13 34
13 35
13 59
14 20
14 25
14 27
14 63
14 79
15 17
15 27
15 36
15 53
15 69
16 22
16 31
16 46
17 24
17 54
17 67
18 71
18 72
18 74
19 39
19 55
19 60
20 38
20 56
20 69
20 78
21 55
21 72
22 30
23 40
23 51
23 75
24 53
24 58
24 60
24 74
25 50
25 56
25 75
26 44
26 56
26 78
28 44
29 34
29 35
29 65
30 32
30 46
31 33
32 70
32 78
33 35
33 36
33 65
33 70
34 42
34 57
35 54
35 64
36 54
36 64
36 77
37 67
38 76
39 41
39 52
39 67
40 44
40 56
40 75
42 66
43 55
43 60
43 72
43 74
45 47
45 63
45 79
46 49
46 73
47 61
47 71
48 49
48 65
50 68
50 79
51 77
52 59
53 63
54 59
56 58
57 66
58 62
59 67
60 67
61 79
62 68
63 69
64 76
68 75
