80 216
12 7 11 14 0 4 11 10 8 8 6 4 3 11 10 8 6 5 7 6 0 2 0 12 12 5 10 9 4 14 1 8 7 7 0 3 3 3 0 3 9 13 14 5 14 12 7 8 9 12 7 11 4 0 11 11 9 11 9 9 10 5 8 14 1 8 11 1 15 11 8 15 9 8 15 13 10 0 11 9 
0 12
0 70
0 71
1 38
1 42
1 54
1 61
2 9
2 17
2 28
2 31
2 59
3 5
3 30
3 38
3 63
3 71
4 18
4 33
4 43
4 61
5 12
5 25
5 53
6 13
6 18
6 27
6 33
6 40
6 77
7 23
7 34
7 57
7 65
8 29
8 38
8 49
8 52
8 55
8 60
8 62
8 65
8 66
9 11
9 25
9 34
9 56
9 77
10 18
10 29
10 34
10 48
10 74
10 77
11 19
11 37
11 53
12 28
12 30
12 42
12 52
12 62
12 67
12 73
13 21
13 52
13 60
13 64
13 73
14 18
14 22
14 31
14 41
14 49
15 19
15 29
15 32
15 35
15 37
16 20
16 31
16 35
16 47
16 70
17 19
17 32
17 35
17 70
18 21
18 78
19 59
19 62
19 76
20 39
20 46
20 60
20 69
21 42
21 48
21 61
22 27
22 32
22 36
22 47
23 54
23 67
24 28
24 46
24 51
24 67
24 69
24 72
25 59
25 71
25 73
26 38
26 51
27 39
27 41
27 75
27 78
28 29
28 30
28 35
28 37
28 40
28 47
28 49
28 77
29 59
29 60
29 62
29 73
30 42
30 45
30 48
31 47
31 56
31 62
31 70
31 77
32 60
32 66
32 67
32 69
33 45
33 51
33 64
33 75
34 58
34 71
35 69
36 38
37 44
37 62
37 66
39 40
39 47
39 50
39 79
40 51
40 60
40 69
40 79
41 47
41 56
41 69
41 74
41 77
42 46
42 52
42 61
42 65
42 76
43 70
43 75
43 78
44 76
45 57
46 79
47 71
48 67
48 71
48 73
49 67
50 73
50 75
51 68
51 79
52 54
52 76
53 59
53 62
54 55
54 64
55 68
55 72
56 58
57 61
57 71
58 74
60 68
60 72
61 63
61 64
62 77
63 79
64 68
66 72
66 76
67 68
67 72
69 76
73 77
74 78
75 79
