80 142
13 3 0 10 11 9 4 0 1 11 9 5 12 4 15 7 14 9 2 8 4 13 2 7 6 7 6 3 15 7 8 3 0 14 1 7 0 7 2 14 8 11 15 14 9 8 12 5 13 12 9 3 6 7 3 1 15 2 13 1 1 3 5 14 9 15 4 14 14 9 15 13 8 14 10 13 8 6 9 7 
0 5
0 28
0 36
0 74
1 6
1 11
1 17
2 13
2 27
2 40
2 67
3 18
3 38
3 42
4 6
4 11
4 39
4 65
5 8
5 30
5 31
6 13
6 40
7 16
7 23
7 34
7 46
7 47
7 71
7 72
8 61
8 73
8 74
9 15
9 61
9 72
9 73
10 18
10 28
10 68
10 79
11 64
12 19
12 46
12 55
12 71
13 21
13 26
13 65
14 40
14 56
15 50
15 60
16 20
16 28
17 33
17 40
17 43
18 29
18 31
18 53
19 28
19 36
19 79
20 27
20 34
20 44
20 67
20 78
22 58
22 61
22 62
22 69
22 74
23 52
23 76
24 35
24 36
24 62
24 74
25 45
25 57
25 76
26 27
26 35
26 62
27 48
28 31
29 38
29 68
30 42
30 73
31 42
32 44
32 49
32 58
33 44
33 53
34 36
34 60
35 55
35 65
36 55
36 59
37 73
39 54
39 63
39 64
40 41
41 43
41 67
42 77
44 48
45 69
46 54
46 59
46 63
47 57
47 63
47 76
48 56
48 58
48 62
48 66
49 50
49 60
50 58
50 61
51 64
52 70
52 71
54 55
54 65
57 75
63 75
64 75
67 69
68 70
69 76
70 79
71 79
72 77
