40 79
5 4 0 0 6 0 4 5 2 1 5 5 7 3 7 6 3 4 2 7 3 1 6 1 5 5 5 1 3 1 4 1 5 3 6 5 3 3 5 3 
0 8
0 10
0 16
1 11
1 34
2 11
2 31
2 36
3 12
3 13
3 15
3 27
3 29
4 9
4 24
4 29
4 37
4 38
5 17
5 21
5 27
6 20
6 22
6 32
6 35
7 25
7 31
7 32
7 36
7 38
8 11
8 14
9 21
9 30
9 32
9 33
10 11
11 15
11 37
12 16
12 19
12 22
12 25
12 28
13 14
14 26
14 27
14 36
15 31
16 32
16 33
17 31
17 35
18 19
20 26
20 38
21 24
22 28
22 34
22 39
23 26
23 30
23 31
24 26
24 29
24 31
24 34
24 37
25 33
25 34
25 38
26 30
26 34
27 36
30 34
30 35
31 34
32 34
34 39
