70 129
12 5 5 14 6 6 3 13 0 8 5 11 12 8 0 10 10 13 3 3 3 15 1 10 7 14 8 8 1 4 4 11 10 7 7 14 14 1 3 9 7 13 9 10 10 13 3 1 9 2 15 1 15 11 15 5 5 4 11 8 9 3 1 14 6 11 14 12 11 7 
0 22
0 24
0 59
1 25
1 65
2 8
2 31
2 43
3 43
4 5
4 50
5 20
5 21
5 51
6 7
6 26
6 37
6 42
6 48
7 11
7 20
7 29
7 32
7 37
8 12
8 65
9 15
9 37
9 38
9 41
9 49
9 50
9 51
9 62
10 19
10 22
10 27
10 36
10 50
10 59
10 63
11 26
11 30
11 37
11 65
12 30
12 40
13 36
13 40
14 18
14 37
14 39
14 45
14 49
14 51
14 58
14 64
15 27
15 37
16 43
16 49
16 67
17 59
18 30
18 54
19 38
19 57
20 28
20 62
20 63
20 66
21 61
22 41
22 43
22 65
23 35
24 26
24 48
24 59
24 65
26 37
27 29
27 57
27 67
28 59
29 48
29 65
30 33
30 34
31 59
32 37
32 65
33 55
34 61
35 37
35 42
36 47
36 65
36 68
37 40
37 42
37 51
37 62
37 66
38 44
38 53
38 58
40 49
40 62
40 63
40 68
41 63
42 51
42 62
43 52
43 65
44 62
46 58
48 49
49 53
49 54
49 55
50 51
51 69
52 53
52 55
52 64
56 68
60 61
