50 74
1 6 6 1 3 6 3 5 2 7 3 2 7 7 0 1 5 4 0 0 2 4 1 0 1 0 4 4 2 2 4 6 6 4 1 7 6 6 0 6 4 1 3 6 5 2 2 7 6 7 
0 2
0 6
0 18
1 11
1 35
2 6
2 10
2 26
2 32
2 46
3 21
3 23
3 25
3 29
3 37
4 19
4 33
4 35
5 9
5 11
5 15
6 7
6 8
6 17
6 36
6 47
7 14
7 40
8 12
9 14
9 27
10 19
10 39
11 23
11 27
12 20
12 28
12 36
13 17
13 23
13 27
14 15
14 30
15 43
16 21
16 30
17 26
18 31
18 33
19 21
19 41
20 24
20 32
22 24
22 29
24 36
24 38
24 48
25 35
25 44
29 48
31 34
31 42
32 48
33 45
34 40
35 41
36 47
39 44
39 46
40 42
41 49
42 43
44 49
