100 1780
8 24 6 14 21 1 24 14 25 6 21 5 3 7 17 1 23 4 31 19 5 27 10 30 12 19 25 29 31 22 6 31 18 13 17 31 9 18 17 27 23 13 9 7 17 12 13 21 11 25 13 15 28 20 25 16 23 16 30 12 20 5 6 26 4 10 27 11 12 30 28 8 1 7 26 6 13 9 2 13 11 14 3 25 11 28 3 17 22 27 12 21 2 16 1 6 29 0 8 28 
0 6
0 7
0 10
0 11
0 12
0 16
0 19
0 21
0 28
0 31
0 32
0 35
0 36
0 50
0 61
0 62
0 63
0 68
0 72
0 77
0 80
0 83
0 84
0 87
0 88
0 89
0 91
0 92
0 93
0 97
0 98
0 99
1 3
1 5
1 9
1 11
1 14
1 21
1 23
1 24
1 30
1 31
1 33
1 36
1 37
1 39
1 43
1 44
1 48
1 50
1 52
1 53
1 55
1 57
1 58
1 60
1 61
1 63
1 69
1 70
1 72
1 75
1 79
1 82
1 85
1 87
1 93
1 96
1 97
2 3
2 7
2 8
2 9
2 10
2 12
2 14
2 18
2 19
2 20
2 25
2 26
2 28
2 31
2 34
2 36
2 37
2 38
2 40
2 41
2 46
2 48
2 50
2 59
2 64
2 67
2 69
2 70
2 73
2 76
2 77
2 78
2 80
2 84
2 85
2 86
2 89
2 91
2 98
3 4
3 6
3 8
3 10
3 11
3 12
3 19
3 25
3 26
3 32
3 36
3 38
3 43
3 48
3 49
3 51
3 53
3 54
3 64
3 65
3 66
3 67
3 69
3 70
3 74
3 76
3 78
3 79
3 85
3 86
3 87
3 88
3 89
3 91
3 95
3 96
4 7
4 9
4 11
4 15
4 17
4 20
4 21
4 26
4 28
4 30
4 32
4 34
4 36
4 37
4 41
4 42
4 47
4 49
4 53
4 59
4 60
4 62
4 64
4 71
4 72
4 75
4 78
4 81
4 87
4 88
4 92
4 94
4 96
4 98
4 99
5 6
5 8
5 12
5 13
5 14
5 16
5 19
5 20
5 25
5 27
5 28
5 32
5 33
5 37
5 38
5 39
5 40
5 41
5 43
5 46
5 48
5 49
5 51
5 54
5 59
5 61
5 66
5 68
5 70
5 74
5 82
5 83
5 84
5 86
5 87
5 88
5 91
5 96
5 98
5 99
6 7
6 9
6 10
6 17
6 18
6 19
6 20
6 21
6 22
6 24
6 26
6 27
6 30
6 37
6 38
6 41
6 44
6 48
6 53
6 60
6 64
6 65
6 68
6 75
6 77
6 78
6 81
6 87
6 88
6 94
6 98
6 99
7 10
7 11
7 12
7 13
7 20
7 22
7 24
7 25
7 28
7 31
7 34
7 40
7 41
7 42
7 46
7 47
7 49
7 51
7 52
7 56
7 59
7 62
7 71
7 73
7 76
7 80
7 81
7 87
7 88
7 91
7 94
7 99
8 11
8 13
8 15
8 16
8 17
8 18
8 20
8 23
8 24
8 28
8 36
8 39
8 41
8 42
8 46
8 49
8 52
8 53
8 54
8 55
8 60
8 64
8 68
8 69
8 70
8 75
8 76
8 77
8 78
8 81
8 88
8 92
8 94
8 96
9 14
9 16
9 17
9 18
9 21
9 24
9 25
9 28
9 31
9 39
9 40
9 42
9 46
9 52
9 53
9 55
9 56
9 64
9 68
9 69
9 72
9 78
9 80
9 81
9 87
9 92
9 98
10 12
10 14
10 16
10 17
10 20
10 24
10 26
10 29
10 30
10 37
10 42
10 44
10 51
10 56
10 57
10 58
10 59
10 60
10 66
10 67
10 68
10 69
10 71
10 76
10 77
10 79
10 80
10 82
10 86
10 87
10 92
10 95
10 97
11 15
11 18
11 19
11 22
11 27
11 28
11 29
11 32
11 34
11 37
11 41
11 44
11 46
11 47
11 48
11 49
11 50
11 53
11 57
11 59
11 60
11 66
11 75
11 79
11 80
11 84
11 89
11 90
11 92
11 94
12 13
12 15
12 16
12 21
12 33
12 34
12 37
12 39
12 45
12 47
12 51
12 53
12 55
12 58
12 60
12 61
12 64
12 66
12 69
12 71
12 72
12 75
12 80
12 81
12 82
12 88
12 89
12 90
12 93
12 96
13 15
13 16
13 20
13 21
13 23
13 31
13 42
13 43
13 44
13 47
13 49
13 51
13 54
13 55
13 56
13 59
13 60
13 61
13 63
13 64
13 65
13 68
13 70
13 71
13 74
13 75
13 81
13 82
13 84
13 88
13 93
13 98
13 99
14 19
14 22
14 23
14 30
14 31
14 32
14 42
14 43
14 46
14 47
14 49
14 51
14 56
14 58
14 60
14 61
14 65
14 67
14 68
14 76
14 80
14 81
14 82
14 85
14 86
14 90
14 91
14 92
14 93
14 97
15 17
15 19
15 20
15 21
15 22
15 23
15 25
15 27
15 30
15 35
15 36
15 38
15 39
15 42
15 46
15 48
15 49
15 52
15 53
15 56
15 58
15 60
15 61
15 62
15 65
15 66
15 74
15 78
15 79
15 81
15 84
15 86
15 88
15 94
15 97
15 99
16 17
16 24
16 29
16 34
16 36
16 38
16 39
16 41
16 42
16 45
16 46
16 51
16 56
16 58
16 59
16 61
16 63
16 64
16 65
16 67
16 72
16 73
16 75
16 76
16 81
16 84
16 86
16 89
16 90
16 93
16 95
16 96
16 99
17 22
17 26
17 27
17 28
17 29
17 31
17 33
17 41
17 43
17 44
17 48
17 49
17 53
17 54
17 55
17 58
17 59
17 62
17 68
17 70
17 74
17 75
17 76
17 78
17 79
17 81
17 84
17 85
17 86
17 87
17 89
17 92
18 20
18 26
18 28
18 31
18 33
18 36
18 41
18 44
18 48
18 57
18 60
18 61
18 63
18 64
18 66
18 71
18 73
18 74
18 76
18 78
18 81
18 84
18 87
18 88
18 89
18 96
19 21
19 22
19 23
19 32
19 40
19 42
19 49
19 54
19 55
19 57
19 62
19 63
19 64
19 69
19 73
19 75
19 77
19 79
19 83
19 84
19 87
19 89
19 91
19 93
20 24
20 25
20 27
20 29
20 30
20 33
20 36
20 39
20 40
20 47
20 49
20 52
20 53
20 54
20 56
20 57
20 59
20 62
20 64
20 66
20 67
20 72
20 77
20 78
20 80
20 82
20 83
20 86
20 89
20 90
20 92
20 96
20 97
20 98
20 99
21 23
21 25
21 26
21 36
21 39
21 42
21 43
21 45
21 46
21 47
21 48
21 51
21 52
21 53
21 54
21 61
21 64
21 69
21 73
21 74
21 77
21 81
21 82
21 84
21 85
21 86
21 88
21 89
21 91
21 92
21 93
21 96
22 23
22 25
22 27
22 28
22 29
22 32
22 35
22 38
22 39
22 41
22 43
22 44
22 45
22 47
22 54
22 55
22 57
22 59
22 62
22 64
22 65
22 68
22 69
22 70
22 71
22 75
22 77
22 78
22 82
22 83
23 26
23 27
23 30
23 33
23 34
23 37
23 38
23 39
23 40
23 43
23 44
23 46
23 47
23 50
23 56
23 59
23 64
23 74
23 81
23 82
23 86
23 87
23 92
23 93
23 94
23 97
23 99
24 27
24 33
24 36
24 38
24 40
24 41
24 42
24 43
24 46
24 48
24 52
24 56
24 58
24 59
24 60
24 61
24 66
24 69
24 72
24 75
24 76
24 82
24 85
24 86
24 89
24 90
24 94
25 26
25 28
25 30
25 33
25 39
25 40
25 41
25 48
25 49
25 58
25 64
25 65
25 73
25 74
25 76
25 77
25 78
25 80
25 81
25 82
25 83
25 86
25 93
25 94
25 97
26 33
26 35
26 36
26 40
26 41
26 45
26 48
26 49
26 52
26 53
26 56
26 57
26 59
26 60
26 61
26 64
26 66
26 67
26 68
26 69
26 71
26 75
26 81
26 82
26 85
26 86
26 87
26 88
26 89
26 91
26 92
26 95
27 36
27 37
27 38
27 41
27 43
27 47
27 52
27 54
27 55
27 61
27 66
27 74
27 75
27 76
27 78
27 84
27 85
27 89
27 97
27 98
28 29
28 32
28 33
28 34
28 36
28 38
28 39
28 45
28 47
28 51
28 55
28 59
28 61
28 64
28 65
28 66
28 74
28 75
28 76
28 78
28 81
28 84
28 86
28 90
28 96
28 97
29 31
29 32
29 34
29 35
29 37
29 39
29 46
29 49
29 51
29 54
29 55
29 56
29 57
29 59
29 62
29 64
29 65
29 66
29 71
29 76
29 78
29 80
29 81
29 82
29 83
29 87
29 92
29 94
30 31
30 32
30 35
30 37
30 39
30 41
30 45
30 48
30 50
30 51
30 53
30 55
30 56
30 60
30 62
30 65
30 66
30 68
30 70
30 76
30 82
30 84
30 88
30 89
30 92
30 94
30 96
30 98
31 32
31 37
31 40
31 45
31 46
31 49
31 50
31 52
31 53
31 54
31 55
31 58
31 61
31 63
31 64
31 67
31 69
31 71
31 73
31 75
31 78
31 79
31 81
31 84
31 85
31 86
32 37
32 40
32 44
32 51
32 56
32 58
32 59
32 61
32 66
32 69
32 71
32 75
32 77
32 79
32 81
32 84
32 87
32 88
32 89
32 90
32 92
32 93
32 94
32 97
33 38
33 39
33 41
33 48
33 50
33 55
33 56
33 58
33 68
33 69
33 70
33 72
33 74
33 81
33 82
33 84
33 86
33 92
33 93
33 98
34 37
34 38
34 40
34 41
34 42
34 43
34 44
34 45
34 46
34 47
34 51
34 52
34 54
34 56
34 61
34 62
34 64
34 65
34 67
34 69
34 76
34 84
34 87
34 88
34 90
34 92
34 97
34 98
35 37
35 38
35 41
35 42
35 52
35 54
35 55
35 57
35 58
35 62
35 65
35 66
35 69
35 74
35 75
35 81
35 84
35 85
35 86
35 92
35 94
35 95
35 96
35 97
35 98
36 38
36 41
36 53
36 54
36 58
36 61
36 65
36 67
36 71
36 73
36 76
36 78
36 80
36 85
36 91
36 94
36 99
37 39
37 42
37 47
37 49
37 51
37 52
37 53
37 55
37 59
37 60
37 62
37 63
37 66
37 67
37 69
37 70
37 71
37 74
37 75
37 77
37 81
37 89
37 90
37 96
37 99
38 39
38 40
38 42
38 43
38 45
38 46
38 47
38 51
38 53
38 57
38 58
38 62
38 64
38 65
38 69
38 73
38 78
38 80
38 83
38 84
38 86
38 89
38 90
38 92
39 48
39 49
39 51
39 53
39 55
39 60
39 62
39 64
39 65
39 66
39 67
39 69
39 71
39 72
39 73
39 75
39 84
39 85
39 86
39 87
39 88
39 94
39 96
40 43
40 44
40 46
40 47
40 51
40 52
40 55
40 59
40 62
40 67
40 71
40 76
40 78
40 85
40 86
40 89
40 91
40 93
40 98
41 43
41 44
41 49
41 51
41 52
41 54
41 58
41 61
41 65
41 74
41 75
41 76
41 80
41 84
41 90
41 94
41 99
42 43
42 45
42 48
42 50
42 52
42 53
42 55
42 56
42 61
42 62
42 64
42 65
42 71
42 75
42 76
42 79
42 82
42 86
42 87
42 88
42 90
42 91
42 93
42 99
43 52
43 53
43 55
43 56
43 59
43 61
43 62
43 63
43 65
43 69
43 70
43 73
43 74
43 77
43 78
43 80
43 82
43 83
43 84
43 85
43 86
43 90
43 97
44 45
44 46
44 47
44 52
44 53
44 61
44 64
44 65
44 66
44 67
44 69
44 79
44 80
44 82
44 83
44 85
44 87
44 96
45 46
45 47
45 50
45 51
45 57
45 62
45 69
45 81
45 89
45 96
45 98
45 99
46 51
46 53
46 55
46 62
46 69
46 70
46 80
46 82
46 84
46 85
46 86
46 88
46 91
46 94
47 48
47 51
47 52
47 53
47 60
47 61
47 62
47 65
47 66
47 67
47 70
47 71
47 73
47 75
47 77
47 79
47 82
47 87
47 89
47 94
47 97
47 99
48 50
48 54
48 56
48 58
48 60
48 66
48 67
48 77
48 78
48 79
48 81
48 82
48 84
48 85
48 88
48 90
48 97
49 52
49 53
49 54
49 56
49 61
49 62
49 64
49 67
49 77
49 78
49 82
49 89
49 92
49 93
50 51
50 56
50 58
50 62
50 64
50 73
50 75
50 77
50 78
50 79
50 81
50 82
50 89
50 91
50 93
50 95
50 97
51 56
51 58
51 59
51 68
51 70
51 73
51 77
51 80
51 82
51 83
51 88
51 90
51 93
51 94
51 97
52 56
52 59
52 61
52 62
52 64
52 65
52 66
52 68
52 69
52 73
52 75
52 76
52 77
52 80
52 82
52 84
52 92
52 98
53 55
53 59
53 61
53 64
53 65
53 67
53 68
53 69
53 70
53 72
53 73
53 74
53 79
53 81
53 88
53 89
53 90
53 91
53 93
53 95
53 98
54 55
54 56
54 59
54 62
54 63
54 64
54 67
54 70
54 71
54 76
54 77
54 86
54 88
54 98
54 99
55 56
55 63
55 64
55 65
55 66
55 67
55 68
55 71
55 74
55 77
55 79
55 82
55 85
55 87
55 94
56 65
56 67
56 69
56 70
56 73
56 75
56 81
56 88
56 90
56 92
56 97
57 58
57 59
57 60
57 62
57 66
57 67
57 70
57 76
57 79
57 83
57 85
57 86
57 87
57 88
58 59
58 60
58 61
58 62
58 63
58 65
58 67
58 68
58 71
58 76
58 77
58 78
58 81
58 84
58 88
58 89
58 90
58 92
58 93
58 95
58 99
59 61
59 62
59 69
59 70
59 72
59 73
59 75
59 77
59 82
59 83
59 84
59 87
59 88
59 90
59 91
59 96
60 62
60 63
60 65
60 74
60 75
60 78
60 80
60 81
60 85
60 86
60 87
60 90
60 91
60 95
60 99
61 65
61 66
61 69
61 70
61 72
61 73
61 74
61 76
61 77
61 78
61 81
61 85
61 86
61 90
61 91
61 93
61 96
61 97
62 69
62 82
62 83
62 89
62 94
62 96
62 97
62 99
63 75
63 79
63 88
63 90
63 91
63 93
63 95
63 96
64 65
64 66
64 67
64 68
64 69
64 73
64 74
64 76
64 79
64 82
64 85
64 87
64 88
64 90
64 91
64 92
64 96
64 98
65 66
65 70
65 78
65 81
65 85
65 86
65 91
65 96
66 68
66 70
66 71
66 75
66 77
66 80
66 82
66 84
66 85
66 86
66 87
66 88
66 90
66 94
66 96
66 99
67 69
67 70
67 71
67 73
67 80
67 83
67 85
67 94
67 96
67 99
68 70
68 74
68 75
68 76
68 77
68 82
68 88
68 89
68 93
68 96
68 99
69 70
69 71
69 75
69 77
69 78
69 80
69 84
69 85
69 88
69 90
69 98
70 74
70 77
70 80
70 81
70 83
70 86
70 87
70 89
70 92
70 94
70 95
70 99
71 76
71 78
71 84
71 85
71 91
71 94
71 96
71 99
72 76
72 94
72 96
73 75
73 77
73 84
73 91
74 75
74 80
74 83
74 92
74 95
74 96
75 78
75 79
75 80
75 82
75 83
75 89
75 90
75 91
75 96
75 98
75 99
76 78
76 81
76 89
76 91
76 94
76 96
76 97
76 99
77 80
77 82
77 83
77 85
77 86
77 89
77 91
77 93
78 81
78 86
78 87
78 88
78 89
78 90
78 91
78 94
78 97
78 98
79 81
79 84
79 86
79 89
79 91
79 92
79 96
79 98
80 83
80 86
80 88
80 90
80 97
80 99
81 82
81 86
81 91
81 93
81 95
81 96
81 97
82 83
82 84
82 86
82 87
82 91
83 84
83 95
83 96
84 86
84 87
84 89
84 90
84 93
84 98
84 99
85 86
85 87
85 94
85 96
85 97
85 98
86 89
86 90
86 91
86 99
87 90
87 91
87 97
87 98
87 99
88 92
88 93
88 95
89 94
89 99
90 91
90 94
90 96
90 97
91 92
91 96
93 94
93 96
93 97
93 98
94 95
94 96
95 96
95 99
96 97
