60 133
1 6 1 2 14 7 14 5 9 14 1 6 9 7 2 10 0 3 10 6 11 0 9 2 4 1 14 6 6 4 7 4 7 8 3 10 1 12 7 5 5 2 3 3 6 2 5 4 6 15 2 8 1 7 13 11 7 8 7 14 
0 14
0 17
0 18
0 29
0 35
0 36
1 3
1 18
1 31
1 50
2 23
2 39
2 53
3 8
3 11
3 31
3 41
4 9
4 23
4 37
4 42
5 28
5 29
5 34
5 37
5 45
5 57
6 15
6 58
7 39
7 44
7 46
7 48
7 52
7 55
8 12
8 20
8 26
8 39
8 47
8 48
9 14
10 22
10 29
10 36
10 37
10 51
10 54
10 58
11 25
11 30
11 38
11 39
11 55
12 14
12 15
12 17
12 21
13 17
13 21
13 43
13 45
14 39
14 44
14 49
15 44
15 48
16 44
17 20
17 57
18 53
19 25
19 52
19 55
20 34
20 36
20 41
20 42
21 40
21 42
21 50
22 25
22 35
22 39
22 49
22 52
22 53
23 30
23 44
24 32
24 34
24 40
24 45
24 51
25 33
25 54
26 31
26 34
27 44
27 49
27 52
28 36
28 59
29 37
29 49
30 36
30 41
30 45
30 54
31 40
31 48
31 55
32 48
33 51
34 46
34 50
35 38
36 39
36 40
37 56
40 42
41 43
42 44
42 55
43 46
43 48
44 58
45 47
45 55
47 54
47 58
50 51
57 58
