50 96
6 7 4 5 4 1 1 0 5 5 5 6 0 4 0 3 3 2 4 3 7 3 4 3 5 7 7 5 7 4 5 0 0 2 3 5 5 1 2 0 1 0 7 6 5 5 2 2 1 0 
0 33
0 47
1 32
1 37
1 44
2 7
2 20
2 46
3 11
3 15
3 44
3 47
4 17
4 26
4 38
5 10
5 31
5 36
6 23
6 24
6 38
7 16
7 34
8 21
8 49
9 24
9 48
10 24
10 49
11 16
11 20
11 34
11 36
11 38
11 41
11 48
12 22
13 30
13 32
13 33
13 35
13 45
14 20
14 28
14 34
14 38
14 46
14 47
15 41
15 45
17 39
18 30
18 40
19 49
20 31
20 38
20 40
20 47
21 28
21 29
21 33
21 45
22 28
22 29
22 32
22 33
22 38
24 32
24 44
25 26
25 42
27 29
27 38
28 38
28 42
29 39
29 41
31 35
31 39
32 38
32 42
33 36
34 38
35 42
35 49
36 38
36 40
36 43
37 39
37 49
38 42
38 46
38 49
39 46
40 46
42 45
