80 120
3 6 13 2 8 3 3 3 10 8 13 1 14 10 13 1 8 15 13 12 2 12 9 0 11 8 6 0 8 7 13 13 1 13 13 11 14 7 0 6 2 5 1 6 3 4 0 0 11 10 5 6 8 8 12 5 6 5 2 6 5 6 2 5 11 2 9 1 1 0 4 2 6 13 14 0 1 2 9 10 
0 25
0 32
1 42
2 21
2 55
2 77
3 15
3 25
4 10
4 41
4 63
5 21
5 60
5 68
6 43
6 64
6 69
7 13
7 16
7 67
8 54
8 75
9 20
9 32
10 26
10 48
10 57
10 58
10 72
11 14
12 49
13 30
13 59
13 62
14 65
15 70
15 73
16 18
16 30
16 37
16 74
16 76
17 53
17 67
18 25
18 29
18 32
19 27
19 79
20 43
20 45
20 53
20 77
21 48
21 62
22 43
23 77
24 41
24 54
25 40
25 45
25 47
26 55
26 56
26 74
27 49
28 71
28 77
29 54
30 51
30 77
31 49
31 65
32 72
33 50
33 58
33 74
34 36
34 57
35 36
36 41
36 65
36 75
37 62
38 67
39 65
40 47
40 61
41 65
42 74
42 77
43 47
43 53
43 65
43 71
44 60
46 69
47 51
47 78
48 55
48 73
49 69
49 75
50 64
52 69
53 60
56 76
58 64
58 65
59 61
60 62
62 77
62 79
63 69
63 78
64 66
65 69
68 74
69 70
71 76
