70 121
13 2 1 2 8 10 12 10 5 9 7 8 8 13 4 3 15 10 8 3 1 9 7 1 6 1 5 6 9 12 0 14 0 15 2 2 10 2 1 2 11 6 12 1 3 0 13 3 13 10 12 11 11 7 3 6 11 12 13 1 5 14 5 4 3 1 14 12 13 11 
0 49
1 25
1 30
1 65
2 16
2 24
2 36
2 41
2 54
3 20
3 46
3 57
4 13
4 14
4 49
4 62
5 61
6 11
6 13
6 40
6 57
6 62
7 34
7 64
7 69
8 23
8 28
8 32
8 58
9 11
9 17
9 25
9 30
9 67
10 44
10 53
11 17
11 33
11 46
11 50
11 58
12 39
12 55
13 26
13 45
13 50
13 56
13 66
14 17
14 35
15 26
15 38
15 44
15 46
15 57
15 67
16 38
16 57
16 61
17 23
17 28
17 29
17 41
18 20
18 36
19 30
19 44
19 47
20 28
20 45
20 65
21 24
21 48
21 51
22 36
22 37
22 40
22 57
23 43
23 57
25 41
25 69
26 30
27 51
27 68
29 45
30 46
30 61
30 68
31 62
32 52
33 60
35 58
35 60
36 52
37 58
38 41
39 50
40 68
41 44
41 59
41 67
42 53
42 64
43 45
43 56
43 62
43 67
45 55
49 59
49 67
50 63
50 64
51 52
51 58
53 68
55 60
58 67
59 62
59 63
61 69
