50 87
4 7 4 1 2 1 0 6 3 7 7 6 2 6 0 2 7 5 2 0 0 7 3 2 1 6 1 3 4 7 6 5 5 3 1 0 2 4 6 5 0 0 0 4 7 0 5 0 5 0 
0 2
0 14
0 25
0 40
1 7
1 38
2 10
2 14
2 16
2 20
2 30
3 31
3 35
4 5
4 25
5 20
5 36
5 38
5 47
5 48
6 26
7 32
7 46
8 21
8 29
8 30
8 33
8 34
8 39
8 43
8 45
9 45
10 17
10 19
10 30
10 35
11 18
11 24
11 36
11 41
11 49
12 24
12 47
13 19
13 37
13 44
14 19
14 28
14 30
14 34
15 30
16 23
16 30
16 35
17 28
18 19
18 22
18 37
19 38
20 48
21 26
21 41
21 49
23 31
23 48
23 49
24 30
24 43
24 45
25 38
25 47
26 36
27 49
28 39
29 46
30 35
30 38
30 43
30 45
31 42
32 33
33 41
35 38
35 46
37 38
41 45
43 49
