60 177
9 12 10 3 12 0 9 11 6 7 5 10 5 12 10 14 11 12 5 12 15 4 9 10 5 9 14 13 2 7 15 14 7 3 14 0 7 12 11 14 3 6 4 2 12 11 15 4 0 1 3 6 13 2 15 8 7 9 6 2 
0 1
0 8
0 14
0 20
0 29
0 35
0 46
0 59
1 3
1 5
1 7
1 13
1 23
2 6
2 20
2 24
2 43
2 55
2 56
2 57
3 27
3 32
3 33
3 45
3 48
3 51
4 8
4 19
4 28
4 31
4 33
4 34
4 41
5 7
5 11
5 13
5 35
5 46
6 24
6 36
6 41
6 43
6 47
6 57
7 11
7 13
7 23
7 27
7 52
8 25
8 41
8 43
8 54
9 29
9 45
10 18
10 40
10 57
11 13
11 16
11 17
11 46
11 57
12 15
12 20
12 24
12 26
12 36
12 42
12 45
12 53
12 57
13 46
14 17
14 35
14 36
14 41
14 44
14 51
15 29
15 36
15 47
15 59
16 22
16 45
16 49
17 29
17 35
17 46
17 57
18 37
18 56
19 25
19 28
19 39
19 55
20 23
20 41
20 53
20 54
20 57
21 26
21 29
21 59
22 44
22 48
23 27
23 29
24 38
24 56
24 57
25 26
25 28
25 35
25 42
25 58
26 32
26 38
26 41
26 42
26 48
26 53
26 55
26 59
27 32
27 37
27 51
28 31
28 40
28 58
29 30
29 35
29 49
30 32
30 50
30 52
31 33
31 34
31 51
32 33
32 37
32 51
32 52
33 34
33 51
34 36
34 53
34 54
35 46
36 43
36 49
36 56
36 59
37 40
38 43
38 47
38 49
38 52
38 56
40 45
41 42
41 53
41 58
42 55
42 58
43 48
43 56
44 49
45 59
47 49
47 56
47 59
48 54
48 58
49 59
53 57
55 58
