60 635
14 7 3 0 15 0 8 15 5 13 9 12 8 0 2 6 6 9 7 5 6 3 4 15 2 4 3 3 5 13 15 3 8 11 5 13 9 7 2 3 1 7 6 10 14 11 15 15 3 8 0 4 0 3 0 1 6 12 5 3 
0 7
0 11
0 12
0 15
0 17
0 18
0 19
0 24
0 26
0 32
0 35
0 36
0 37
0 39
0 42
0 43
0 46
0 50
0 51
0 57
1 2
1 6
1 8
1 11
1 12
1 13
1 14
1 15
1 16
1 18
1 22
1 28
1 29
1 32
1 34
1 35
1 36
1 37
1 42
1 44
1 47
1 48
1 50
1 52
1 54
1 57
2 4
2 6
2 7
2 8
2 10
2 11
2 12
2 18
2 19
2 24
2 30
2 32
2 33
2 35
2 36
2 37
2 40
2 47
2 49
2 52
2 55
2 56
3 6
3 13
3 14
3 15
3 17
3 18
3 19
3 20
3 23
3 25
3 27
3 33
3 34
3 35
3 36
3 41
3 42
3 44
3 45
3 49
3 55
3 56
3 59
4 6
4 8
4 9
4 12
4 18
4 25
4 26
4 29
4 33
4 42
4 44
4 45
4 47
4 48
5 7
5 11
5 12
5 20
5 21
5 22
5 24
5 27
5 30
5 31
5 32
5 33
5 34
5 35
5 40
5 42
5 44
5 46
5 47
5 48
5 49
5 53
5 54
5 55
5 57
5 58
5 59
6 8
6 10
6 15
6 18
6 20
6 26
6 37
6 39
6 40
6 42
6 44
6 47
6 53
6 56
6 57
6 58
7 10
7 11
7 12
7 14
7 16
7 17
7 18
7 19
7 30
7 36
7 37
7 38
7 40
7 44
7 45
7 47
7 56
7 57
7 58
8 14
8 15
8 17
8 18
8 19
8 20
8 21
8 25
8 33
8 34
8 35
8 36
8 42
8 45
8 52
8 53
8 56
9 11
9 18
9 20
9 23
9 25
9 28
9 29
9 30
9 36
9 38
9 43
9 45
9 53
10 12
10 16
10 21
10 22
10 23
10 31
10 32
10 33
10 39
10 44
10 45
10 49
10 50
10 52
10 53
10 54
10 55
10 56
11 13
11 15
11 17
11 18
11 20
11 24
11 26
11 37
11 38
11 40
11 45
11 49
11 50
11 58
12 14
12 16
12 21
12 22
12 25
12 27
12 28
12 30
12 32
12 34
12 35
12 37
12 40
12 41
12 42
12 43
12 44
12 47
12 52
12 54
12 56
12 58
12 59
13 20
13 21
13 22
13 23
13 24
13 27
13 30
13 32
13 36
13 37
13 38
13 39
13 46
13 47
13 52
13 53
13 55
13 57
13 59
14 21
14 23
14 24
14 25
14 26
14 27
14 28
14 30
14 34
14 35
14 36
14 37
14 42
14 44
14 45
14 47
14 49
14 55
14 57
15 16
15 18
15 20
15 21
15 22
15 23
15 24
15 28
15 31
15 35
15 37
15 39
15 42
15 43
15 44
15 45
15 46
15 47
15 52
15 54
16 19
16 24
16 27
16 28
16 30
16 36
16 39
16 42
16 43
16 46
16 51
16 55
17 18
17 20
17 21
17 23
17 24
17 25
17 27
17 28
17 31
17 33
17 37
17 39
17 44
17 46
17 49
17 51
18 27
18 29
18 32
18 34
18 36
18 38
18 39
18 44
18 45
18 52
18 56
19 20
19 23
19 24
19 26
19 31
19 32
19 38
19 41
19 42
19 43
19 44
19 46
19 50
19 51
19 55
20 25
20 26
20 33
20 42
20 46
20 47
20 48
20 57
20 58
21 23
21 26
21 27
21 28
21 29
21 31
21 33
21 34
21 35
21 37
21 39
21 45
21 51
21 55
22 23
22 24
22 27
22 30
22 32
22 34
22 35
22 39
22 43
22 46
22 47
22 51
22 52
22 54
22 57
23 25
23 30
23 32
23 35
23 36
23 39
23 40
23 42
23 46
23 47
23 50
23 52
23 57
24 29
24 32
24 35
24 37
24 41
24 43
24 47
24 49
24 50
24 51
24 54
24 55
24 56
24 57
25 27
25 30
25 32
25 33
25 37
25 39
25 42
25 45
25 46
25 50
25 51
25 53
25 54
25 58
26 27
26 31
26 33
26 36
26 40
26 45
26 52
26 53
26 54
26 55
27 30
27 34
27 35
27 36
27 37
27 39
27 43
27 53
27 54
28 29
28 30
28 32
28 34
28 37
28 39
28 40
28 41
28 45
28 46
28 54
28 55
28 59
29 30
29 31
29 35
29 38
29 42
29 45
29 48
29 51
29 53
29 54
29 58
30 33
30 35
30 37
30 39
30 51
30 52
31 32
31 33
31 40
31 41
31 42
31 45
31 49
31 51
31 54
31 55
31 56
32 34
32 35
32 36
32 37
32 38
32 41
32 43
32 44
32 45
32 46
32 47
32 49
32 51
32 53
32 55
32 56
32 58
33 43
33 45
33 46
33 50
33 51
33 54
33 56
33 59
34 36
34 37
34 57
35 37
35 38
35 39
35 40
35 42
35 45
35 48
35 54
35 57
36 38
36 39
36 47
36 51
36 52
37 39
37 40
37 45
37 47
37 51
37 53
37 54
37 57
37 59
38 40
38 46
38 49
38 54
38 55
39 40
39 42
39 43
39 47
39 49
39 51
39 55
39 56
39 58
40 42
40 53
40 54
41 47
41 50
41 51
42 49
42 53
42 54
42 56
42 58
43 46
43 47
43 48
43 51
43 54
43 55
43 56
43 57
43 58
44 45
44 46
44 50
44 56
44 57
45 46
45 51
45 52
45 56
46 47
46 50
46 56
46 59
47 49
47 52
47 55
47 57
47 58
48 52
49 50
49 51
49 54
49 59
50 51
50 52
50 53
50 54
50 55
50 56
50 58
51 54
51 58
52 54
52 56
52 59
53 57
54 55
54 56
54 57
54 58
55 56
55 58
55 59
56 57
56 58
56 59
58 59
