60 144
3 4 10 3 4 1 4 15 1 4 9 8 3 8 15 0 2 13 7 8 12 6 4 5 12 12 8 8 11 15 15 6 7 3 7 13 10 3 2 8 6 15 14 8 12 3 3 6 6 9 5 2 5 9 7 0 7 10 2 12 
0 5
0 9
0 14
0 19
0 37
0 46
0 49
1 17
1 42
1 49
1 52
2 24
2 25
2 33
2 35
2 39
2 44
3 23
3 26
3 27
3 54
4 32
4 33
4 45
4 50
5 19
5 26
5 36
5 47
5 51
6 23
6 51
6 56
6 59
7 10
7 51
7 57
8 9
8 17
8 25
8 37
8 46
9 14
9 16
9 25
9 39
9 44
10 31
10 38
10 45
11 22
11 33
11 40
11 42
12 51
12 57
13 18
13 25
13 31
13 37
13 42
13 51
13 56
14 21
14 27
14 34
14 50
15 21
15 47
16 40
16 41
16 57
17 31
17 55
18 19
18 25
18 27
18 36
18 49
19 33
20 25
20 32
21 46
21 50
22 23
22 26
22 28
22 33
22 59
23 46
23 48
23 49
23 58
24 26
24 50
24 58
25 29
25 30
25 38
26 28
26 47
26 55
27 28
27 34
27 41
28 30
28 35
28 53
29 31
29 47
30 35
30 39
30 49
30 53
30 59
33 39
33 41
33 49
34 42
35 38
35 45
35 47
36 58
37 49
37 51
37 56
38 40
38 59
39 45
39 54
40 50
41 49
41 53
42 52
42 54
43 50
45 59
46 53
46 58
47 55
49 50
49 54
53 59
57 59
