60 643
8 9 5 7 3 5 0 3 5 14 14 12 14 9 2 9 2 14 1 2 3 8 13 15 10 8 5 13 12 9 1 5 13 7 0 6 10 1 0 13 13 9 10 14 7 10 9 14 8 13 9 1 12 7 12 9 4 3 8 5 
0 1
0 2
0 9
0 16
0 19
0 21
0 23
0 24
0 25
0 27
0 28
0 30
0 35
0 36
0 40
0 41
0 46
0 47
0 48
0 49
0 52
0 56
0 59
1 2
1 5
1 8
1 10
1 20
1 22
1 25
1 26
1 27
1 28
1 30
1 31
1 34
1 35
1 40
1 42
1 44
1 45
1 46
1 49
1 50
1 53
1 54
1 56
1 58
2 4
2 6
2 8
2 9
2 10
2 13
2 14
2 16
2 18
2 22
2 25
2 26
2 29
2 30
2 31
2 34
2 35
2 39
2 40
2 41
2 42
2 44
2 46
2 48
2 49
2 50
2 52
2 57
3 4
3 7
3 12
3 13
3 14
3 15
3 16
3 20
3 22
3 23
3 27
3 28
3 34
3 35
3 36
3 47
3 49
3 51
3 53
3 54
3 55
3 58
3 59
4 10
4 12
4 14
4 18
4 25
4 26
4 27
4 28
4 30
4 32
4 33
4 35
4 37
4 38
4 40
4 45
4 48
4 53
4 54
4 55
4 57
5 6
5 9
5 11
5 16
5 25
5 27
5 29
5 30
5 32
5 39
5 40
5 41
5 43
5 44
5 54
5 57
6 7
6 10
6 13
6 15
6 16
6 17
6 18
6 24
6 25
6 26
6 27
6 30
6 31
6 32
6 39
6 42
6 44
6 46
6 47
6 51
6 52
6 53
6 55
6 57
6 58
6 59
7 14
7 17
7 19
7 20
7 21
7 22
7 30
7 36
7 46
7 47
7 49
7 53
8 13
8 14
8 16
8 25
8 26
8 30
8 32
8 33
8 34
8 39
8 40
8 41
8 42
8 44
8 46
8 48
8 50
8 52
8 55
8 57
8 58
8 59
9 12
9 13
9 14
9 16
9 22
9 23
9 25
9 26
9 28
9 31
9 40
9 43
9 45
9 46
9 50
9 51
9 52
9 54
9 55
9 56
9 57
9 58
10 14
10 16
10 18
10 24
10 27
10 28
10 30
10 31
10 34
10 39
10 50
10 55
10 58
11 13
11 21
11 32
11 33
11 35
11 40
11 44
11 46
11 48
11 50
11 51
11 56
12 18
12 26
12 34
12 35
12 38
12 39
12 41
12 44
12 45
12 46
12 48
12 50
12 51
12 53
12 58
13 18
13 19
13 22
13 24
13 27
13 30
13 33
13 34
13 48
13 52
13 53
13 54
13 55
13 57
13 58
14 20
14 22
14 27
14 30
14 31
14 32
14 35
14 38
14 42
14 48
14 49
14 52
14 55
14 57
14 59
15 20
15 22
15 23
15 24
15 35
15 36
15 37
15 41
15 44
15 47
15 50
15 51
16 18
16 22
16 27
16 28
16 29
16 32
16 34
16 37
16 44
16 45
16 49
16 59
17 18
17 21
17 23
17 24
17 26
17 31
17 34
17 38
17 42
17 43
17 44
17 48
17 50
17 51
18 19
18 20
18 21
18 22
18 25
18 26
18 28
18 32
18 37
18 40
18 46
18 54
18 56
18 57
19 21
19 26
19 33
19 39
19 41
19 43
19 44
19 46
19 47
19 51
19 52
19 53
19 59
20 21
20 37
20 38
20 39
20 40
20 41
20 43
20 59
21 23
21 24
21 25
21 28
21 29
21 37
21 39
21 40
21 42
21 56
21 59
22 24
22 30
22 31
22 33
22 34
22 37
22 44
22 46
22 47
22 48
22 50
22 54
22 55
22 56
22 57
22 59
23 24
23 29
23 39
23 40
23 43
23 46
23 47
23 49
23 50
23 57
23 58
24 25
24 29
24 31
24 33
24 35
24 39
24 44
24 46
24 50
24 51
24 57
24 58
24 59
25 27
25 29
25 30
25 31
25 38
25 44
25 45
25 48
25 51
25 52
25 54
25 55
25 59
26 27
26 28
26 32
26 33
26 36
26 37
26 40
26 41
26 44
26 45
26 50
26 52
26 54
26 58
26 59
27 32
27 34
27 35
27 36
27 37
27 38
27 42
27 46
27 47
27 49
27 53
27 59
28 29
28 41
28 42
28 46
28 49
28 52
28 55
28 56
29 32
29 33
29 40
29 41
29 46
29 48
29 53
29 54
29 56
29 58
30 31
30 32
30 34
30 36
30 39
30 46
30 47
30 56
30 57
30 59
31 32
31 33
31 39
31 43
31 44
31 46
31 48
31 50
31 51
31 52
31 55
31 56
31 57
31 58
31 59
32 35
32 43
32 46
32 47
32 48
32 50
32 51
32 52
32 53
32 56
32 57
33 34
33 36
33 38
33 39
33 40
33 44
33 47
33 48
33 49
33 52
33 53
33 55
33 58
33 59
34 35
34 37
34 39
34 42
34 43
34 48
34 54
34 55
34 56
34 59
35 36
35 39
35 40
35 52
35 54
35 55
35 59
36 38
36 41
36 43
36 44
36 47
36 50
36 55
36 56
36 59
37 39
37 40
37 41
37 42
37 44
37 45
37 47
37 51
37 59
38 39
38 40
38 42
38 43
38 47
38 48
38 53
38 54
38 55
38 58
39 41
39 44
39 48
39 52
39 54
39 58
39 59
40 43
40 45
40 46
40 48
40 49
40 55
41 47
41 54
41 55
41 58
41 59
42 44
42 47
42 48
42 49
42 51
42 54
42 55
42 57
42 59
43 46
43 50
43 56
43 57
43 58
44 45
44 48
44 50
44 51
44 53
44 56
44 57
44 59
45 47
45 48
45 49
45 53
45 56
45 57
46 48
46 49
46 50
46 51
46 55
46 56
47 54
47 57
48 49
48 59
49 52
49 59
50 51
50 52
50 54
50 56
50 57
50 58
51 54
51 55
51 56
51 57
51 59
53 55
53 57
54 55
54 57
55 57
56 59
57 58
57 59
58 59
