60 333
11 5 1 14 13 11 4 15 2 10 14 5 14 7 6 6 7 15 11 6 14 3 13 6 15 9 8 4 12 2 3 14 12 7 7 9 14 14 0 12 2 12 5 0 3 1 0 15 2 15 14 11 0 4 14 7 14 13 8 2 
0 1
0 13
0 19
0 22
0 28
0 31
0 33
0 36
0 37
0 42
0 44
1 5
1 6
1 10
1 22
1 23
1 37
1 45
1 47
1 48
1 49
1 50
1 53
1 59
2 5
2 14
2 15
2 17
2 21
2 33
2 36
2 39
2 46
2 56
3 4
3 6
3 13
3 21
3 23
3 32
3 35
3 36
3 45
3 47
3 48
3 49
3 58
3 59
4 10
4 15
4 38
4 51
4 52
4 56
5 6
5 14
5 16
5 21
5 23
5 30
5 33
5 37
5 40
5 42
5 50
5 57
5 58
6 14
6 17
6 23
6 24
6 25
6 27
6 31
6 36
6 37
6 39
6 42
6 48
6 57
7 8
7 13
7 14
7 18
7 20
7 28
7 36
7 41
7 45
7 50
8 9
8 11
8 20
8 31
8 34
8 42
8 52
8 54
8 55
8 59
9 10
9 11
9 29
9 43
9 49
9 52
9 53
9 54
10 17
10 18
10 21
10 30
10 32
10 38
10 40
10 45
10 48
10 51
11 12
11 16
11 23
11 27
11 28
11 29
11 45
11 47
11 53
12 13
12 15
12 31
12 33
13 16
13 17
13 20
13 31
13 33
13 40
13 46
13 51
13 52
14 18
14 20
14 26
14 32
14 38
14 41
14 43
14 50
14 58
15 21
15 24
15 26
15 34
15 44
16 22
16 32
16 33
16 35
16 39
16 47
16 48
16 55
16 58
17 32
17 52
18 19
18 25
18 28
18 29
18 37
18 45
18 47
18 55
18 57
19 24
19 27
19 38
19 42
19 45
19 50
19 51
19 55
19 56
19 58
19 59
20 21
20 24
20 39
21 26
21 37
21 46
21 50
22 27
22 41
22 45
22 47
22 50
22 54
23 25
23 27
23 29
23 36
23 41
23 48
23 51
23 56
24 36
24 39
24 40
24 45
24 48
24 54
24 55
24 58
25 26
25 35
25 39
25 41
25 50
25 56
25 58
26 46
26 48
26 50
26 53
26 54
26 58
27 31
27 33
27 43
27 44
27 48
27 54
27 55
27 59
28 43
28 45
28 46
28 57
29 38
29 42
29 47
29 48
29 54
29 58
30 31
30 39
30 40
30 43
30 54
31 51
32 36
32 38
32 42
32 47
32 51
32 55
32 57
33 37
33 38
33 50
33 51
33 53
33 55
33 57
33 58
34 38
34 48
34 51
34 53
35 42
35 44
35 46
35 47
35 59
36 53
36 57
36 58
37 41
37 42
37 44
37 45
37 52
37 55
37 56
37 57
38 42
38 44
38 46
38 50
38 53
38 56
38 57
39 40
39 44
39 47
39 51
40 42
40 47
40 48
40 50
40 52
42 45
42 51
42 54
42 56
43 45
43 50
43 52
43 53
44 45
44 51
44 52
45 46
45 50
45 54
45 57
45 58
46 49
46 51
47 51
47 53
48 53
48 56
48 58
49 56
49 58
50 55
52 56
53 58
54 57
54 58
57 59
