100 935
6 29 15 30 20 6 12 24 19 9 4 25 15 12 11 1 18 21 18 10 19 31 26 16 13 21 9 15 16 19 26 19 9 12 14 23 19 12 10 2 3 11 23 24 8 4 11 22 14 10 29 0 7 23 1 25 31 18 2 20 14 6 10 5 6 19 1 27 31 6 26 2 5 29 28 26 5 18 18 31 12 25 2 26 31 0 11 31 16 25 3 8 11 3 21 1 19 13 21 12 
0 3
0 7
0 9
0 10
0 14
0 15
0 26
0 33
0 43
0 44
0 47
0 55
0 56
0 57
0 65
0 68
0 70
0 76
0 79
0 83
0 89
0 91
1 9
1 13
1 24
1 29
1 35
1 36
1 47
1 48
1 51
1 69
1 80
1 85
1 91
1 97
2 11
2 19
2 23
2 24
2 25
2 31
2 35
2 37
2 38
2 49
2 52
2 55
2 56
2 62
2 64
2 66
2 69
2 70
2 74
2 75
2 79
2 90
2 94
3 4
3 5
3 6
3 11
3 14
3 15
3 25
3 28
3 36
3 38
3 39
3 42
3 53
3 58
3 64
3 76
3 78
3 80
3 88
3 90
4 20
4 29
4 32
4 38
4 46
4 52
4 64
4 74
4 76
4 80
4 81
4 85
4 89
4 95
5 9
5 10
5 29
5 32
5 33
5 49
5 56
5 62
5 91
5 94
5 95
5 99
6 8
6 12
6 14
6 16
6 17
6 23
6 29
6 33
6 42
6 59
6 62
6 68
6 75
6 76
6 81
6 83
6 84
6 86
6 95
7 12
7 16
7 19
7 25
7 27
7 30
7 36
7 44
7 48
7 59
7 67
7 73
7 74
7 75
7 76
7 89
7 93
7 97
7 99
8 19
8 29
8 34
8 37
8 64
8 83
8 91
9 15
9 22
9 27
9 28
9 35
9 42
9 52
9 53
9 56
9 58
9 61
9 66
9 75
9 81
9 90
10 16
10 20
10 21
10 32
10 38
10 49
10 58
10 61
10 77
10 78
10 80
10 83
10 85
10 88
10 89
10 93
10 96
10 98
11 14
11 22
11 34
11 37
11 43
11 44
11 46
11 47
11 52
11 53
11 57
11 58
11 60
11 73
11 82
11 88
11 94
11 97
11 99
12 13
12 18
12 25
12 38
12 60
12 67
12 68
12 81
12 84
12 95
12 97
12 99
13 14
13 16
13 25
13 35
13 36
13 37
13 40
13 44
13 48
13 50
13 54
13 58
13 61
13 63
13 75
13 78
13 80
13 82
13 86
13 89
13 93
13 99
14 19
14 21
14 24
14 30
14 32
14 33
14 41
14 42
14 49
14 54
14 61
14 63
14 65
14 76
14 79
14 81
14 83
14 84
14 88
14 96
15 20
15 33
15 34
15 43
15 48
15 50
15 54
15 62
15 65
15 86
15 88
15 93
16 17
16 25
16 43
16 44
16 45
16 51
16 52
16 53
16 54
16 55
16 57
16 59
16 65
16 69
16 75
16 81
16 92
17 22
17 24
17 28
17 29
17 33
17 44
17 45
17 46
17 48
17 49
17 59
17 74
17 78
17 80
17 81
17 87
17 93
17 95
17 98
17 99
18 22
18 24
18 28
18 35
18 40
18 42
18 43
18 51
18 64
18 65
18 70
18 71
18 74
18 81
18 86
18 90
18 96
18 97
19 22
19 28
19 31
19 36
19 37
19 49
19 53
19 56
19 61
19 66
19 67
19 69
19 71
19 80
19 81
19 88
19 91
19 93
19 94
19 95
20 31
20 35
20 36
20 37
20 39
20 42
20 53
20 54
20 58
20 63
20 64
20 78
20 81
20 83
20 88
20 89
20 90
20 91
20 93
20 98
21 23
21 34
21 36
21 40
21 51
21 54
21 57
21 58
21 61
21 63
21 66
21 67
21 69
21 78
21 80
21 86
21 87
21 92
21 94
22 38
22 45
22 56
22 57
22 67
22 71
22 81
22 88
22 91
22 96
23 25
23 35
23 40
23 41
23 42
23 45
23 53
23 56
23 63
23 70
23 72
23 74
23 78
23 84
23 86
23 89
23 90
23 97
24 30
24 36
24 46
24 60
24 61
24 74
24 75
24 88
24 97
24 99
25 54
25 62
25 92
25 93
26 29
26 40
26 44
26 46
26 51
26 64
26 71
26 78
26 82
26 88
26 90
26 96
26 97
27 29
27 45
27 56
27 57
27 61
27 62
27 69
27 72
27 84
27 86
27 96
27 97
28 53
28 56
28 67
28 68
28 76
28 80
28 90
28 92
29 33
29 35
29 54
29 57
29 62
29 67
29 69
29 70
29 81
29 87
29 88
29 91
29 92
29 98
30 45
30 50
30 59
30 62
30 72
30 78
30 88
30 90
31 44
31 50
31 51
31 59
31 66
31 68
31 76
31 81
31 86
31 92
31 94
32 36
32 38
32 53
32 55
32 57
32 62
32 73
32 85
32 87
32 97
33 34
33 36
33 43
33 49
33 55
33 56
33 59
33 60
33 61
33 80
33 81
33 83
33 84
33 86
33 91
33 92
33 97
33 98
34 39
34 47
34 48
34 56
34 65
34 68
34 69
34 72
34 82
34 94
34 95
35 41
35 67
35 71
35 72
35 76
35 91
35 93
35 95
36 59
36 61
36 78
36 79
36 82
36 85
36 92
36 96
36 97
37 50
37 54
37 63
37 75
37 79
37 81
37 82
37 84
37 88
37 91
38 39
38 43
38 45
38 55
38 57
38 70
38 72
38 75
38 79
38 84
38 94
39 42
39 44
39 47
39 49
39 50
39 55
39 64
39 68
39 69
39 71
39 75
39 85
39 92
39 93
39 94
39 95
40 42
40 52
40 80
40 84
40 86
40 89
40 98
41 48
41 59
41 66
41 68
41 69
41 75
41 85
41 97
42 45
42 47
42 50
42 53
42 54
42 56
42 60
42 65
42 76
42 94
43 46
43 47
43 51
43 52
43 57
43 64
43 66
43 71
43 81
43 86
44 46
44 47
44 57
44 58
44 59
44 66
44 68
44 70
44 71
44 80
44 81
45 46
45 52
45 58
45 59
45 69
45 72
45 73
45 74
45 78
45 86
45 98
46 58
46 70
46 73
46 75
46 79
46 80
46 81
46 88
46 94
47 50
47 51
47 53
47 56
47 59
47 65
47 67
47 69
47 76
47 79
47 91
47 95
47 96
47 99
48 53
48 56
48 61
48 69
48 71
48 72
48 74
48 75
48 80
48 89
48 90
48 96
49 50
49 55
49 58
49 61
49 67
49 78
49 79
49 80
49 83
49 87
49 92
49 99
50 55
50 56
50 62
50 65
50 66
50 69
50 83
50 84
50 85
50 89
50 91
50 93
50 97
51 53
51 56
51 58
51 59
51 63
51 64
51 66
51 67
51 71
51 73
51 80
51 83
51 87
51 95
51 97
52 64
52 65
52 69
52 71
52 75
52 83
52 98
53 60
53 61
53 66
53 69
53 75
53 82
53 85
53 87
53 88
53 91
53 95
54 64
54 70
54 71
54 78
54 81
54 82
54 84
54 96
54 97
55 60
55 61
55 65
55 92
55 93
56 60
56 61
56 62
56 72
56 74
56 76
56 87
56 93
56 98
57 59
57 68
57 72
57 90
57 91
57 95
58 59
58 63
58 64
58 68
58 79
58 87
59 61
59 69
59 70
59 72
59 74
59 80
59 85
59 92
59 97
60 61
60 69
60 79
60 83
60 84
60 87
60 90
61 66
61 69
61 70
61 75
61 78
61 81
61 86
61 89
61 90
61 99
62 64
62 75
62 82
62 84
62 95
62 98
63 66
63 67
63 70
63 77
63 85
63 86
63 95
64 72
64 77
64 79
64 81
64 83
64 84
64 88
64 90
64 96
65 75
65 78
65 79
65 81
65 85
66 68
66 71
66 72
66 78
66 79
66 80
66 82
66 99
67 68
67 69
67 70
67 72
67 74
67 81
67 84
67 88
67 90
67 94
67 98
68 71
68 76
68 77
68 81
68 88
68 97
68 99
69 74
69 79
69 84
69 94
69 96
70 71
70 72
70 73
70 74
70 75
70 87
70 93
70 99
71 76
71 77
71 80
71 92
72 74
72 75
72 79
72 99
73 80
73 87
73 95
73 96
74 76
74 78
74 80
74 84
74 92
74 95
75 79
75 81
75 83
75 86
75 87
75 89
75 97
76 77
76 79
76 83
76 84
76 92
76 93
77 80
77 81
77 90
77 92
77 94
78 84
78 90
78 95
79 82
79 83
79 85
79 94
79 97
80 92
80 96
81 84
81 90
81 95
82 86
82 88
84 85
84 86
84 87
84 88
84 97
85 92
86 87
86 95
87 95
88 90
88 93
88 98
89 90
90 98
91 96
91 99
92 96
92 97
93 98
94 95
94 97
95 96
95 98
95 99
