50 220
3 7 1 3 0 0 3 4 2 3 4 0 3 2 6 1 4 5 0 1 0 0 4 1 0 2 2 1 2 6 1 1 6 1 7 4 2 4 4 2 3 2 3 7 5 6 7 6 5 3 
0 1
0 5
0 9
0 11
0 19
0 25
0 27
0 32
0 35
0 37
0 41
0 43
0 44
0 48
1 5
1 6
1 10
1 15
1 16
1 28
1 31
2 9
2 16
2 17
2 18
2 33
3 7
3 11
3 16
3 20
3 26
3 39
4 5
4 17
4 20
4 27
4 30
4 34
4 36
4 37
4 41
4 42
4 44
4 46
4 47
4 48
5 7
5 11
5 13
5 20
5 23
5 25
5 27
5 35
5 39
5 41
5 46
5 48
6 10
6 15
6 32
6 41
6 46
7 10
7 13
7 14
7 22
7 23
7 24
7 36
7 41
7 46
8 14
8 16
8 23
8 32
8 40
8 42
9 10
9 15
9 16
9 24
9 25
9 32
9 33
9 39
9 43
9 45
9 49
10 19
10 38
10 48
11 20
11 25
11 27
11 30
11 32
11 40
11 41
11 44
11 46
11 47
12 14
12 19
12 35
13 14
13 16
13 21
13 22
13 23
13 38
14 18
14 24
14 35
14 38
15 16
15 19
15 20
15 29
15 33
15 41
16 22
16 24
16 30
16 34
16 36
16 38
17 20
17 22
17 25
17 32
17 33
17 37
17 41
17 43
17 44
17 46
17 48
18 19
18 24
18 27
18 36
18 48
18 49
19 29
19 37
20 25
20 32
20 39
20 41
20 44
20 46
21 37
21 39
22 23
22 27
22 33
22 35
22 38
22 43
23 37
23 40
23 44
23 45
24 31
24 40
24 45
25 27
25 32
25 37
25 46
26 33
26 38
26 42
26 43
26 44
26 45
27 31
27 32
27 35
27 37
27 46
27 48
28 46
29 30
29 32
29 35
29 38
29 47
30 38
30 42
31 35
31 48
32 37
32 44
32 48
33 35
33 43
34 36
34 38
34 44
34 45
35 39
37 44
37 46
37 48
38 46
39 42
41 44
41 46
41 47
41 48
42 43
42 48
43 45
43 46
44 45
44 48
44 49
45 47
