100 220
22 24 15 19 19 30 18 16 9 4 20 5 23 22 5 26 22 31 6 13 30 13 16 31 6 6 31 6 17 20 12 28 26 13 18 6 8 17 0 30 15 4 28 3 10 23 10 18 6 15 23 25 29 0 3 2 11 12 26 14 10 4 17 14 2 18 14 4 15 5 18 29 8 19 28 13 20 21 26 15 26 4 24 14 0 29 26 5 17 1 10 17 10 13 11 8 29 26 11 28 
0 10
0 28
0 30
0 63
0 67
0 81
0 90
0 96
0 98
0 99
1 7
1 10
1 11
1 14
1 40
1 56
2 3
2 5
2 8
2 24
2 45
2 56
2 58
2 62
2 70
2 85
3 79
4 6
4 28
4 52
4 82
4 86
5 21
5 49
6 29
6 59
6 67
6 73
6 79
6 96
7 15
7 50
7 60
7 86
8 14
8 65
8 80
9 12
9 21
9 39
9 42
9 63
9 82
10 27
10 51
10 60
10 69
11 18
11 33
11 66
11 87
11 88
11 93
11 95
12 18
12 29
12 45
12 69
12 73
12 88
13 67
14 70
14 84
15 65
15 71
15 92
15 98
16 32
16 64
16 93
16 98
17 27
17 30
17 46
17 96
18 21
18 67
18 89
18 99
19 86
20 61
20 87
21 41
21 50
21 69
21 77
22 27
22 99
23 65
23 83
23 84
23 98
24 25
24 68
25 34
25 40
25 81
26 39
26 83
26 98
27 32
27 94
28 40
28 63
28 75
28 78
28 85
29 45
29 47
30 35
30 42
30 44
30 60
31 53
31 80
32 64
32 78
33 68
33 72
33 81
33 93
34 45
34 48
34 54
34 56
34 61
36 96
37 65
37 81
37 93
38 39
38 94
39 42
39 44
40 44
40 79
40 86
40 97
41 47
41 57
41 82
41 86
41 99
42 79
42 86
42 99
43 49
43 54
43 84
43 97
44 76
44 84
44 86
45 67
45 74
45 76
45 80
45 86
46 60
47 77
48 61
49 98
51 77
52 97
52 98
52 99
53 57
53 85
54 61
54 77
54 91
55 80
55 86
55 90
56 74
57 68
57 71
58 76
58 77
58 96
59 64
60 79
60 98
61 99
62 67
62 72
62 75
63 69
64 68
65 83
65 94
66 94
67 68
67 91
68 87
68 91
68 92
70 99
71 92
72 86
74 79
77 88
78 84
80 91
85 97
87 88
88 92
89 90
90 94
90 97
