100 217
6 9 7 11 24 4 4 23 15 3 28 8 15 28 15 21 28 15 8 4 8 13 15 7 7 12 20 29 30 22 26 17 23 5 31 4 29 19 7 8 27 24 4 29 9 7 25 14 23 27 7 18 23 8 15 26 10 4 13 7 15 31 12 10 4 7 29 18 31 13 1 25 31 2 12 21 15 22 24 4 13 10 24 24 22 23 20 25 1 2 11 30 20 17 26 5 21 21 23 16 
0 6
0 13
0 21
0 98
1 2
1 41
1 53
1 57
1 77
2 14
2 22
2 23
2 51
2 58
2 93
3 34
3 40
3 77
4 28
4 37
4 42
4 64
5 13
5 49
6 52
6 53
6 67
6 77
6 90
6 94
7 66
8 23
8 49
8 51
8 59
8 63
8 79
9 31
9 70
10 13
10 14
10 16
10 42
10 55
10 60
10 62
10 96
11 30
11 50
11 58
11 73
11 83
12 63
13 27
13 56
13 64
13 65
13 77
14 54
14 63
14 67
14 79
15 21
15 49
15 60
16 17
16 32
16 36
16 70
16 82
16 94
17 19
17 33
17 78
17 83
17 86
18 38
18 42
18 94
19 33
19 67
19 71
20 24
20 27
20 72
21 40
21 42
21 46
21 50
21 64
21 66
21 68
21 95
22 57
22 64
22 69
22 76
23 26
23 68
24 30
24 43
24 59
24 71
24 99
25 40
25 66
26 28
26 29
26 44
26 52
26 67
26 98
27 43
27 73
27 84
28 43
29 36
29 77
30 53
30 77
31 33
31 77
32 97
33 62
34 43
34 56
34 75
35 42
35 53
35 78
36 47
36 48
36 68
36 72
37 39
37 55
37 67
37 76
37 93
38 92
39 44
39 85
40 80
41 56
41 69
42 47
42 75
42 94
42 98
43 61
43 67
43 77
43 84
43 94
44 48
44 61
45 73
45 96
46 76
46 99
47 77
47 89
47 93
47 95
49 76
49 88
50 52
51 55
52 55
52 92
52 98
54 55
54 93
55 64
57 96
58 79
59 64
59 90
60 70
61 62
61 81
62 63
62 74
62 77
62 85
63 81
64 85
65 73
65 75
65 80
66 81
67 86
67 94
68 93
69 72
69 89
69 90
70 82
71 72
71 99
72 98
73 76
74 92
74 99
75 99
77 93
78 86
79 86
80 86
81 82
81 87
87 88
87 91
88 89
91 97
94 97
95 98
