70 459
10 3 12 5 12 10 15 9 9 15 6 1 1 11 5 10 7 8 4 1 3 4 7 8 11 4 14 9 2 0 8 13 2 2 8 10 10 8 11 13 3 6 0 1 15 6 1 11 11 6 2 3 10 14 0 11 6 6 4 8 4 3 8 13 3 7 15 12 8 7 
0 9
0 10
0 12
0 15
0 20
0 28
0 32
0 33
0 34
0 38
0 39
0 42
0 47
0 50
0 59
0 61
0 63
0 65
0 66
1 6
1 10
1 12
1 16
1 20
1 21
1 25
1 38
1 46
1 48
1 59
1 61
2 13
2 22
2 29
2 30
2 33
2 43
2 44
2 63
2 65
2 67
2 68
3 6
3 7
3 8
3 12
3 19
3 24
3 30
3 34
3 37
3 41
3 49
3 50
3 57
3 63
3 65
4 13
4 19
4 21
4 30
4 38
4 44
4 45
4 54
4 61
4 64
4 68
5 11
5 14
5 15
5 25
5 28
5 40
5 44
5 45
5 46
5 47
5 49
5 51
5 52
5 55
5 62
5 63
5 64
5 69
6 8
6 9
6 10
6 11
6 18
6 21
6 22
6 24
6 26
6 29
6 32
6 33
6 39
6 43
6 46
6 68
7 13
7 14
7 18
7 20
7 21
7 26
7 34
7 35
7 36
7 39
7 42
7 43
7 49
7 53
7 59
7 60
7 67
8 16
8 17
8 33
8 35
8 43
8 50
8 63
9 11
9 20
9 25
9 31
9 42
9 51
9 52
9 53
9 56
9 58
10 20
10 24
10 34
10 35
10 39
10 40
10 62
10 66
11 13
11 19
11 25
11 27
11 32
11 35
11 36
11 39
11 40
11 41
11 49
11 62
11 64
12 15
12 17
12 24
12 41
12 46
12 49
12 52
12 57
12 60
12 65
12 68
13 21
13 23
13 29
13 39
13 48
13 50
13 53
13 56
14 17
14 23
14 26
14 28
14 29
14 30
14 31
14 34
14 39
14 41
14 50
14 53
14 55
15 21
15 24
15 30
15 40
15 45
15 46
15 53
15 68
16 30
16 32
16 33
16 37
16 38
16 42
16 50
16 56
16 66
17 20
17 26
17 29
17 38
17 39
17 41
17 45
17 48
17 66
18 19
18 21
18 32
18 38
18 43
18 45
18 49
18 54
18 59
19 34
19 35
19 38
19 40
19 41
19 43
19 46
19 47
19 49
19 52
19 56
19 60
19 63
19 64
19 66
19 67
20 57
20 61
20 69
21 23
21 32
21 38
21 41
21 42
21 61
21 63
21 64
21 66
22 23
22 30
22 35
22 38
22 40
22 49
22 50
22 54
22 65
22 68
22 69
23 27
23 36
23 40
23 66
23 69
24 25
24 30
24 36
24 41
24 46
24 47
24 48
24 60
24 67
25 28
25 33
25 37
25 45
25 47
25 58
26 36
26 49
26 50
26 54
26 56
26 58
26 61
26 66
26 67
27 28
27 30
27 44
27 48
27 52
27 54
27 56
27 63
27 66
28 33
28 35
28 37
28 39
28 53
28 62
29 30
29 35
29 38
29 39
29 41
29 45
29 50
29 56
29 59
29 63
30 32
30 33
30 35
30 49
30 57
30 62
31 34
31 38
31 63
31 66
31 67
31 69
32 36
32 43
32 44
32 47
32 49
32 66
33 34
33 39
33 40
33 42
33 65
33 66
34 42
34 46
34 49
34 50
34 57
34 62
34 69
35 41
35 42
35 52
35 55
35 56
35 57
35 66
35 67
36 40
36 41
36 43
36 44
36 48
36 49
36 52
36 53
36 59
36 61
36 67
37 60
37 61
37 66
38 42
38 44
38 67
39 41
39 43
39 54
39 56
39 64
39 69
40 43
40 44
40 47
40 48
40 49
40 57
40 67
41 45
41 51
41 55
41 57
41 58
41 62
41 66
42 46
42 47
42 52
42 58
43 57
43 59
43 68
44 56
44 65
45 50
45 64
46 51
46 53
46 57
46 59
47 53
47 55
47 61
48 62
48 63
48 68
49 57
49 62
49 63
49 69
50 52
50 53
50 54
50 56
50 58
50 59
50 64
50 67
51 54
51 66
52 55
52 58
52 64
53 57
53 62
53 64
53 67
53 69
54 61
54 66
54 68
54 69
55 59
55 67
56 59
57 59
57 61
57 65
58 65
58 66
59 67
59 69
60 64
60 67
61 66
62 64
62 65
62 68
63 67
65 68
67 68
