30 153
6 3 7 4 0 1 5 1 6 3 4 7 1 5 2 0 4 0 2 4 5 3 5 0 7 2 7 0 7 3 
0 2
0 7
0 8
0 11
0 14
0 17
0 18
0 23
1 5
1 6
1 7
1 8
1 9
1 17
1 21
1 24
1 29
2 7
2 16
2 19
2 21
2 24
2 29
3 5
3 6
3 7
3 9
3 10
3 11
3 12
3 13
3 15
3 17
3 18
3 24
3 25
3 26
3 27
3 28
3 29
4 7
4 8
4 9
4 10
4 13
4 19
4 27
4 29
5 7
5 9
5 11
5 13
5 14
5 15
5 21
5 27
5 28
6 13
6 15
6 17
6 22
6 23
6 24
6 26
6 27
7 9
7 11
7 17
7 20
7 24
7 26
7 27
7 29
8 9
8 10
8 15
8 16
8 18
8 19
8 21
8 23
8 25
9 11
9 13
9 14
9 15
9 17
9 19
9 22
9 23
9 27
9 28
10 11
10 13
10 14
10 17
10 18
10 20
10 21
10 23
10 26
11 16
11 24
11 27
12 18
12 19
12 20
13 14
13 15
13 19
13 21
13 24
13 27
14 25
15 24
15 25
15 26
15 29
16 19
16 21
16 25
17 18
17 19
17 21
17 22
17 24
17 25
17 26
17 27
18 19
18 23
18 25
18 29
19 20
19 23
19 27
20 26
20 28
21 27
22 23
22 27
23 27
24 25
24 26
24 27
24 29
25 26
25 29
26 27
26 28
26 29
27 29
28 29
