40 79
1 3 4 7 2 7 2 4 5 3 4 7 6 3 4 3 1 1 3 7 6 5 1 1 0 0 4 0 5 3 4 4 5 6 4 2 4 1 7 3 
0 1
0 3
0 5
0 9
0 22
0 23
0 27
1 13
1 23
1 37
2 22
2 24
2 34
3 5
3 9
3 23
4 15
4 19
4 38
5 13
5 32
5 37
6 12
6 25
6 35
7 12
7 22
7 23
7 24
7 26
7 30
8 18
9 14
9 23
9 35
9 37
10 28
10 33
11 36
11 39
12 19
12 20
12 23
12 29
13 18
13 23
14 20
14 26
14 31
14 38
15 21
15 37
16 22
16 24
16 34
17 22
17 28
17 33
20 24
20 34
22 23
22 29
22 39
23 29
23 37
24 26
26 31
26 33
26 38
26 39
27 35
28 30
29 34
30 37
32 37
32 38
35 37
35 39
36 37
