35 104
6 3 1 4 4 2 6 3 2 2 4 1 1 2 2 1 5 1 3 0 1 6 6 5 6 7 5 6 7 6 0 6 4 1 4 
0 2
0 6
0 11
0 25
0 30
0 32
0 33
0 34
1 3
1 5
1 9
1 11
1 14
1 20
1 26
1 29
1 32
2 6
2 16
2 25
2 30
2 32
2 34
3 27
3 34
4 11
4 13
4 17
4 22
4 24
4 25
4 26
4 32
4 34
5 19
6 9
6 21
6 23
6 24
7 21
7 23
7 34
8 13
8 21
9 14
9 15
9 17
9 29
10 17
10 22
10 27
10 29
11 16
11 25
11 27
11 31
12 18
12 20
13 14
13 16
13 19
14 23
14 24
14 33
15 20
15 21
15 23
15 25
15 29
16 25
16 28
16 30
16 31
16 33
17 18
17 26
17 34
18 22
18 30
19 28
20 24
20 25
21 24
21 29
22 30
23 26
23 30
24 27
25 28
25 30
25 31
28 29
28 30
28 31
28 33
28 34
29 34
30 32
31 32
31 33
31 34
32 33
32 34
33 34
