80 173
14 15 3 12 3 5 7 14 4 8 6 8 4 9 15 1 0 3 5 10 0 1 1 1 14 6 10 4 10 14 13 14 6 0 15 9 11 15 4 7 1 6 5 11 2 7 2 0 0 8 3 11 13 1 8 8 15 11 9 13 7 0 11 8 5 13 8 8 0 7 7 14 4 1 10 12 6 14 2 11 
0 1
0 38
0 41
0 55
0 79
1 23
1 45
1 53
1 70
1 79
2 20
2 24
2 38
2 47
2 53
2 69
3 33
4 10
4 44
4 62
4 65
4 68
4 70
5 17
5 39
5 61
5 72
6 15
6 36
6 39
6 72
7 10
7 17
7 25
7 46
7 66
8 18
8 54
8 62
8 68
9 20
9 42
9 43
10 22
10 32
10 55
10 66
10 78
11 21
11 31
11 37
12 17
12 32
12 37
13 41
14 26
14 35
14 75
15 70
16 18
16 24
16 54
16 61
17 27
17 52
17 57
18 33
18 63
18 66
18 67
19 33
19 36
19 62
19 72
20 24
20 32
20 37
20 42
20 72
21 23
21 39
21 43
21 72
22 24
22 25
22 37
22 49
22 62
22 64
23 28
23 50
23 53
24 26
24 27
24 35
25 79
26 45
26 54
26 68
26 78
27 59
27 61
27 64
28 42
28 47
29 31
29 42
29 45
29 54
29 63
29 68
30 65
30 71
31 33
33 43
34 60
34 72
34 73
35 64
36 53
36 60
36 66
36 67
36 76
37 51
37 56
37 65
38 68
39 67
40 53
40 56
40 71
40 79
41 46
42 50
42 74
43 75
43 76
45 63
45 74
45 75
45 78
46 55
46 77
47 72
47 74
48 57
49 53
49 57
49 66
49 79
50 68
50 70
51 58
51 76
51 77
52 77
53 72
55 70
56 63
56 68
57 64
58 62
61 64
61 67
62 63
62 66
62 67
64 65
67 73
69 74
69 75
71 72
