90 388
12 1 14 15 3 6 3 6 9 13 14 4 11 5 0 3 2 7 6 4 2 8 14 11 4 9 1 11 6 15 13 13 0 7 6 13 8 6 4 7 9 15 7 13 3 14 15 5 3 1 10 15 5 9 15 15 11 6 3 0 7 12 0 3 12 14 3 1 9 5 12 15 2 4 5 0 7 7 13 9 8 5 4 12 4 8 10 9 11 6 
0 11
0 28
0 37
0 40
0 48
0 61
0 65
0 71
0 73
0 74
0 79
1 19
1 23
1 36
1 41
1 42
1 44
1 47
1 53
1 56
1 59
1 68
2 12
2 15
2 30
2 31
2 47
2 52
2 73
3 11
3 39
3 42
3 72
3 77
3 78
3 82
4 22
4 28
4 33
4 34
4 43
4 49
4 56
4 62
4 65
4 83
4 86
4 87
5 41
5 57
5 60
5 65
5 73
5 84
6 30
6 41
6 53
6 59
6 76
6 77
6 80
7 12
7 34
7 53
7 57
7 61
7 64
7 65
7 84
8 20
8 22
8 39
8 45
8 46
8 60
8 67
8 74
8 76
9 11
9 18
9 21
9 33
9 40
9 50
9 65
10 42
10 48
10 56
10 69
10 74
11 22
11 23
11 36
11 40
11 44
11 77
11 78
11 82
11 89
12 41
12 59
12 62
12 66
12 70
12 74
12 77
13 44
13 48
13 50
13 54
13 66
13 84
13 85
13 87
14 30
14 42
14 46
14 50
14 65
14 71
14 76
15 16
15 26
15 45
15 58
15 59
15 76
16 19
16 40
16 42
16 44
16 48
16 61
16 86
17 26
17 58
17 66
17 70
17 74
18 26
18 45
18 46
18 60
18 62
18 67
19 40
19 53
19 78
19 84
20 67
20 72
21 29
21 45
21 56
21 61
21 70
21 79
21 82
21 86
22 49
23 28
23 33
23 53
23 54
23 72
23 73
24 34
24 47
24 49
24 51
24 62
24 65
24 73
24 74
25 31
25 32
25 43
25 71
25 77
25 79
26 37
26 39
26 42
26 50
26 54
26 59
26 62
27 41
27 60
27 64
27 81
28 38
28 41
28 45
28 50
28 54
28 63
28 86
29 54
29 60
29 73
30 47
30 50
30 61
30 74
30 77
30 82
31 53
31 58
31 69
31 71
31 83
32 49
32 56
32 65
32 66
32 83
32 84
32 87
33 39
33 42
33 44
33 81
34 58
35 39
35 48
35 51
35 55
35 56
35 68
35 81
36 46
36 56
37 38
37 53
37 60
37 73
37 79
37 86
38 39
38 55
38 73
39 48
39 58
39 63
39 75
39 80
39 88
40 67
40 69
40 73
40 78
41 48
41 51
41 58
41 64
41 65
41 68
41 85
42 43
42 54
42 55
42 60
42 61
42 80
42 89
43 47
43 64
43 67
43 85
43 87
44 47
44 58
44 76
44 79
45 46
45 61
45 78
45 84
46 61
46 64
46 80
46 86
46 89
47 61
47 76
47 85
48 52
48 59
48 60
48 64
48 67
48 83
48 87
48 89
49 52
49 55
49 57
49 60
49 69
49 85
50 53
50 61
50 64
50 65
50 67
50 71
50 85
51 55
51 78
51 79
51 89
52 61
52 69
52 72
52 85
53 57
53 80
53 84
53 85
54 55
54 56
54 77
54 78
54 89
55 62
55 65
55 68
55 82
55 88
56 58
56 75
57 60
57 61
57 72
58 62
58 64
58 74
58 77
58 79
58 83
59 62
59 68
59 71
59 76
59 80
59 87
60 61
60 70
60 78
60 83
61 76
61 84
62 76
63 64
63 70
63 72
63 79
64 67
64 78
65 74
65 89
66 79
67 75
67 84
68 76
68 88
69 87
69 89
70 84
70 89
71 75
72 76
72 89
73 74
73 75
74 75
75 77
76 80
76 81
76 83
76 85
81 83
81 84
82 87
83 84
83 86
83 88
