100 233
30 6 10 5 31 11 21 22 20 11 31 25 15 10 21 19 26 0 27 22 16 25 19 12 18 5 7 16 13 1 25 19 12 11 21 8 22 1 1 13 9 6 12 16 28 28 16 1 20 4 1 31 29 15 26 22 10 2 27 19 27 6 31 1 2 26 26 2 18 16 25 29 28 12 19 16 27 14 9 14 14 27 16 9 10 27 1 20 11 7 5 29 31 3 8 28 24 17 11 20 
0 18
0 26
0 52
0 54
0 61
1 37
1 48
1 59
1 89
1 94
2 17
2 32
2 67
3 51
3 74
3 89
3 96
4 19
4 36
4 68
5 55
6 11
6 27
6 41
6 46
6 53
6 66
6 77
7 56
8 10
8 14
8 28
8 37
9 27
9 35
9 49
9 60
9 64
9 75
9 79
9 85
9 89
10 22
10 42
10 45
10 49
10 51
10 52
10 55
10 63
10 68
10 74
10 88
11 26
11 52
11 63
11 73
12 49
12 78
12 90
13 19
13 24
13 66
14 52
14 65
14 67
14 91
15 34
15 42
15 74
15 85
15 89
16 18
16 31
16 77
17 44
17 61
17 78
18 34
18 67
18 82
18 86
18 90
19 24
19 51
19 67
20 54
20 62
20 64
20 65
20 67
20 72
20 94
20 95
21 40
21 43
21 77
22 34
23 33
23 50
23 60
23 64
23 65
23 82
23 83
24 35
24 43
24 46
24 79
25 46
25 48
25 60
25 64
25 91
26 41
26 42
26 57
26 59
26 68
27 44
27 78
27 80
27 93
27 94
27 95
28 32
28 66
29 48
29 77
30 57
30 81
30 98
31 62
31 67
31 83
32 44
32 76
33 77
34 42
34 47
34 84
35 46
35 66
35 68
35 70
36 68
36 75
36 79
36 97
37 49
37 79
37 96
38 62
38 87
38 99
39 46
39 88
40 43
40 46
40 52
40 86
41 54
41 81
41 95
42 90
42 97
43 91
44 87
45 86
45 87
45 91
45 96
45 98
46 49
46 63
46 76
47 53
47 79
48 69
49 53
49 87
50 58
50 69
50 85
52 53
52 96
53 54
53 64
53 78
53 83
54 71
55 58
55 63
56 57
56 96
58 73
60 67
60 87
61 71
61 96
62 98
64 66
65 69
65 71
66 79
66 95
67 73
67 86
69 71
69 90
69 91
71 77
71 83
72 73
72 93
74 78
74 97
75 96
76 84
78 92
79 99
80 81
80 82
81 86
81 95
81 98
83 87
83 96
86 99
88 99
89 99
90 96
93 98
