90 405
1 7 11 8 4 3 15 7 7 10 6 2 6 14 8 10 11 15 2 12 6 12 4 0 13 8 0 0 9 12 12 5 9 5 8 11 15 9 10 1 2 3 5 13 12 10 11 7 3 7 11 13 4 4 2 12 11 13 5 0 0 9 12 1 6 5 12 0 15 4 6 3 2 8 10 14 15 10 0 2 15 10 9 12 13 10 4 10 15 2 
0 3
0 10
0 24
0 40
0 45
0 52
0 54
0 60
0 80
0 81
1 18
1 34
1 43
1 50
1 65
1 66
1 83
1 84
1 89
2 22
2 27
2 29
2 31
2 50
2 63
2 83
2 85
2 87
3 10
3 21
3 35
3 40
3 45
3 68
3 76
3 80
3 88
4 25
4 35
4 54
4 62
4 74
5 9
5 10
5 13
5 17
5 35
5 47
5 71
5 72
5 81
6 15
6 16
6 20
6 25
6 32
6 42
6 53
6 55
6 64
6 78
7 28
7 34
7 38
7 51
7 56
7 62
7 67
7 74
7 86
8 25
8 43
8 56
8 66
8 85
9 13
9 26
9 36
9 54
9 71
9 72
9 73
9 81
10 45
10 52
10 54
10 60
10 61
10 80
10 88
11 19
11 27
11 45
11 59
11 78
12 15
12 33
12 38
12 41
12 49
12 55
12 56
12 57
12 62
12 69
13 26
13 32
13 36
13 52
13 72
13 73
13 81
14 23
14 33
14 35
14 41
14 42
14 50
14 56
14 70
14 78
15 16
15 20
15 32
15 42
15 53
15 64
15 73
16 25
16 31
16 42
16 51
16 53
16 56
16 63
17 35
17 47
17 48
17 58
17 71
17 72
17 80
17 81
18 43
18 44
18 59
18 65
18 66
18 79
18 84
18 89
19 33
19 40
19 69
20 26
20 32
20 36
20 49
20 53
20 64
20 73
21 23
21 58
21 68
21 70
21 75
21 76
21 77
21 80
21 88
22 25
22 27
22 31
22 51
22 63
22 74
22 85
22 87
23 30
23 37
23 68
23 75
23 76
23 77
23 82
23 88
24 26
24 33
24 39
24 49
24 52
24 54
24 57
24 60
24 78
25 31
25 42
25 51
25 53
25 63
25 86
26 32
26 36
26 72
26 73
26 81
27 29
27 30
27 44
27 50
27 85
27 87
27 89
28 34
28 56
28 63
28 67
28 74
28 83
28 84
28 86
29 30
29 37
29 43
29 44
29 50
29 75
29 87
30 37
30 44
30 50
30 66
30 75
30 77
31 42
31 51
31 63
31 67
31 85
32 33
32 36
32 64
32 73
33 39
33 40
33 41
33 49
33 52
33 55
33 57
34 67
34 74
34 83
34 84
34 85
34 89
35 46
35 47
35 48
35 58
35 71
35 81
36 39
36 64
36 72
36 73
37 44
37 50
37 65
37 68
37 75
37 77
37 78
38 41
38 49
38 53
38 55
38 56
38 62
38 86
39 41
39 49
39 52
39 54
39 57
39 60
40 62
40 63
41 49
41 55
41 57
41 62
41 64
42 51
42 53
42 62
42 64
43 59
43 65
43 66
43 83
43 84
43 89
44 50
44 75
44 77
44 87
45 54
45 60
45 61
45 71
45 76
45 80
45 88
46 47
46 48
46 58
46 59
46 65
46 68
46 79
46 82
47 48
47 58
47 70
47 71
47 82
47 88
48 58
48 71
48 76
48 79
48 82
49 55
49 57
50 85
50 87
51 53
51 63
51 85
52 54
52 57
52 60
53 64
54 57
54 60
55 56
55 62
55 86
56 62
56 67
56 86
57 73
58 59
58 79
58 82
59 65
59 66
59 75
59 79
59 82
60 69
60 72
60 80
61 76
61 81
62 67
62 86
63 85
63 87
64 73
65 66
65 79
65 82
66 79
66 82
66 89
67 69
67 74
67 83
67 86
68 75
68 76
68 77
68 88
69 77
71 72
71 81
72 81
74 83
74 84
74 86
74 89
75 77
76 77
76 80
76 88
77 79
79 82
80 88
83 84
83 89
84 87
84 89
85 87
