90 134
8 5 15 14 12 0 1 0 2 3 8 9 9 5 13 0 11 11 15 11 4 12 11 11 13 8 14 12 10 7 0 6 12 9 7 10 6 11 14 5 11 15 9 0 0 11 3 5 2 4 11 12 0 15 8 10 0 2 0 6 2 3 9 9 8 3 11 15 3 2 13 6 12 9 9 2 8 11 15 6 8 12 10 14 13 13 9 7 9 11 
0 12
0 13
0 46
0 53
1 30
1 58
1 86
2 39
2 64
2 65
3 21
3 28
3 69
4 29
4 44
4 73
5 40
5 42
5 86
6 30
6 40
6 86
7 26
7 39
7 64
8 10
8 45
8 58
9 26
9 56
9 60
9 82
10 15
10 83
11 23
11 77
11 88
12 54
12 57
13 38
13 54
14 24
14 34
14 41
14 51
15 37
15 41
16 35
16 49
16 52
17 35
17 52
17 79
18 25
18 36
18 43
19 25
19 85
20 83
21 25
21 80
22 24
22 76
23 63
23 74
25 59
26 47
27 28
27 76
27 85
28 48
28 87
29 63
29 74
30 55
31 35
32 37
32 41
32 51
33 46
33 64
33 65
33 88
34 44
34 73
35 67
36 59
36 61
37 83
38 70
38 72
39 47
40 68
42 68
42 81
43 56
43 61
44 74
45 55
45 83
47 60
49 67
49 85
50 65
50 77
50 88
51 73
52 84
53 57
53 62
54 72
55 58
56 89
57 81
59 80
60 89
61 89
62 68
62 81
63 77
66 70
66 72
66 79
67 75
68 78
69 80
69 87
70 71
70 84
75 76
75 85
76 82
76 87
79 84
