90 135
13 11 2 6 11 2 0 4 2 15 10 11 11 11 9 0 8 0 8 11 2 5 15 12 12 1 12 14 9 8 0 13 2 9 6 7 9 0 12 7 8 2 10 8 11 11 2 0 15 11 14 14 3 12 6 10 5 9 10 13 13 11 15 3 12 11 10 0 7 15 13 9 0 12 8 8 9 6 5 7 13 5 9 14 12 3 9 9 0 3 
0 62
0 73
0 79
1 33
1 71
1 76
2 19
2 72
2 75
3 13
3 31
3 44
4 8
4 67
4 89
5 17
5 53
6 64
6 70
6 71
6 79
7 48
7 59
7 65
8 21
8 63
9 43
9 47
9 54
10 24
10 42
10 50
10 68
11 12
11 36
11 85
12 33
12 76
13 15
13 58
14 25
14 37
14 81
15 31
15 65
16 22
16 56
16 86
17 49
17 62
17 75
18 20
18 24
18 41
18 68
19 39
19 55
19 83
21 51
21 78
22 32
22 82
23 26
23 29
23 43
23 50
24 59
25 61
25 88
26 35
27 53
27 56
27 80
28 64
28 73
28 79
29 46
29 77
30 40
30 51
30 78
31 66
31 80
32 38
32 86
33 36
34 47
35 64
35 71
35 76
36 57
37 61
37 87
38 82
38 87
39 66
40 57
40 69
41 48
41 59
43 60
43 77
44 53
44 80
45 75
46 50
46 66
46 68
47 67
47 89
48 58
49 83
49 84
51 63
52 61
52 82
52 87
53 74
54 77
54 89
55 72
55 88
56 74
57 60
57 85
58 65
62 84
63 67
69 78
69 85
72 81
73 84
74 86
75 83
81 88
