70 164
5 7 4 4 2 13 14 13 7 0 12 8 13 9 6 12 11 8 2 5 11 14 2 7 5 11 0 12 1 0 15 13 6 1 8 15 9 10 14 9 3 13 13 15 8 6 5 12 8 6 1 11 15 3 8 15 1 14 7 2 12 8 15 7 14 4 13 10 5 14 
0 35
0 40
0 57
0 65
1 8
1 13
1 27
1 63
2 29
2 30
2 45
2 50
3 9
3 19
3 28
3 41
3 42
3 47
4 25
4 38
4 60
4 65
5 10
5 35
5 41
5 51
5 63
5 64
6 9
6 25
6 32
6 49
6 53
7 15
7 22
7 43
7 54
7 55
8 28
8 36
8 46
8 47
8 48
8 54
8 58
8 63
9 16
9 28
9 48
9 60
9 69
10 36
10 55
10 66
10 67
10 68
10 69
11 12
11 18
11 26
11 48
11 54
11 57
11 68
12 20
12 22
12 55
12 67
13 28
13 38
13 60
14 25
14 65
15 30
15 31
15 39
15 57
16 23
16 27
16 41
16 42
17 23
17 37
18 54
19 34
19 45
19 66
20 63
21 26
21 64
21 68
22 31
22 34
22 51
22 60
23 25
23 56
23 60
24 31
24 39
24 58
25 33
26 37
26 46
26 49
27 29
27 38
27 40
27 41
27 54
28 49
28 61
28 63
30 32
30 33
30 45
30 49
31 33
31 49
32 52
32 55
32 56
32 57
33 47
33 56
33 66
35 50
36 47
36 52
36 57
36 63
37 38
38 62
39 42
39 56
40 46
40 48
40 62
41 69
42 44
42 52
43 57
43 61
43 63
43 66
43 67
44 60
45 47
46 54
48 52
48 59
49 56
50 52
51 67
52 53
52 54
52 65
53 59
54 66
55 61
59 68
61 69
62 65
64 68
