25 106
0 3 0 1 1 0 1 2 0 0 0 0 2 0 2 3 3 2 0 1 1 1 3 3 0 
0 2
0 4
0 5
0 6
0 9
0 13
0 16
0 22
0 24
1 2
1 3
1 5
1 6
1 7
1 9
1 13
1 23
2 19
2 20
2 24
3 6
3 9
3 11
3 15
3 16
3 18
3 22
3 23
3 24
4 5
4 6
4 8
4 9
4 10
4 13
4 16
4 24
5 8
5 9
5 11
5 12
5 13
5 15
5 16
5 20
5 23
5 24
6 7
6 8
6 16
6 17
6 20
7 11
7 18
7 21
7 24
8 10
8 11
8 13
8 14
8 15
8 16
8 19
8 20
8 22
8 23
9 10
9 13
9 21
9 24
10 11
10 13
10 16
10 17
11 14
11 20
11 22
11 23
12 14
12 15
12 20
12 23
13 14
13 15
13 16
13 22
14 15
14 17
14 18
14 24
15 16
15 17
15 20
15 23
16 18
16 19
18 19
18 20
18 21
18 23
19 20
19 21
19 22
19 23
21 23
22 24
