60 180
14 8 4 13 2 6 13 8 10 2 7 5 1 12 5 11 6 8 1 7 7 2 3 13 3 9 5 7 6 10 5 8 1 4 6 5 9 2 6 0 10 11 0 8 1 15 3 13 15 10 4 3 5 5 14 7 3 8 0 9 
0 29
0 37
0 55
0 59
1 10
1 19
1 22
1 53
1 55
1 58
2 8
2 30
2 49
2 56
3 7
3 29
3 33
3 47
3 52
3 59
4 27
4 31
4 38
4 45
4 52
4 56
5 6
5 10
5 11
5 15
5 36
5 53
6 8
6 11
6 28
6 32
6 36
7 29
7 30
7 33
7 43
7 59
8 12
8 14
8 23
8 28
8 32
9 20
9 21
9 24
9 25
9 34
9 35
9 50
9 57
10 15
10 22
10 34
10 53
10 58
11 15
11 28
11 32
11 36
11 49
12 13
12 14
12 23
12 46
12 51
13 14
13 23
13 35
13 46
13 51
14 23
14 28
14 32
15 22
15 36
15 53
16 17
16 18
16 24
16 26
16 44
16 54
17 20
17 21
17 24
17 44
17 54
18 26
18 42
18 44
18 48
18 54
19 22
19 39
19 41
19 55
19 58
20 21
20 24
20 37
20 50
20 54
21 24
21 50
21 57
22 53
22 58
23 28
23 46
24 54
25 29
26 40
26 42
26 44
26 48
27 29
27 38
27 45
27 47
27 52
28 32
29 33
29 47
29 52
30 33
30 39
30 41
30 43
30 59
31 38
31 40
31 45
31 48
31 56
32 36
33 47
33 59
34 35
34 43
35 46
35 50
35 51
35 57
36 53
37 44
38 45
38 47
38 52
39 41
39 43
39 55
39 58
40 42
40 45
40 48
40 56
41 43
41 55
41 59
42 44
42 48
42 56
43 55
43 59
44 54
45 56
46 49
46 51
46 57
47 52
48 56
50 51
50 57
51 57
55 58
