40 119
7 7 3 0 1 2 3 3 2 2 3 2 7 4 0 1 1 5 1 3 2 7 0 2 1 6 1 1 7 6 1 3 5 2 7 3 4 0 5 0 
0 11
0 15
0 23
0 24
0 29
0 30
1 7
1 10
1 13
1 16
1 18
1 19
2 7
2 13
2 16
2 32
2 34
2 39
3 5
3 11
3 12
3 14
3 22
3 26
3 37
4 18
4 19
4 20
4 22
4 27
4 37
5 16
5 22
5 25
5 31
6 23
6 28
6 30
6 33
7 10
7 20
7 22
7 32
8 10
8 13
8 31
9 13
9 16
9 18
9 26
9 34
9 36
10 19
10 20
10 32
10 38
11 17
11 22
11 26
11 31
11 36
12 14
12 25
12 28
12 35
13 16
13 32
13 34
14 22
14 26
14 35
15 17
15 23
15 24
15 30
16 26
16 34
16 35
16 36
17 18
17 31
17 36
18 20
18 28
18 31
18 36
19 20
19 21
19 31
19 38
20 21
20 27
20 38
20 39
21 24
21 27
21 29
21 35
22 25
22 26
23 28
23 33
23 34
24 27
24 29
24 30
24 37
25 33
25 35
26 31
27 29
27 31
28 35
29 30
30 38
31 33
31 36
32 34
33 35
