90 760
10 3 15 10 4 13 7 10 14 9 3 1 9 7 11 2 4 15 1 1 1 0 12 4 14 10 7 2 7 3 15 10 8 3 4 6 9 13 12 8 3 12 15 11 0 8 3 14 10 11 9 13 14 13 15 7 15 0 15 1 6 11 5 9 10 1 11 7 6 0 13 12 7 9 0 12 3 11 7 12 15 4 4 8 12 4 11 13 11 15 
0 8
0 9
0 12
0 15
0 24
0 31
0 36
0 44
0 46
0 53
0 54
0 62
0 65
0 66
0 68
0 69
0 72
0 75
1 2
1 4
1 16
1 20
1 25
1 34
1 35
1 40
1 45
1 49
1 57
1 58
1 75
1 84
1 89
2 6
2 19
2 28
2 33
2 54
2 59
2 60
2 66
2 67
2 72
2 73
2 85
2 86
2 89
3 5
3 6
3 9
3 15
3 21
3 25
3 26
3 37
3 40
3 45
3 52
3 56
3 63
3 67
3 73
3 78
3 82
3 86
4 7
4 8
4 13
4 15
4 23
4 26
4 28
4 36
4 37
4 42
4 44
4 50
4 55
4 59
4 69
4 79
4 86
4 89
5 14
5 33
5 34
5 43
5 75
5 89
6 10
6 19
6 23
6 27
6 29
6 39
6 81
6 83
6 85
7 8
7 16
7 18
7 24
7 26
7 28
7 34
7 43
7 45
7 46
7 49
7 50
7 72
7 74
7 77
7 86
8 18
8 38
8 43
8 57
8 63
8 69
8 71
8 74
8 84
9 11
9 16
9 21
9 23
9 28
9 30
9 31
9 33
9 36
9 38
9 39
9 42
9 49
9 55
9 60
9 62
9 69
9 70
9 72
9 76
9 89
10 11
10 15
10 17
10 21
10 24
10 25
10 33
10 34
10 37
10 44
10 45
10 51
10 60
10 66
10 67
10 71
10 72
10 74
10 76
10 78
10 79
10 80
10 88
10 89
11 12
11 19
11 32
11 39
11 44
11 48
11 49
11 53
11 54
11 57
11 66
11 78
12 16
12 19
12 26
12 27
12 29
12 30
12 32
12 35
12 44
12 47
12 49
12 52
12 63
12 65
12 71
12 78
12 81
12 84
13 15
13 19
13 26
13 30
13 40
13 54
13 58
13 67
13 70
13 71
13 78
13 84
13 85
13 88
14 17
14 18
14 19
14 21
14 26
14 36
14 37
14 48
14 52
14 60
14 61
14 62
14 63
14 64
14 68
14 73
14 87
14 88
15 23
15 24
15 31
15 37
15 38
15 43
15 44
15 51
15 60
15 70
15 74
15 76
15 86
15 88
15 89
16 17
16 22
16 28
16 36
16 44
16 46
16 48
16 49
16 52
16 63
16 64
16 66
16 70
16 75
16 77
16 78
16 80
16 84
16 86
16 88
16 89
17 24
17 38
17 48
17 53
17 61
17 65
17 70
17 73
17 74
17 83
17 84
18 20
18 26
18 32
18 43
18 46
18 50
18 60
18 61
18 63
18 69
18 70
18 77
18 79
18 83
18 85
18 86
18 88
18 89
19 23
19 26
19 31
19 42
19 46
19 56
19 57
19 73
19 78
20 22
20 25
20 28
20 31
20 34
20 35
20 39
20 42
20 48
20 49
20 50
20 53
20 58
20 60
20 66
20 70
20 73
20 77
20 80
21 31
21 32
21 36
21 43
21 59
21 63
21 67
21 82
21 84
21 85
21 89
22 24
22 26
22 30
22 38
22 48
22 51
22 54
22 55
22 57
22 59
22 69
22 70
22 71
22 74
22 80
22 82
22 84
22 85
22 86
23 26
23 27
23 28
23 38
23 42
23 48
23 58
23 60
23 70
23 82
23 85
24 25
24 27
24 34
24 36
24 38
24 53
24 60
24 61
24 65
24 75
24 78
24 85
25 30
25 36
25 39
25 43
25 50
25 54
25 61
25 64
25 68
25 70
25 74
25 81
25 85
25 86
26 28
26 29
26 34
26 35
26 42
26 48
26 51
26 54
26 69
26 75
26 77
26 86
27 35
27 36
27 54
27 55
27 66
27 73
27 75
27 78
27 86
28 31
28 33
28 35
28 41
28 43
28 53
28 55
28 72
28 78
28 80
28 83
29 36
29 37
29 41
29 44
29 45
29 46
29 49
29 57
29 58
29 63
29 80
30 31
30 33
30 37
30 38
30 42
30 54
30 56
30 65
30 66
30 67
30 70
30 76
30 77
30 80
30 88
31 33
31 37
31 49
31 52
31 55
31 56
31 59
31 69
31 71
31 74
31 78
31 80
31 85
32 34
32 36
32 37
32 39
32 41
32 51
32 55
32 67
32 69
32 78
32 82
33 35
33 46
33 47
33 58
33 61
33 67
33 68
33 70
33 76
33 83
33 85
34 35
34 46
34 47
34 56
34 65
34 68
34 79
34 80
34 86
35 38
35 39
35 40
35 44
35 46
35 47
35 48
35 54
35 59
35 71
35 73
35 79
35 83
35 84
36 39
36 44
36 51
36 56
36 57
36 63
36 78
36 80
36 88
37 40
37 42
37 44
37 47
37 52
37 54
37 55
37 58
37 59
37 76
37 86
38 43
38 60
38 66
38 70
38 72
38 75
38 78
38 81
39 42
39 44
39 46
39 49
39 56
39 58
39 59
39 62
39 73
39 76
39 86
40 45
40 66
40 71
40 72
40 74
40 75
40 78
40 88
41 47
41 53
41 57
41 59
41 61
41 62
42 43
42 48
42 51
42 59
42 60
42 74
42 78
42 79
43 46
43 59
43 60
43 62
43 65
43 84
43 89
44 47
44 57
44 58
44 67
44 77
44 80
44 84
45 54
45 60
45 63
45 64
46 47
46 54
46 60
46 67
46 68
46 69
46 78
46 84
46 85
46 86
47 49
47 59
47 68
47 71
47 73
47 77
47 80
48 51
48 54
48 55
48 56
48 57
48 67
48 69
48 82
48 83
48 89
49 53
49 59
49 67
49 72
49 73
49 80
49 82
50 53
50 56
50 62
50 67
50 78
50 81
50 85
50 86
51 58
51 64
51 67
51 68
51 70
51 86
51 88
52 62
52 64
52 78
52 85
53 61
53 62
53 71
53 73
53 74
53 75
53 81
53 88
54 61
54 67
54 74
54 76
54 79
54 81
54 82
55 58
55 61
55 62
55 65
55 81
56 63
56 73
56 81
56 82
56 84
56 85
56 87
57 58
57 60
57 62
57 73
57 79
57 80
57 88
58 66
58 72
58 74
58 76
58 78
58 79
59 66
59 71
59 74
59 83
60 67
61 85
61 89
62 64
62 69
62 70
62 73
62 74
62 76
63 67
63 71
64 65
64 75
66 67
66 68
66 71
66 73
66 75
66 79
66 82
67 68
67 71
67 75
67 76
67 78
68 69
68 70
68 73
68 75
68 78
68 79
68 80
68 82
69 81
70 72
70 76
70 79
70 89
71 72
71 85
72 76
72 82
72 83
72 86
72 87
72 89
73 75
73 83
73 88
73 89
74 78
74 79
74 87
74 88
74 89
75 76
75 80
75 89
76 87
76 88
76 89
77 81
77 88
78 80
78 83
79 85
81 84
81 86
82 83
82 84
82 85
82 87
82 88
83 85
84 85
84 89
86 88
87 89
