70 182
14 1 13 7 15 6 0 2 11 12 0 5 8 8 0 0 7 5 12 14 6 5 15 15 8 5 4 1 1 14 2 13 11 3 2 7 10 6 13 2 11 10 11 11 4 1 3 9 8 7 9 4 5 6 3 5 12 11 4 13 14 9 0 5 0 0 12 4 2 10 
0 5
0 15
0 50
0 58
1 8
1 26
1 36
1 38
1 62
1 65
1 67
2 12
2 26
2 36
2 40
2 59
3 11
3 20
3 21
3 49
3 60
3 65
3 66
3 68
4 9
4 13
4 39
4 43
4 61
5 6
5 9
5 17
5 43
5 49
6 37
6 38
6 42
6 56
7 19
7 24
7 28
7 37
7 42
7 46
7 51
7 63
7 67
8 32
8 37
8 47
8 52
8 67
9 32
9 37
9 50
9 51
10 35
10 38
10 42
10 63
11 22
11 31
11 36
11 51
11 57
12 25
12 30
12 40
12 60
12 61
13 37
13 47
13 53
13 56
14 25
14 27
14 34
14 48
14 66
15 39
15 43
15 62
16 37
16 45
16 49
17 29
17 42
17 51
17 58
17 64
18 30
19 24
19 40
19 68
20 25
20 34
21 23
21 60
22 23
22 52
22 67
22 68
23 26
23 27
23 57
23 62
24 25
24 48
24 55
24 59
25 49
26 41
26 63
26 67
27 32
27 46
27 49
27 51
27 67
27 68
28 29
28 31
28 33
28 55
29 35
29 42
29 64
30 32
30 52
30 68
30 69
31 41
31 49
31 67
32 61
32 65
32 66
33 35
33 41
33 63
34 53
34 68
34 69
35 49
36 37
36 38
36 53
36 63
38 44
39 50
39 54
40 45
40 47
40 52
41 57
42 65
43 56
44 53
44 56
45 62
45 65
47 61
47 65
48 50
48 51
48 58
49 55
50 66
51 55
52 55
52 62
52 64
53 65
54 60
54 61
54 66
55 64
58 59
59 64
60 65
60 69
66 69
