50 149
2 5 1 6 4 2 4 1 0 2 1 0 6 7 4 0 0 1 7 7 4 7 0 7 1 4 4 2 0 0 4 0 5 0 6 5 0 1 3 0 6 4 1 5 2 1 6 6 4 7 
0 4
0 6
0 8
0 25
0 29
0 40
0 46
1 7
1 11
1 15
1 46
2 11
2 18
2 20
2 21
2 28
2 41
3 6
3 19
3 24
3 35
3 40
3 46
3 47
4 9
4 12
4 48
5 13
5 16
5 27
5 31
5 32
5 43
6 25
6 35
6 40
6 46
7 16
7 22
7 23
7 34
7 37
7 38
8 10
8 25
8 29
8 30
8 40
9 21
9 35
9 36
9 41
10 23
10 25
10 29
10 30
10 34
11 18
11 20
11 28
11 42
11 48
12 17
12 19
12 33
12 35
12 45
12 47
13 14
13 21
13 26
13 27
13 31
14 21
14 26
14 27
14 31
14 41
15 33
15 39
15 44
15 45
15 48
15 49
16 22
16 32
16 38
16 43
17 19
17 33
17 44
17 45
17 47
18 20
18 21
18 26
18 41
19 35
19 46
19 47
20 28
20 41
20 42
21 26
21 41
22 23
22 32
22 37
22 38
23 30
23 34
23 37
24 27
25 29
25 40
26 27
26 41
27 31
27 43
28 39
28 42
28 48
29 30
29 34
30 34
30 37
31 32
31 43
32 38
32 43
33 44
33 45
33 47
34 37
35 46
35 47
37 38
38 43
39 42
39 44
39 48
39 49
40 46
42 48
42 49
44 45
44 49
45 49
48 49
