30 83
6 1 1 7 5 0 1 1 4 3 0 0 4 0 2 6 4 2 0 3 1 0 0 1 3 2 7 0 7 0 
0 3
0 5
0 13
0 14
0 17
0 27
1 3
1 6
1 9
1 13
1 15
1 16
1 17
1 21
1 28
2 15
2 25
3 8
3 13
3 24
3 25
4 7
4 10
4 16
4 20
4 27
4 29
5 7
5 14
5 22
5 25
5 28
6 21
6 24
6 28
7 9
7 18
7 24
7 25
8 12
8 26
9 10
9 11
9 20
9 26
9 28
9 29
10 14
10 17
10 20
10 22
10 28
10 29
11 13
11 19
11 22
11 25
11 27
12 15
12 21
12 28
13 17
13 20
14 21
14 26
15 19
15 21
15 25
16 17
16 18
17 18
17 20
18 29
19 20
19 23
20 22
21 22
21 29
22 27
24 29
25 27
25 28
28 29
