30 84
2 6 2 5 7 2 0 5 6 5 4 4 0 3 6 1 1 0 6 3 7 0 6 6 7 2 7 5 7 6 
0 4
0 8
0 13
0 14
0 28
0 29
1 5
1 7
1 8
1 10
1 13
1 17
1 20
1 23
2 6
2 8
2 9
2 13
2 16
2 20
2 24
2 29
3 4
3 11
3 12
3 24
3 27
4 6
4 7
4 8
4 9
4 10
4 12
4 26
4 27
5 12
5 24
6 13
6 16
6 24
7 10
7 11
7 14
7 26
8 11
8 12
8 13
8 27
9 15
9 18
9 22
9 24
9 25
9 26
10 12
10 13
10 22
10 23
10 27
11 13
11 28
11 29
13 15
14 18
14 21
14 24
14 25
15 22
15 25
15 28
15 29
16 19
16 27
17 19
17 21
17 29
18 29
19 22
19 23
20 25
20 28
22 25
22 28
23 27
