100 440
3 4 24 27 15 11 6 29 1 25 29 25 13 16 26 9 14 0 15 28 3 13 6 15 14 18 16 25 10 25 26 21 7 22 3 30 6 18 17 31 29 5 23 27 29 5 24 12 12 3 27 25 11 5 29 17 15 25 1 24 14 21 19 22 18 23 14 6 9 13 11 10 28 16 3 29 29 22 5 12 15 16 21 30 12 30 26 13 24 15 0 27 30 26 15 25 11 31 0 17 
0 15
0 20
0 34
0 36
0 41
0 48
0 49
0 50
0 52
0 64
0 66
0 70
0 81
0 82
0 85
0 96
1 4
1 12
1 16
1 26
1 27
1 30
1 39
1 47
1 48
1 60
1 61
2 51
2 62
2 68
2 73
2 96
2 98
3 30
3 33
3 47
3 48
3 58
3 60
3 64
3 70
3 72
3 86
3 87
3 92
3 93
3 96
4 34
4 45
4 46
4 56
4 59
4 92
5 14
5 20
5 23
5 33
5 45
5 52
5 57
5 59
5 73
5 77
5 90
6 8
6 25
6 39
6 40
6 58
6 63
6 88
7 10
7 15
7 17
7 34
7 51
7 53
7 68
7 72
7 96
8 21
8 45
8 51
8 83
8 88
9 29
9 30
9 38
9 42
9 49
9 58
9 67
9 74
10 15
10 17
10 19
10 23
10 26
10 49
10 50
10 68
10 74
10 76
10 83
10 99
11 18
11 25
11 26
11 86
11 90
11 94
12 16
12 23
12 26
12 30
12 32
12 33
12 34
12 46
12 48
12 60
12 81
12 86
12 94
12 96
13 45
13 48
13 58
13 68
13 71
13 73
13 75
14 22
14 63
14 86
15 17
15 19
15 24
15 25
15 38
15 59
15 67
15 68
15 76
15 79
15 96
16 27
16 34
16 40
16 46
16 48
16 52
16 58
16 66
17 19
17 58
17 75
17 76
17 79
17 96
17 98
17 99
18 39
18 61
18 63
18 78
18 83
18 86
18 91
18 94
19 21
19 26
19 32
19 33
19 36
19 63
19 76
19 85
19 87
19 93
20 39
20 59
20 67
20 86
20 88
20 89
20 91
20 95
20 98
21 27
21 34
21 36
21 59
21 60
21 78
21 93
22 36
22 38
22 39
22 78
22 86
22 93
22 94
23 51
23 52
23 69
24 82
24 92
25 47
25 66
25 73
25 86
26 27
26 30
26 66
26 76
26 94
26 99
27 30
27 33
27 37
27 48
27 64
27 70
28 52
28 85
28 91
28 93
28 94
29 44
29 59
29 74
29 87
29 96
30 33
30 46
30 54
30 71
30 73
30 76
31 36
31 48
31 50
31 57
31 64
31 66
31 70
31 71
31 76
31 81
31 88
31 92
31 96
32 38
32 39
32 88
33 46
33 57
33 64
33 71
33 76
33 83
33 86
33 91
34 46
34 48
34 50
34 70
35 65
35 67
35 77
35 90
35 97
35 98
36 46
36 50
36 64
36 66
36 70
36 96
37 52
37 54
37 64
37 85
37 98
38 76
38 97
39 69
39 70
39 73
39 74
39 76
39 78
39 97
40 67
40 83
40 84
40 99
41 58
41 74
41 81
41 96
42 48
42 54
42 63
42 87
43 50
43 59
43 62
43 66
44 60
44 65
45 59
45 63
45 74
45 76
45 82
46 47
46 48
46 50
46 75
46 86
46 91
46 95
46 96
46 99
47 63
47 64
47 65
47 66
47 70
47 72
47 86
47 90
47 99
48 50
48 64
48 67
48 68
48 86
49 65
49 80
49 84
49 94
49 96
49 99
50 52
50 65
50 66
50 71
50 82
51 69
51 85
51 95
52 87
52 88
52 90
52 91
53 70
53 73
53 76
53 97
54 62
54 63
54 81
54 91
54 94
55 73
55 75
55 76
55 77
55 91
57 65
57 71
58 80
59 85
59 99
60 67
60 84
61 78
62 99
63 71
63 74
63 77
63 78
63 80
63 99
64 66
64 70
64 72
64 77
64 96
65 71
65 73
65 83
65 85
65 94
66 70
67 77
67 87
67 88
67 94
68 72
68 79
68 86
68 89
68 99
69 91
70 72
70 87
71 93
71 94
71 98
72 76
72 99
73 84
74 86
74 89
74 99
75 77
75 91
75 93
77 82
77 84
77 88
77 96
79 81
81 87
81 97
82 93
83 91
83 96
85 94
86 98
86 99
89 94
89 96
92 96
93 94
93 95
