90 269
1 8 6 9 9 7 13 8 3 5 6 4 14 4 6 8 6 0 5 2 0 7 7 5 7 3 12 4 7 1 14 1 11 7 5 1 9 3 12 0 9 3 8 9 11 5 2 15 2 1 3 10 13 14 3 15 12 2 11 6 0 2 11 2 1 9 8 9 13 8 4 13 13 4 6 7 11 4 1 14 15 1 13 3 2 1 8 9 4 11 
0 26
0 28
0 34
0 37
0 47
0 49
0 57
0 63
0 66
0 69
0 86
1 2
1 8
1 11
1 39
1 41
1 57
1 71
1 86
1 87
2 11
2 19
2 49
2 57
2 86
2 87
3 4
3 20
3 37
3 39
3 48
3 77
3 84
4 6
4 44
4 50
4 75
4 76
4 79
4 81
4 82
5 10
5 24
5 32
5 41
5 56
5 62
5 73
5 75
6 9
6 17
6 59
6 61
7 29
7 32
7 37
7 52
7 53
7 62
7 70
7 71
7 82
8 10
8 11
8 25
8 75
8 87
9 10
9 36
10 25
10 38
10 42
10 56
10 66
10 73
10 75
10 84
10 87
11 13
11 25
11 57
11 87
12 21
12 22
12 81
12 84
12 85
13 24
13 86
14 16
14 29
14 49
15 16
15 27
15 33
15 48
16 47
16 57
16 69
17 46
17 47
17 69
17 73
17 75
18 37
18 41
18 48
18 54
19 20
20 27
21 28
21 29
21 34
21 43
21 52
21 70
21 77
22 37
22 71
22 82
22 85
23 40
23 60
23 61
23 65
23 73
24 31
24 32
24 36
24 62
24 73
24 75
24 76
24 82
25 73
25 75
25 81
25 87
26 28
26 34
26 49
26 77
26 86
27 51
27 65
27 69
27 87
28 34
28 49
28 77
29 52
29 54
29 60
29 62
29 70
29 80
29 82
30 42
30 47
31 38
31 43
31 45
31 50
31 63
31 66
32 38
32 40
32 62
32 73
32 82
32 83
33 39
33 45
33 48
33 64
33 66
33 73
34 42
34 44
34 52
34 69
34 77
34 79
35 82
36 46
36 80
37 38
37 41
37 68
37 76
37 88
38 58
39 51
39 68
40 54
40 81
41 52
41 55
41 79
41 82
42 72
43 50
43 57
44 47
44 54
45 51
45 56
45 63
45 67
45 84
46 59
46 61
46 64
46 80
46 81
47 66
47 68
48 53
48 64
49 57
49 66
49 67
49 79
49 86
50 62
50 65
50 89
51 66
51 84
52 70
52 77
52 81
52 85
52 88
53 54
53 86
54 85
55 70
57 86
58 69
59 71
59 82
59 88
61 66
61 73
62 72
62 82
63 84
64 77
64 88
65 87
65 89
66 71
66 79
67 78
67 79
67 88
68 79
68 86
69 74
70 77
70 81
70 82
71 85
71 89
73 75
75 89
80 81
83 84
