100 149
16 29 23 15 26 4 8 21 27 14 29 15 30 2 25 10 27 17 11 18 16 22 7 23 7 6 29 12 24 6 27 8 25 19 25 19 2 3 2 26 26 7 6 5 21 9 28 27 1 25 16 15 21 9 1 9 19 22 16 12 19 22 1 2 25 10 31 1 29 30 28 7 25 8 13 30 0 24 23 19 22 30 6 11 30 6 3 4 13 24 6 5 30 27 8 14 25 29 31 15 
0 8
0 27
0 97
0 99
1 33
1 35
1 43
1 95
1 96
2 13
2 19
2 76
3 16
3 24
3 81
4 33
4 61
4 86
5 10
5 91
6 24
6 56
6 62
7 56
7 86
8 20
8 42
9 10
9 25
9 65
9 91
10 74
10 83
11 75
11 76
11 86
12 37
13 28
13 30
13 58
13 59
13 66
13 67
13 96
14 34
15 29
15 49
15 53
15 64
15 85
15 89
16 45
16 46
16 60
17 35
17 87
17 98
18 31
18 34
18 52
18 87
19 23
19 49
19 87
21 49
21 51
21 72
22 42
22 79
22 84
22 89
23 48
23 76
23 89
23 96
24 32
24 47
24 48
24 73
24 82
25 68
25 73
25 83
26 72
26 73
27 50
27 70
27 90
28 36
29 32
29 68
30 35
30 61
31 40
31 77
32 44
32 70
33 70
33 88
34 42
34 53
34 75
34 77
35 37
38 86
39 41
40 63
40 78
41 46
43 85
43 93
43 94
45 56
45 63
46 54
46 63
46 78
49 56
49 89
49 90
50 83
51 56
51 75
55 57
55 67
58 78
61 65
61 88
61 93
62 86
62 94
62 98
64 88
64 89
65 74
66 71
67 69
67 82
70 73
73 80
75 85
76 93
78 92
85 95
86 91
86 98
87 98
89 93
89 94
