100 150
19 7 9 18 12 7 29 29 5 1 2 13 25 26 19 8 14 23 6 7 2 0 0 23 29 4 28 0 10 17 16 21 11 26 16 19 26 4 24 28 23 10 12 10 3 10 0 16 31 14 0 5 16 16 27 9 4 0 7 14 5 28 24 0 25 6 30 25 26 9 31 27 16 25 8 1 24 23 28 22 31 11 6 15 10 3 21 23 27 1 25 8 28 25 21 4 21 19 20 9 
0 15
0 41
0 93
0 99
1 2
1 70
2 42
3 9
3 14
3 23
3 56
3 87
3 93
4 30
4 37
4 39
4 82
5 46
5 67
6 35
6 79
7 16
7 25
7 32
7 50
8 21
9 11
10 28
10 68
10 92
10 99
11 45
11 67
11 69
11 79
11 97
12 18
12 19
12 39
13 44
13 66
13 79
13 97
14 63
15 19
15 75
15 95
16 51
16 65
17 44
18 52
18 84
19 74
19 83
20 72
20 87
20 90
21 26
21 36
21 56
21 84
22 70
23 57
23 62
23 90
24 35
24 90
24 97
25 51
25 58
26 27
26 45
27 82
29 35
29 56
29 70
30 32
30 48
31 95
31 99
32 34
32 65
33 41
33 77
33 84
34 44
36 43
36 59
36 71
37 96
38 92
39 46
39 74
39 88
39 97
40 50
40 68
40 72
40 92
42 71
42 77
44 51
44 75
45 87
47 55
47 94
49 79
52 60
53 62
53 70
54 61
54 83
54 92
54 99
55 64
55 84
56 59
56 81
57 71
57 87
59 94
60 74
60 80
61 77
62 67
62 71
62 84
62 93
63 98
64 76
64 81
65 74
67 84
68 85
68 91
71 79
71 94
71 95
72 86
73 91
76 91
78 95
80 95
81 91
82 93
84 93
84 98
88 89
90 94
92 98
