30 89
1 5 7 5 3 4 6 3 2 7 0 1 4 0 7 0 3 5 2 0 7 1 2 1 4 0 0 0 3 3 
0 4
0 10
0 15
0 19
0 22
0 28
0 29
1 8
1 12
1 13
2 15
2 21
2 22
2 29
3 4
3 7
3 13
3 15
3 16
3 27
4 7
4 15
4 19
4 27
5 7
5 12
5 13
5 16
5 24
5 25
6 10
6 11
6 12
6 14
6 23
6 26
7 13
7 16
7 27
8 17
8 24
8 28
9 19
9 28
10 20
10 23
10 26
10 28
10 29
11 12
11 14
11 23
11 25
11 26
12 14
12 17
12 24
12 25
13 16
13 24
13 25
14 17
14 18
14 23
14 24
14 25
15 19
15 21
15 27
15 28
16 21
16 24
16 27
17 22
18 20
18 21
18 24
19 27
19 28
19 29
20 29
21 29
22 29
23 26
23 29
24 25
26 28
26 29
28 29
