35 154
7 7 0 5 0 5 6 1 6 1 0 1 1 4 2 3 6 2 4 6 3 3 1 7 7 1 4 0 6 2 1 5 0 4 0 
0 1
0 2
0 4
0 5
0 10
0 13
0 27
0 28
0 32
0 33
1 7
1 8
1 10
1 11
1 13
1 18
1 25
1 26
1 32
1 33
2 7
2 8
2 9
2 15
2 17
2 19
2 22
2 30
3 4
3 32
4 5
4 7
4 8
4 14
4 21
4 24
4 27
4 28
4 29
4 31
4 34
5 6
5 9
5 12
5 13
5 14
5 21
5 27
5 28
5 33
6 27
7 9
7 11
7 12
7 15
7 18
7 20
7 24
7 25
7 30
8 12
8 14
8 17
8 19
8 21
8 22
8 34
9 11
9 15
9 17
9 22
9 25
9 26
9 30
10 11
10 13
10 24
10 34
11 12
11 15
11 18
11 21
11 25
11 26
11 30
11 32
12 22
12 26
12 33
12 34
13 17
13 18
13 23
13 27
13 28
13 32
13 33
14 19
14 20
14 21
14 22
14 23
14 25
14 28
14 34
15 17
15 18
15 25
15 28
15 30
16 23
16 27
16 30
16 34
17 19
17 22
17 30
17 34
18 25
18 26
18 32
18 33
18 34
19 21
19 22
19 29
19 30
19 32
19 34
20 22
20 30
21 27
21 28
21 34
22 24
22 30
22 33
22 34
23 31
24 28
24 31
25 32
25 33
26 27
26 28
27 28
27 30
27 32
27 33
28 34
29 31
29 34
31 33
32 33
