70 183
0 7 0 13 12 6 4 8 4 6 15 1 14 2 4 1 14 1 12 13 0 8 8 15 15 0 9 6 7 15 13 6 11 13 12 2 13 7 7 2 4 13 14 1 4 7 0 15 3 5 0 4 12 7 8 8 14 10 15 9 1 15 8 14 9 14 13 4 0 14 
0 11
0 29
0 32
0 39
0 42
0 55
1 10
1 44
1 48
1 54
1 67
2 31
2 47
2 50
2 54
2 62
3 35
3 46
3 56
3 57
4 6
4 17
4 33
4 43
4 53
4 59
4 61
4 65
4 69
5 10
5 40
5 41
5 51
5 56
5 64
6 26
6 28
6 31
6 39
6 46
6 55
7 10
7 13
7 16
7 23
7 45
7 48
7 66
8 42
8 52
8 64
8 65
9 11
9 22
9 45
10 24
10 26
10 32
10 34
10 44
10 55
10 56
10 58
11 30
11 31
11 35
11 61
11 63
11 65
12 42
12 45
12 52
13 38
14 23
14 38
14 48
14 64
15 29
15 55
16 34
16 50
16 58
16 67
17 23
17 35
17 49
17 55
17 66
18 26
18 40
18 65
19 27
19 42
19 43
19 53
19 54
19 60
20 22
20 48
20 51
21 33
21 63
21 66
22 30
22 33
22 43
22 53
22 67
23 29
23 42
23 56
23 65
24 40
24 44
24 56
25 35
25 54
26 40
26 41
26 53
26 54
27 45
27 62
27 63
27 66
28 57
28 61
29 67
30 45
31 45
32 41
32 46
32 56
32 64
33 39
33 47
34 42
34 58
34 63
35 54
35 63
36 51
37 41
37 68
38 41
38 51
38 55
38 59
39 41
39 47
40 45
40 62
41 47
41 53
42 48
43 46
43 49
44 53
44 62
44 63
45 53
45 64
46 48
46 50
46 54
46 57
46 67
47 53
47 60
47 64
48 55
48 68
49 53
49 56
50 56
50 69
52 62
53 69
54 62
55 62
57 65
58 69
61 66
