90 222
15 11 13 1 9 12 11 11 10 3 10 0 4 8 10 14 14 3 7 14 11 10 9 0 8 14 8 0 13 13 11 8 1 2 15 10 0 1 0 13 0 7 2 14 10 2 11 1 1 6 0 10 1 3 4 8 0 0 0 12 8 4 11 2147483655 7 11 4 1 13 1 15 0 7 8 0 1 1 11 1 1 1 6 8 1 14 0 1 2 0 5 
0 22
0 35
0 47
0 63
0 89
1 7
1 33
1 47
1 63
2 63
2 66
2 70
2 80
3 17
3 63
3 71
3 83
4 7
4 9
4 47
4 55
4 63
4 81
5 12
5 14
5 29
5 63
6 8
6 15
6 77
6 85
7 46
7 48
7 63
7 77
8 42
8 63
8 71
9 53
9 61
9 63
9 69
10 21
10 32
10 43
11 25
11 45
11 59
11 86
12 22
12 23
12 33
12 47
12 63
12 81
13 24
13 32
13 82
14 46
14 54
14 63
14 78
14 81
14 88
15 42
15 62
15 68
15 74
16 22
16 26
16 35
16 38
16 63
17 73
17 85
18 28
18 51
18 66
18 70
19 46
19 63
19 65
19 88
20 21
20 24
20 32
20 57
20 63
21 24
21 63
21 80
21 85
22 34
22 63
22 66
23 29
23 53
23 61
23 63
24 36
24 63
24 65
25 50
25 67
26 34
26 39
26 63
26 81
27 49
27 58
27 63
27 79
27 83
27 87
28 40
28 82
29 30
29 63
29 88
30 45
31 58
31 62
31 74
31 79
32 51
33 63
33 77
34 63
35 52
35 56
35 63
35 84
36 40
36 57
36 63
36 82
37 50
37 59
37 76
38 39
38 48
38 63
38 84
39 63
40 63
40 70
41 42
41 52
41 62
41 63
41 71
41 79
41 83
42 44
42 63
42 87
43 51
43 66
43 80
44 63
44 74
44 79
45 50
45 76
46 63
46 64
46 72
47 61
47 63
48 55
48 60
48 63
50 86
51 57
51 82
52 81
53 63
53 65
53 81
53 88
54 60
55 63
55 69
55 72
57 63
57 70
57 80
58 73
59 75
59 86
60 63
60 64
60 72
60 77
61 63
62 73
62 85
63 64
63 65
63 69
63 70
63 71
63 72
63 77
63 78
63 79
63 80
63 81
63 83
63 84
63 88
64 78
65 69
65 72
67 86
71 75
71 76
71 85
72 81
73 83
77 78
77 81
