70 161
3 14 14 11 2 3 11 6 15 12 8 14 12 7 4 9 15 1 2 13 13 14 2 12 6 3 12 15 14 10 6 2 13 14 3 5 1 2 3 0 7 2 0 3 0 8 11 11 9 6 11 8 0 9 4 8 2 12 14 4 15 4 3 3 3 3 0 9 1 14 
0 23
0 49
1 2
1 10
1 19
1 58
1 61
1 63
2 7
2 10
2 17
2 61
3 19
3 25
3 33
3 57
3 65
4 10
4 13
4 52
4 59
4 62
4 69
5 12
5 19
5 30
6 10
6 36
7 30
7 45
7 49
7 51
8 34
8 40
8 50
8 59
9 27
9 37
9 52
10 19
10 63
11 50
11 60
12 30
12 48
12 52
12 53
12 58
13 17
14 15
14 27
14 30
14 40
14 45
14 64
15 39
15 41
16 27
16 44
16 63
17 19
17 57
17 60
18 36
18 43
18 44
18 49
18 51
18 53
19 24
19 36
19 48
19 58
19 63
19 68
20 21
20 54
20 66
20 69
21 23
21 24
21 36
21 42
21 56
21 68
22 23
22 29
23 39
23 57
23 60
23 69
24 40
24 49
24 62
25 42
26 52
26 67
27 28
27 29
27 53
27 60
28 65
29 31
29 41
29 50
29 68
30 38
30 67
31 46
31 50
31 59
32 37
32 39
32 69
33 40
33 62
33 65
34 68
35 40
35 51
35 56
35 62
36 59
37 42
37 44
38 58
39 41
39 49
39 64
40 61
40 63
41 60
42 56
42 60
43 46
43 48
43 52
43 60
44 50
44 57
44 66
45 49
45 53
45 58
45 63
45 69
47 56
47 67
48 54
48 61
49 50
49 66
50 65
54 57
54 60
55 67
57 61
58 60
60 65
64 69
65 67
