30 155
5 0 4 0 6 3 3 1 3 6 5 4 6 7 2 1 3 6 3 5 4 5 4 3 3 6 3 7 0 2 
0 7
0 19
0 20
0 21
0 22
0 25
0 27
0 28
1 3
1 4
1 5
1 9
1 10
1 13
1 14
1 15
1 16
1 21
1 23
1 24
1 25
1 27
2 6
2 8
2 10
2 13
2 15
2 18
2 19
2 21
2 22
2 26
2 27
2 28
2 29
3 4
3 7
3 13
3 18
3 21
3 22
3 23
3 25
3 29
4 5
4 6
4 13
4 16
4 22
4 25
4 28
4 29
5 8
5 10
5 15
5 16
5 19
5 22
5 24
5 26
5 28
6 7
6 10
6 14
6 24
6 27
7 9
7 10
7 11
7 14
7 17
7 18
7 19
7 24
7 25
7 29
8 20
8 21
8 27
9 18
9 22
9 25
9 28
9 29
10 14
10 15
10 16
10 17
10 20
10 21
10 22
10 24
10 27
10 28
11 14
11 20
11 21
11 24
11 25
11 28
11 29
12 13
12 21
12 22
12 26
12 27
12 28
13 14
13 16
13 17
13 22
13 27
13 29
14 15
14 20
14 24
14 28
15 17
15 18
15 22
15 23
15 27
16 18
16 19
16 21
16 22
16 26
16 27
16 28
17 19
17 24
17 25
17 29
18 19
18 24
18 26
19 21
19 22
20 23
20 26
20 28
21 22
22 23
22 24
22 28
22 29
23 25
23 27
23 29
24 26
24 27
25 28
26 29
27 29
28 29
