35 91
1 7 1 1 3 4 6 3 1 5 7 4 3 5 0 2 5 4 0 3 4 3 4 7 3 6 3 4 0 7 0 4 1 1 6 
0 4
0 7
0 9
0 10
0 23
0 26
0 31
0 34
1 11
1 14
1 30
2 5
2 8
2 10
2 18
2 22
2 27
3 22
3 29
4 24
5 7
5 9
5 12
5 22
5 32
6 16
6 17
6 23
6 31
7 26
7 27
8 15
8 28
10 11
10 14
10 25
10 29
10 32
11 15
11 19
11 20
11 33
12 18
12 19
12 21
12 27
13 19
13 26
13 28
13 32
14 17
14 19
14 23
15 21
15 22
15 31
15 34
16 19
16 24
16 28
16 30
17 24
17 25
17 28
17 30
17 34
18 20
18 24
18 25
18 28
18 33
19 25
19 27
19 30
19 32
20 28
20 29
20 32
21 24
21 30
22 25
22 29
22 32
24 25
25 31
25 33
26 33
28 31
29 34
32 33
32 34
