70 209
11 14 11 14 11 13 4 10 3 5 9 15 15 4 0 7 14 6 11 15 6 10 7 5 7 2 8 12 6 13 8 6 6 5 7 5 12 8 9 2 14 10 9 4 4 14 10 2 7 8 11 1 11 6 6 3 12 15 3 12 4 2 10 13 0 10 1 10 15 9 
0 5
0 32
0 41
0 53
0 58
0 69
1 62
2 23
2 43
2 49
2 55
2 58
2 69
3 4
3 7
3 18
3 21
3 33
3 51
3 63
4 7
4 15
4 16
4 21
4 24
4 36
4 66
5 6
5 20
5 35
5 41
5 53
6 11
6 20
6 35
6 47
6 53
7 18
7 21
7 24
7 25
7 33
8 12
8 48
8 50
8 52
8 54
8 57
9 14
9 22
9 26
9 29
9 37
9 60
9 65
10 15
10 24
10 27
10 30
10 66
10 67
11 13
11 20
11 47
11 50
11 52
12 44
12 45
12 54
12 57
12 60
13 20
13 37
13 47
13 48
13 50
13 52
14 19
14 29
14 37
14 40
14 59
14 65
15 16
15 24
15 27
15 30
15 66
16 26
17 31
17 34
17 42
17 46
17 56
17 64
18 33
18 34
18 46
18 51
18 68
19 29
19 39
19 40
19 59
19 63
19 65
20 35
20 47
21 24
21 25
21 33
21 66
22 26
22 44
22 45
22 60
22 65
23 32
23 43
23 49
23 58
23 69
24 66
25 28
26 29
26 45
26 60
26 63
26 65
27 28
27 30
27 62
27 67
28 39
28 40
28 59
28 62
28 67
29 40
29 65
30 62
30 66
30 67
31 34
31 42
31 46
31 51
31 56
31 68
32 41
32 53
32 58
32 69
33 46
33 51
34 46
34 51
34 56
34 68
35 41
35 47
35 53
36 51
37 69
38 42
38 43
38 49
38 55
38 61
38 64
39 40
39 59
39 62
39 67
40 59
41 53
41 58
42 56
42 61
42 64
43 49
43 55
43 69
44 45
44 54
44 57
44 60
45 57
45 60
46 51
47 52
48 50
48 52
48 54
48 57
49 55
49 61
50 52
50 54
54 57
55 61
55 64
56 61
56 64
58 69
59 62
60 63
61 64
62 67
