80 303
2 0 2 7 12 13 8 6 15 10 14 12 1 9 14 5 9 4 0 0 6 15 8 4 6 14 15 6 7 9 6 5 10 0 5 5 11 13 9 5 1 10 14 13 5 4 15 2 2 10 15 13 4 11 5 11 7 11 8 3 14 12 13 6 8 12 6 2 7 13 0 4 5 9 10 6 1 15 10 11 
0 6
0 12
0 15
0 26
0 50
0 51
0 52
0 77
1 4
1 15
1 16
1 19
1 35
1 40
1 42
1 45
1 64
1 78
2 12
2 20
2 27
2 44
2 46
2 54
2 67
2 70
2 73
3 10
3 11
3 36
3 38
3 49
3 53
3 68
3 71
3 73
3 74
3 78
4 9
4 15
4 19
4 24
4 38
4 49
4 58
5 10
5 29
5 43
5 54
5 58
5 62
5 63
5 77
5 79
6 22
6 29
6 30
6 31
6 36
7 10
7 18
7 20
7 32
7 57
8 19
8 25
8 26
8 33
8 35
8 37
8 60
8 63
9 53
9 64
9 65
9 67
9 69
9 73
10 18
10 29
10 35
10 38
10 64
10 66
10 70
10 71
11 19
11 58
11 60
11 63
12 15
12 21
12 33
12 49
12 62
12 67
13 32
13 64
13 69
13 70
13 74
14 19
14 25
14 32
14 60
14 74
15 19
15 25
15 37
15 44
15 66
15 70
15 71
15 76
16 33
16 54
16 57
16 65
16 67
16 69
17 32
17 36
17 44
17 73
17 74
18 42
18 54
18 62
18 63
18 69
19 24
19 35
19 36
19 51
19 64
19 67
19 79
20 31
20 32
20 35
20 38
20 43
20 45
20 52
20 60
20 71
21 24
21 32
21 43
21 53
21 56
22 29
22 32
22 51
22 58
22 59
22 65
22 71
23 32
23 35
23 37
23 47
23 51
23 62
24 50
24 54
24 60
25 46
25 51
25 53
25 54
25 60
25 61
26 28
26 37
26 50
26 57
26 66
26 74
26 77
27 41
27 58
27 61
27 65
27 68
28 56
28 74
29 31
29 35
29 37
29 40
29 49
29 57
29 63
29 71
29 75
30 52
30 53
30 58
30 79
31 51
31 54
31 59
31 77
32 34
32 48
32 55
32 73
32 76
33 34
34 36
34 44
34 72
34 77
35 52
35 60
35 67
35 70
36 70
37 46
37 47
37 61
37 72
37 76
37 77
38 68
39 50
39 67
40 70
40 71
40 72
40 73
41 47
41 51
41 74
42 47
42 49
42 50
42 55
42 57
42 59
42 63
43 46
43 49
43 52
43 67
44 45
44 54
44 62
44 65
44 73
44 75
45 58
45 67
46 74
46 75
46 77
47 56
47 73
48 51
48 52
48 59
48 61
48 65
48 79
49 60
49 62
49 64
49 68
49 69
50 52
50 60
50 61
51 69
51 71
52 55
52 64
53 56
53 63
54 64
54 75
55 60
55 72
56 79
57 59
57 62
57 65
57 78
58 61
59 69
59 79
60 76
61 62
62 79
63 65
63 78
65 75
66 71
66 76
67 74
68 73
72 75
77 79
