60 632
14 12 1 0 0 14 7 10 2 0 1 10 10 10 10 4 13 12 8 9 0 10 6 4 10 11 2 15 3 15 5 2 6 3 9 8 15 9 3 0 3 3 8 9 12 0 1 12 11 9 1 11 3 8 1 15 1 13 5 15 
0 1
0 3
0 16
0 17
0 18
0 23
0 24
0 25
0 27
0 28
0 32
0 35
0 36
0 45
0 48
0 50
0 55
0 56
0 57
1 5
1 7
1 8
1 9
1 11
1 12
1 13
1 15
1 18
1 19
1 22
1 23
1 28
1 30
1 31
1 36
1 38
1 39
1 40
1 45
1 46
1 47
1 49
1 50
1 51
1 52
1 54
1 55
2 4
2 5
2 14
2 22
2 28
2 29
2 31
2 32
2 34
2 35
2 39
2 43
2 47
2 54
2 59
3 4
3 6
3 7
3 10
3 11
3 12
3 15
3 19
3 22
3 23
3 28
3 30
3 33
3 34
3 35
3 36
3 38
3 40
3 44
3 52
3 55
4 5
4 6
4 9
4 13
4 17
4 22
4 24
4 38
4 39
4 41
4 42
4 45
4 47
4 54
5 13
5 25
5 27
5 32
5 44
5 45
5 47
5 49
5 56
6 7
6 9
6 11
6 19
6 20
6 23
6 24
6 25
6 27
6 28
6 29
6 30
6 31
6 32
6 34
6 35
6 37
6 38
6 40
6 42
6 47
6 49
6 50
6 51
6 52
6 54
6 55
7 8
7 16
7 18
7 21
7 22
7 24
7 26
7 28
7 32
7 34
7 35
7 37
7 38
7 40
7 42
7 43
7 46
7 48
7 51
7 52
7 54
7 55
7 57
7 58
7 59
8 9
8 10
8 13
8 22
8 23
8 27
8 29
8 31
8 33
8 35
8 36
8 40
8 42
8 44
8 48
8 51
8 56
8 58
8 59
9 12
9 14
9 15
9 16
9 24
9 30
9 36
9 45
9 49
9 54
10 13
10 19
10 20
10 21
10 22
10 23
10 25
10 26
10 28
10 29
10 32
10 33
10 34
10 35
10 45
10 47
10 48
10 49
10 54
10 56
10 58
11 12
11 13
11 20
11 22
11 27
11 28
11 31
11 32
11 33
11 39
11 42
11 43
11 44
11 45
11 47
11 48
11 57
11 58
12 13
12 14
12 15
12 17
12 20
12 23
12 30
12 31
12 33
12 38
12 41
12 42
12 51
12 53
12 59
13 18
13 19
13 20
13 21
13 23
13 26
13 28
13 29
13 32
13 33
13 35
13 36
13 38
13 41
13 42
13 43
13 45
13 47
13 48
13 50
13 52
13 54
13 55
13 58
13 59
14 20
14 21
14 22
14 24
14 30
14 32
14 35
14 36
14 38
14 40
14 42
14 48
14 51
14 52
14 59
15 16
15 17
15 20
15 21
15 22
15 30
15 31
15 33
15 40
15 45
15 46
15 48
15 53
15 54
15 59
16 20
16 22
16 24
16 25
16 26
16 28
16 31
16 34
16 36
16 39
16 46
16 47
16 49
16 52
16 54
17 18
17 19
17 20
17 25
17 26
17 27
17 30
17 32
17 36
17 41
17 42
17 43
17 45
17 46
17 47
17 55
18 21
18 23
18 24
18 26
18 27
18 29
18 32
18 36
18 41
18 43
18 55
18 59
19 21
19 22
19 23
19 28
19 30
19 31
19 33
19 34
19 35
19 40
19 43
19 46
19 52
19 56
19 57
19 58
20 21
20 22
20 23
20 24
20 25
20 28
20 30
20 32
20 34
20 36
20 37
20 38
20 40
20 42
20 46
20 50
20 55
20 56
20 57
21 25
21 27
21 29
21 32
21 34
21 35
21 37
21 38
21 39
21 40
21 44
21 47
21 49
21 51
21 52
21 54
21 56
21 59
22 23
22 29
22 32
22 33
22 38
22 40
22 42
22 44
22 51
22 52
22 53
22 59
23 25
23 27
23 29
23 31
23 33
23 34
23 35
23 36
23 43
23 47
23 51
23 56
24 27
24 28
24 32
24 34
24 35
24 37
24 43
24 44
24 48
24 50
24 52
24 58
25 30
25 34
25 40
25 42
25 46
25 49
25 50
25 51
25 53
25 56
26 27
26 28
26 29
26 33
26 43
26 45
26 56
26 59
27 28
27 32
27 35
27 37
27 42
27 46
27 54
27 56
27 59
28 29
28 30
28 34
28 43
28 46
28 47
28 52
28 54
28 55
28 56
28 57
29 31
29 33
29 35
29 36
29 37
29 40
29 44
29 48
29 49
29 51
29 52
29 56
29 57
30 39
30 41
30 49
30 53
30 54
30 57
30 58
31 32
31 34
31 36
31 39
31 42
31 44
31 46
31 47
31 48
31 50
31 56
32 33
32 34
32 35
32 37
32 38
32 39
32 46
32 50
32 52
32 54
32 55
32 59
33 37
33 41
33 42
33 43
33 47
33 48
33 51
33 52
33 56
33 58
33 59
34 36
34 37
34 40
34 47
34 54
34 56
34 58
34 59
35 38
35 40
35 44
35 45
35 46
35 50
35 52
35 54
36 37
36 38
36 39
36 41
36 42
36 43
36 46
36 47
36 48
36 49
36 55
36 56
36 58
37 43
37 45
37 53
37 54
37 56
37 57
37 59
38 41
38 42
38 44
38 45
38 49
38 50
38 52
38 57
39 44
39 45
39 47
39 49
39 50
40 43
40 48
40 50
40 51
40 57
41 47
41 48
41 49
41 54
42 48
42 49
42 50
42 54
42 55
42 58
43 52
43 53
43 54
43 55
43 57
44 46
44 48
44 50
44 51
44 52
44 53
44 54
44 55
45 49
45 53
45 54
45 55
45 56
46 51
46 52
46 55
47 49
47 50
47 52
48 50
48 55
49 51
49 53
49 54
49 57
50 51
50 52
50 54
51 54
51 57
51 58
52 54
52 55
52 56
52 58
53 57
54 55
54 56
54 58
55 58
56 59
57 59
58 59
