60 172
5 1 11 3 5 1 12 13 6 3 15 1 7 7 11 8 4 14 6 13 7 6 3 11 0 7 0 0 10 3 12 3 13 2 0 4 1 15 2 10 14 2 14 11 7 10 2 4 12 0 6 0 6 5 10 5 9 12 5 8 
0 3
0 14
0 24
0 25
0 26
0 41
0 51
0 53
0 54
0 55
0 56
1 9
1 13
1 16
1 17
1 18
1 21
1 33
1 52
2 7
2 17
2 31
2 44
2 48
3 6
3 26
3 41
3 55
3 58
4 6
4 15
4 30
4 54
5 38
5 40
5 56
6 23
6 43
6 46
6 59
7 14
7 22
7 26
7 36
7 46
8 35
8 41
8 58
9 20
9 33
9 36
9 46
10 18
10 48
10 51
10 53
10 56
11 18
11 24
11 25
12 17
12 26
12 31
12 34
12 37
12 49
12 58
13 47
13 55
13 57
14 21
14 30
14 35
14 50
14 53
15 32
16 21
16 50
16 59
17 26
17 50
18 42
18 44
18 48
19 45
19 51
20 36
20 38
20 50
20 59
21 37
21 38
21 39
21 45
21 50
22 28
22 59
23 33
23 35
23 46
24 31
24 44
25 43
25 44
25 47
26 28
26 36
26 41
26 42
26 52
26 55
26 59
27 28
27 31
27 49
27 55
28 36
29 32
29 39
29 42
29 43
29 52
30 42
30 49
30 54
31 35
31 53
31 54
32 35
32 57
33 53
34 37
34 59
35 39
35 40
35 50
35 55
35 59
36 54
36 55
37 38
37 42
38 41
38 44
38 52
38 59
39 42
40 47
40 58
41 46
41 51
41 56
41 59
42 43
42 46
42 52
42 54
43 50
43 59
44 52
44 54
45 54
46 59
47 49
47 52
49 50
50 54
50 55
51 58
53 54
53 56
54 55
