50 148
2 2 7 1 0 7 7 5 4 4 7 5 0 2 6 1 0 7 5 4 1 0 6 7 2 6 5 4 2 2 5 1 5 0 5 6 1 2 5 0 1 5 2 7 4 1 1 3 1 5 
0 8
0 22
0 39
1 2
1 3
1 17
1 18
1 22
1 27
1 38
1 46
2 17
3 22
3 27
3 28
3 30
3 38
3 40
3 46
4 8
4 34
4 37
4 47
5 32
5 42
5 43
6 11
6 14
6 16
6 17
6 23
6 43
7 18
7 43
7 45
7 47
8 12
8 14
8 18
8 19
8 35
9 10
9 12
9 27
9 30
10 14
10 22
10 30
11 12
11 35
12 17
12 29
12 35
12 37
12 43
12 47
12 49
13 19
13 20
14 21
14 26
14 27
14 33
15 17
15 20
15 23
15 26
15 31
15 32
15 33
15 35
15 38
15 40
16 17
16 26
16 35
16 41
16 43
16 48
17 28
17 29
17 45
18 22
18 26
18 32
18 39
18 44
18 46
18 47
18 49
19 29
20 24
20 31
20 32
20 35
20 39
20 44
20 45
21 22
21 25
21 30
21 33
21 44
22 39
22 44
22 46
22 49
24 29
24 30
24 36
24 41
25 27
25 39
25 44
25 45
26 44
27 34
27 35
27 36
27 38
27 40
27 42
27 46
28 36
29 49
30 33
30 34
30 43
31 32
31 35
31 39
31 40
31 41
32 39
32 44
35 37
35 38
35 40
36 47
37 43
37 44
37 45
38 40
38 45
39 44
40 41
40 48
44 46
