90 199
2 13 10 8 0 12 8 4 12 0 9 9 4 10 2 15 7 5 6 10 8 8 0 12 6 13 11 13 14 4 3 10 4 12 11 2 14 4 5 15 14 6 4 14 7 12 11 1 9 2 9 8 9 4 2 6 3 7 1 10 10 1 1 12 3 4 2 1 8 1 15 9 4 15 2 2 3 0 10 12 4 9 5 12 6 11 10 6 5 9 
0 7
0 20
0 34
0 59
0 65
0 68
0 80
1 16
1 54
1 63
2 3
2 10
2 12
2 15
2 33
2 35
2 47
2 53
2 65
2 68
2 74
2 75
2 87
3 5
3 10
3 21
3 68
3 75
3 80
3 86
4 12
4 51
4 87
5 8
5 25
5 79
6 8
6 38
6 50
6 83
7 28
7 61
8 30
8 45
8 60
8 79
9 30
9 48
9 50
10 12
10 35
10 48
10 64
10 70
10 73
10 87
11 67
11 70
11 72
12 52
12 63
13 15
13 17
13 32
13 35
13 37
13 54
13 73
13 83
14 26
14 48
14 75
15 21
15 25
15 59
15 68
15 75
15 77
16 41
16 45
16 47
16 82
17 47
17 53
17 55
17 60
17 61
17 81
17 83
18 29
18 42
18 43
18 60
18 71
18 72
18 74
19 24
19 54
20 27
20 58
20 89
21 22
21 43
21 49
21 57
23 75
24 31
24 51
24 69
24 87
25 30
25 51
26 30
26 46
26 54
27 35
28 42
28 67
28 88
29 33
29 38
29 60
30 33
30 51
30 70
31 36
31 46
32 46
34 52
34 68
34 80
35 65
35 69
35 76
35 83
35 85
35 87
37 46
37 70
38 55
38 89
39 67
39 71
39 79
40 71
40 80
41 44
41 81
41 85
42 54
43 60
43 69
44 72
44 73
44 77
44 78
45 66
46 74
47 71
47 88
48 67
48 83
49 69
49 86
50 69
51 81
52 63
52 74
52 87
53 54
55 70
56 80
56 86
57 75
58 63
59 74
59 89
61 73
62 88
63 88
65 68
65 74
65 87
66 79
67 87
68 73
68 76
68 87
70 78
71 87
73 82
74 88
75 85
75 88
75 89
76 78
80 89
83 84
86 88
