80 1127
12 10 1 1 13 13 0 7 11 3 5 0 2 14 5 13 0 5 13 15 0 13 14 1 0 11 5 0 11 13 12 1 13 12 12 2 9 11 1 9 10 0 4 15 8 0 5 10 13 3 5 4 0 8 5 6 9 7 6 12 11 9 9 13 9 7 11 11 5 7 13 5 1 10 7 15 7 8 13 3 
0 1
0 3
0 11
0 12
0 13
0 15
0 17
0 18
0 19
0 21
0 22
0 24
0 26
0 31
0 33
0 35
0 39
0 40
0 41
0 42
0 43
0 47
0 52
0 53
0 55
0 58
0 59
0 63
0 65
0 66
0 69
0 72
0 76
0 78
1 2
1 4
1 8
1 9
1 12
1 17
1 18
1 19
1 20
1 22
1 23
1 25
1 26
1 27
1 28
1 29
1 33
1 34
1 35
1 38
1 40
1 41
1 43
1 45
1 51
1 53
1 59
1 60
1 64
1 65
1 68
1 74
1 77
1 78
1 79
2 3
2 4
2 6
2 15
2 17
2 21
2 26
2 29
2 30
2 33
2 35
2 38
2 57
2 58
2 59
2 64
2 67
2 69
2 72
2 73
2 76
2 77
2 79
3 4
3 6
3 8
3 13
3 14
3 15
3 19
3 20
3 24
3 27
3 28
3 35
3 39
3 40
3 41
3 48
3 49
3 53
3 55
3 58
3 60
3 64
3 66
3 67
3 69
3 73
3 79
4 5
4 6
4 12
4 13
4 14
4 15
4 17
4 21
4 22
4 29
4 30
4 31
4 34
4 35
4 36
4 38
4 41
4 44
4 47
4 48
4 60
4 61
4 64
4 66
4 71
4 76
4 77
5 8
5 9
5 16
5 18
5 19
5 21
5 22
5 23
5 29
5 31
5 34
5 37
5 43
5 47
5 50
5 52
5 53
5 54
5 55
5 56
5 64
5 68
5 69
5 70
5 72
5 74
5 75
6 7
6 10
6 12
6 14
6 15
6 16
6 17
6 18
6 24
6 27
6 33
6 35
6 38
6 51
6 52
6 53
6 54
6 55
6 60
6 61
6 65
6 70
6 71
6 75
6 78
7 11
7 12
7 14
7 15
7 17
7 18
7 19
7 22
7 23
7 24
7 28
7 32
7 36
7 38
7 40
7 47
7 48
7 53
7 54
7 58
7 59
7 63
7 64
7 66
7 67
7 69
7 73
7 75
7 79
8 12
8 16
8 18
8 30
8 31
8 33
8 34
8 38
8 39
8 40
8 41
8 46
8 48
8 49
8 53
8 54
8 55
8 57
8 58
8 61
8 62
8 63
8 64
8 65
8 67
8 71
8 73
8 78
8 79
9 14
9 15
9 17
9 20
9 28
9 30
9 31
9 33
9 42
9 46
9 62
9 63
9 64
9 78
9 79
10 14
10 15
10 16
10 18
10 24
10 25
10 26
10 34
10 35
10 36
10 43
10 46
10 49
10 53
10 56
10 57
10 58
10 63
10 64
10 65
10 66
10 73
10 78
10 79
11 12
11 14
11 17
11 20
11 22
11 29
11 39
11 41
11 44
11 46
11 51
11 52
11 53
11 59
11 60
11 63
11 64
11 66
11 67
11 70
11 73
11 75
12 13
12 19
12 21
12 24
12 25
12 26
12 28
12 29
12 31
12 32
12 34
12 36
12 38
12 41
12 45
12 50
12 53
12 56
12 58
12 59
12 62
12 64
12 70
12 78
13 16
13 18
13 22
13 26
13 27
13 29
13 31
13 32
13 36
13 37
13 38
13 42
13 43
13 44
13 45
13 50
13 54
13 55
13 56
13 58
13 60
13 61
13 63
13 64
13 65
13 70
13 72
13 75
13 78
14 21
14 25
14 26
14 28
14 29
14 32
14 36
14 37
14 39
14 41
14 42
14 43
14 45
14 48
14 49
14 51
14 53
14 54
14 59
14 64
14 66
14 69
14 70
14 71
14 75
15 18
15 19
15 21
15 22
15 23
15 24
15 26
15 27
15 28
15 32
15 35
15 41
15 42
15 45
15 47
15 54
15 61
15 64
15 66
15 67
15 71
15 73
15 74
16 17
16 18
16 19
16 21
16 24
16 28
16 29
16 31
16 36
16 43
16 44
16 46
16 49
16 52
16 53
16 58
16 61
16 62
16 63
16 64
16 66
16 67
16 68
16 69
16 76
16 77
16 79
17 20
17 21
17 25
17 29
17 30
17 33
17 34
17 36
17 39
17 40
17 42
17 43
17 46
17 49
17 54
17 55
17 56
17 58
17 59
17 60
17 61
17 62
17 63
17 67
17 68
17 69
17 71
18 21
18 25
18 26
18 29
18 34
18 35
18 36
18 38
18 39
18 40
18 41
18 43
18 44
18 45
18 49
18 56
18 58
18 60
18 62
18 63
18 64
18 66
18 76
19 24
19 29
19 32
19 33
19 36
19 39
19 40
19 41
19 46
19 49
19 51
19 52
19 58
19 63
19 66
19 77
20 23
20 27
20 32
20 36
20 45
20 50
20 58
20 60
20 61
20 63
20 67
20 71
20 74
20 76
20 77
20 79
21 22
21 27
21 28
21 30
21 40
21 41
21 47
21 51
21 52
21 53
21 58
21 59
21 64
21 70
21 72
21 75
21 76
21 77
21 78
22 24
22 27
22 31
22 32
22 35
22 38
22 40
22 42
22 45
22 48
22 49
22 51
22 53
22 54
22 56
22 57
22 63
22 66
22 67
22 71
22 75
22 77
22 78
23 24
23 26
23 27
23 28
23 29
23 30
23 32
23 33
23 42
23 45
23 48
23 52
23 56
23 57
23 58
23 60
23 63
23 74
24 32
24 33
24 35
24 36
24 37
24 38
24 44
24 46
24 47
24 48
24 53
24 54
24 57
24 58
24 59
24 61
24 63
24 65
24 67
24 70
24 71
24 73
24 74
24 77
25 27
25 31
25 38
25 48
25 49
25 51
25 52
25 57
25 65
25 68
25 76
26 27
26 28
26 29
26 31
26 33
26 36
26 38
26 40
26 41
26 44
26 49
26 52
26 53
26 55
26 56
26 58
26 59
26 60
26 61
26 64
26 65
26 69
26 71
26 72
26 73
27 28
27 32
27 33
27 34
27 35
27 41
27 43
27 46
27 47
27 53
27 54
27 58
27 63
27 66
27 72
27 74
27 75
27 78
28 29
28 31
28 32
28 33
28 35
28 37
28 42
28 43
28 45
28 48
28 49
28 51
28 53
28 54
28 58
28 61
28 63
28 67
28 75
28 78
29 33
29 34
29 36
29 37
29 38
29 47
29 48
29 52
29 55
29 57
29 65
29 66
29 67
29 68
29 76
30 33
30 34
30 35
30 37
30 41
30 43
30 48
30 51
30 69
30 74
30 76
31 32
31 33
31 43
31 45
31 46
31 48
31 65
31 68
31 70
31 73
31 75
32 33
32 35
32 36
32 43
32 44
32 51
32 52
32 54
32 55
32 56
32 58
32 59
32 61
32 63
32 64
32 72
32 73
32 74
32 77
33 35
33 39
33 43
33 46
33 48
33 49
33 50
33 51
33 52
33 55
33 61
33 63
33 64
33 68
33 69
33 70
33 77
33 78
33 79
34 36
34 38
34 42
34 46
34 48
34 49
34 50
34 51
34 57
34 58
34 59
34 64
34 65
34 71
34 73
34 74
34 75
35 44
35 45
35 54
35 55
35 56
35 58
35 64
35 73
35 74
35 75
36 37
36 40
36 41
36 43
36 48
36 52
36 53
36 54
36 56
36 58
36 65
36 66
36 67
36 68
36 73
36 75
36 76
36 77
37 40
37 45
37 47
37 50
37 52
37 54
37 66
37 69
37 71
38 43
38 44
38 51
38 55
38 56
38 57
38 62
38 64
38 65
38 66
38 67
38 77
38 78
39 40
39 42
39 44
39 45
39 47
39 48
39 55
39 57
39 59
39 61
39 62
39 63
39 68
39 73
39 74
39 77
40 45
40 47
40 48
40 49
40 53
40 54
40 56
40 57
40 58
40 61
40 63
40 64
40 66
40 68
40 75
40 76
41 42
41 44
41 45
41 46
41 47
41 48
41 49
41 54
41 57
41 59
41 60
41 61
41 63
41 64
41 65
41 67
41 68
41 69
41 70
41 71
41 74
41 79
42 43
42 44
42 46
42 47
42 49
42 50
42 51
42 53
42 54
42 56
42 58
42 59
42 63
42 65
42 66
42 67
42 69
42 70
42 71
42 74
43 45
43 54
43 55
43 56
43 58
43 59
43 60
43 62
43 63
43 64
43 65
43 71
43 72
43 73
43 77
43 78
44 45
44 46
44 47
44 51
44 57
44 59
44 64
44 66
44 68
44 74
44 75
44 78
44 79
45 51
45 53
45 55
45 59
45 68
45 70
45 73
45 76
46 47
46 50
46 55
46 62
46 64
46 67
46 70
47 48
47 50
47 51
47 52
47 55
47 56
47 58
47 62
47 64
47 65
47 66
47 70
47 72
47 73
47 74
47 78
47 79
48 50
48 54
48 55
48 63
48 65
48 66
48 67
48 68
48 70
48 71
48 74
48 75
48 79
49 52
49 54
49 56
49 59
49 60
49 65
49 71
50 52
50 53
50 63
50 65
50 67
50 73
51 52
51 58
51 59
51 60
51 64
51 67
51 76
51 78
52 54
52 55
52 56
52 59
52 63
52 65
52 67
52 68
52 70
52 73
52 78
53 56
53 68
53 71
53 72
53 74
53 75
53 76
53 77
54 61
54 63
54 65
54 66
54 72
54 76
54 77
54 78
55 59
55 60
55 63
55 64
55 65
55 68
55 71
55 72
55 77
55 78
56 57
56 59
56 66
56 68
56 70
56 72
56 73
56 78
57 58
57 61
57 62
57 65
57 68
57 69
57 70
57 71
57 73
57 74
57 78
58 63
58 70
58 78
59 61
59 63
59 68
59 74
59 75
60 61
60 62
60 65
60 70
60 71
60 74
61 64
61 72
61 73
61 76
62 72
62 77
63 64
63 65
63 66
63 69
63 70
63 72
63 74
63 77
64 65
64 72
64 73
64 75
64 79
65 69
65 78
65 79
66 67
66 68
66 69
66 70
66 71
66 72
66 73
66 76
66 78
67 68
67 69
67 72
67 75
67 76
68 73
69 75
69 78
69 79
70 74
70 75
70 76
70 78
71 72
71 73
71 74
71 77
72 78
72 79
73 74
73 76
73 77
73 78
73 79
74 78
74 79
75 76
76 77
77 78
77 79
