70 197
13 9 10 10 15 1 5 15 15 14 0 6 5 8 12 15 15 14 15 6 4 2 15 9 0 4 4 8 11 15 13 1 4 5 15 1 14 8 15 13 3 3 14 14 13 12 9 6 15 14 7 10 0 8 7 0 13 9 0 4 14 15 6 5 14 15 13 7 9 3 
0 14
0 22
0 38
0 47
0 50
0 52
0 62
1 6
1 16
1 19
1 27
1 29
1 44
1 65
2 9
2 12
2 19
2 23
2 26
2 27
2 37
2 40
2 42
2 50
2 66
3 7
3 16
3 24
3 25
3 43
3 67
4 31
4 49
5 9
5 44
5 51
5 54
5 56
5 62
5 67
6 10
6 35
6 39
6 58
6 64
7 16
7 21
7 33
7 34
7 54
8 15
8 28
8 36
8 59
9 13
9 21
9 36
9 49
9 50
10 16
10 23
10 24
10 25
10 31
10 46
11 16
11 29
11 38
11 43
11 53
11 54
11 69
12 15
12 21
12 26
12 30
12 64
12 66
13 35
13 40
13 48
13 57
13 59
13 61
14 30
14 35
15 36
15 55
15 56
15 68
16 28
16 34
16 36
16 42
16 45
16 67
17 18
17 19
17 23
17 43
17 57
18 32
19 27
19 29
19 38
19 39
19 43
19 45
19 57
20 35
20 39
21 58
22 37
22 61
24 26
24 56
24 62
24 64
25 49
25 59
26 41
26 66
27 36
27 52
27 65
27 68
28 52
28 54
28 57
29 32
29 45
29 67
30 33
30 65
30 68
31 44
33 35
33 66
34 37
34 41
35 69
36 39
36 48
37 38
37 47
37 49
37 58
38 48
38 51
38 62
39 40
39 45
39 47
39 60
40 58
40 61
40 65
41 47
41 49
41 60
42 55
43 48
44 50
44 55
44 58
44 59
44 61
44 63
45 59
45 67
46 54
46 69
47 55
47 64
48 49
48 68
49 51
49 53
49 57
49 60
49 62
50 51
51 67
52 54
52 67
53 61
53 62
53 67
55 56
55 60
56 60
58 62
59 69
61 66
63 67
64 66
64 69
