90 1436
14 5 12 1 1 13 5 1 15 15 13 1 13 7 15 10 11 7 4 4 10 10 8 2 1 6 2 5 0 5 9 11 2 2 12 15 11 2 3 2 12 4 4 12 0 1 4 7 13 0 0 13 9 13 9 11 15 3 5 12 8 1 12 8 6 8 5 15 15 8 2 1 7 6 12 2 0 0 4 9 5 8 8 2 5 5 13 6 13 6 
0 1
0 2
0 8
0 14
0 18
0 23
0 26
0 28
0 29
0 30
0 31
0 34
0 36
0 37
0 40
0 42
0 43
0 45
0 46
0 48
0 49
0 51
0 53
0 54
0 55
0 56
0 58
0 63
0 67
0 73
0 74
0 75
0 82
0 87
1 7
1 8
1 9
1 11
1 12
1 16
1 20
1 23
1 29
1 30
1 31
1 32
1 34
1 35
1 36
1 38
1 40
1 41
1 42
1 46
1 47
1 49
1 50
1 51
1 52
1 53
1 54
1 56
1 61
1 62
1 65
1 67
1 70
1 74
1 78
1 79
1 80
1 82
1 83
1 86
1 88
2 3
2 5
2 6
2 8
2 10
2 14
2 15
2 19
2 22
2 24
2 26
2 27
2 38
2 40
2 42
2 43
2 50
2 51
2 53
2 57
2 59
2 61
2 63
2 64
2 65
2 67
2 69
2 70
2 83
2 87
2 88
3 4
3 6
3 8
3 9
3 13
3 17
3 21
3 27
3 36
3 38
3 39
3 50
3 52
3 56
3 60
3 61
3 70
3 73
3 77
3 78
3 79
3 81
4 11
4 15
4 16
4 17
4 19
4 20
4 21
4 22
4 25
4 26
4 28
4 31
4 34
4 39
4 41
4 43
4 45
4 47
4 51
4 52
4 55
4 56
4 58
4 60
4 63
4 67
4 71
4 78
4 79
4 81
4 84
4 85
4 87
5 8
5 9
5 12
5 14
5 18
5 19
5 20
5 31
5 40
5 41
5 44
5 45
5 49
5 53
5 54
5 55
5 59
5 63
5 64
5 68
5 71
5 72
5 73
5 80
5 83
5 85
5 86
6 14
6 16
6 23
6 25
6 29
6 32
6 40
6 42
6 45
6 47
6 52
6 56
6 57
6 58
6 65
6 66
6 67
6 69
6 73
6 78
6 79
6 84
6 85
6 88
7 8
7 13
7 15
7 24
7 25
7 26
7 28
7 29
7 30
7 32
7 36
7 40
7 43
7 44
7 47
7 49
7 55
7 56
7 57
7 58
7 65
7 68
7 70
7 71
7 72
7 76
7 79
7 84
7 85
7 86
7 89
8 12
8 13
8 17
8 20
8 22
8 23
8 25
8 34
8 35
8 41
8 43
8 45
8 48
8 49
8 51
8 55
8 57
8 60
8 61
8 62
8 65
8 69
8 75
8 79
8 80
8 82
8 83
8 84
8 88
9 11
9 13
9 17
9 20
9 21
9 22
9 25
9 31
9 34
9 36
9 40
9 41
9 42
9 43
9 45
9 47
9 48
9 51
9 53
9 56
9 58
9 59
9 62
9 66
9 67
9 68
9 69
9 72
9 76
9 80
9 81
9 83
9 85
10 11
10 14
10 15
10 16
10 17
10 25
10 27
10 28
10 29
10 30
10 32
10 35
10 37
10 39
10 41
10 49
10 51
10 54
10 59
10 61
10 62
10 65
10 68
10 70
10 71
10 72
10 73
10 74
10 75
10 76
10 78
10 85
11 12
11 13
11 15
11 17
11 20
11 23
11 27
11 28
11 29
11 32
11 33
11 36
11 42
11 43
11 44
11 46
11 56
11 60
11 66
11 67
11 70
11 72
11 73
11 75
11 78
11 81
11 82
11 83
11 85
12 13
12 15
12 16
12 18
12 19
12 22
12 23
12 25
12 26
12 27
12 29
12 36
12 37
12 38
12 45
12 49
12 51
12 54
12 56
12 59
12 65
12 69
12 71
12 76
12 77
12 78
12 79
12 80
12 85
12 86
12 87
12 89
13 14
13 17
13 18
13 20
13 21
13 24
13 30
13 35
13 37
13 38
13 39
13 46
13 47
13 48
13 51
13 52
13 53
13 56
13 57
13 58
13 60
13 62
13 67
13 68
13 69
13 76
13 79
13 80
13 81
13 83
13 85
14 17
14 18
14 19
14 24
14 27
14 30
14 31
14 37
14 39
14 42
14 44
14 46
14 53
14 55
14 57
14 64
14 68
14 72
14 76
14 79
14 82
14 83
15 16
15 22
15 27
15 33
15 37
15 40
15 41
15 47
15 50
15 52
15 53
15 54
15 57
15 68
15 70
15 76
15 78
15 79
15 86
15 87
15 88
16 17
16 23
16 27
16 28
16 30
16 35
16 40
16 41
16 42
16 44
16 45
16 46
16 47
16 48
16 53
16 54
16 55
16 56
16 58
16 60
16 63
16 65
16 66
16 69
16 71
16 72
16 78
16 79
16 80
16 82
16 83
16 86
16 88
16 89
17 19
17 20
17 26
17 28
17 29
17 31
17 36
17 38
17 40
17 42
17 43
17 44
17 45
17 46
17 47
17 56
17 59
17 65
17 66
17 68
17 69
17 72
17 74
17 80
17 82
17 83
17 85
17 86
18 22
18 23
18 27
18 29
18 30
18 34
18 35
18 36
18 37
18 43
18 46
18 52
18 53
18 55
18 57
18 58
18 61
18 64
18 65
18 66
18 67
18 69
18 75
18 77
18 78
18 80
18 81
18 83
18 86
18 88
19 22
19 25
19 26
19 30
19 32
19 33
19 35
19 36
19 37
19 38
19 41
19 44
19 45
19 47
19 52
19 59
19 71
19 73
19 74
19 75
19 79
20 26
20 27
20 28
20 30
20 35
20 44
20 45
20 47
20 48
20 50
20 51
20 55
20 56
20 58
20 60
20 67
20 73
20 81
20 83
20 85
20 86
21 26
21 28
21 29
21 30
21 31
21 36
21 37
21 38
21 40
21 43
21 45
21 47
21 48
21 49
21 51
21 52
21 54
21 55
21 56
21 57
21 59
21 60
21 62
21 67
21 68
21 73
21 75
21 76
21 83
21 84
21 89
22 23
22 27
22 29
22 34
22 37
22 40
22 43
22 46
22 51
22 56
22 61
22 71
22 80
22 83
23 29
23 30
23 33
23 34
23 35
23 36
23 37
23 43
23 45
23 46
23 48
23 52
23 56
23 58
23 59
23 60
23 62
23 64
23 67
23 72
23 75
23 76
23 77
23 79
23 80
23 82
23 85
23 86
24 33
24 36
24 40
24 44
24 47
24 48
24 49
24 52
24 53
24 61
24 62
24 63
24 65
24 66
24 68
24 71
24 76
24 80
24 83
24 85
25 26
25 27
25 32
25 35
25 38
25 40
25 49
25 52
25 53
25 55
25 60
25 61
25 62
25 73
25 75
25 77
25 78
25 79
25 86
25 89
26 27
26 30
26 37
26 38
26 44
26 50
26 52
26 55
26 56
26 68
26 69
26 71
26 72
26 77
26 79
26 82
26 83
26 85
26 87
26 89
27 34
27 35
27 36
27 37
27 41
27 47
27 48
27 50
27 51
27 52
27 54
27 55
27 56
27 57
27 60
27 66
27 67
27 73
27 74
27 78
27 80
27 81
27 82
27 85
27 86
27 87
28 29
28 30
28 34
28 35
28 37
28 39
28 41
28 42
28 45
28 46
28 47
28 48
28 52
28 59
28 60
28 61
28 66
28 67
28 68
28 69
28 73
28 76
28 77
28 78
28 79
28 81
28 85
28 88
28 89
29 33
29 34
29 35
29 36
29 40
29 41
29 43
29 55
29 56
29 57
29 58
29 61
29 63
29 66
29 69
29 72
29 75
29 79
29 80
29 82
29 88
29 89
30 33
30 35
30 36
30 42
30 43
30 45
30 46
30 49
30 50
30 52
30 53
30 54
30 55
30 56
30 57
30 59
30 61
30 67
30 69
30 70
30 75
30 77
30 78
30 81
30 82
30 87
30 88
30 89
31 32
31 34
31 37
31 38
31 50
31 56
31 58
31 61
31 63
31 66
31 73
31 76
31 78
31 80
31 84
31 86
32 33
32 38
32 39
32 42
32 54
32 58
32 59
32 62
32 65
32 72
32 74
32 76
32 77
32 78
32 79
32 89
33 34
33 39
33 41
33 42
33 43
33 45
33 46
33 47
33 48
33 55
33 56
33 57
33 60
33 62
33 63
33 64
33 65
33 66
33 69
33 70
33 77
33 80
33 81
33 83
33 86
33 88
33 89
34 37
34 39
34 41
34 42
34 43
34 45
34 47
34 48
34 52
34 54
34 56
34 57
34 63
34 67
34 71
34 78
34 79
34 80
34 82
34 85
34 88
34 89
35 42
35 47
35 51
35 54
35 55
35 57
35 58
35 67
35 69
35 73
35 79
35 87
36 40
36 41
36 43
36 45
36 46
36 47
36 48
36 53
36 54
36 56
36 59
36 63
36 65
36 67
36 69
36 74
36 77
36 81
36 84
36 85
37 38
37 39
37 40
37 41
37 43
37 48
37 54
37 55
37 56
37 58
37 64
37 67
37 69
37 70
37 73
37 74
37 77
37 79
37 81
37 85
37 89
38 41
38 42
38 49
38 53
38 59
38 60
38 64
38 69
38 73
38 75
38 77
38 79
38 80
38 81
38 82
38 88
38 89
39 40
39 44
39 46
39 51
39 52
39 53
39 54
39 62
39 63
39 64
39 65
39 70
39 71
39 73
39 74
39 77
39 83
39 84
39 85
40 43
40 46
40 48
40 52
40 56
40 61
40 69
40 71
40 74
40 79
40 80
40 82
40 83
40 87
41 43
41 45
41 47
41 52
41 56
41 57
41 58
41 62
41 67
41 68
41 73
41 75
41 78
41 79
41 80
41 86
41 88
42 44
42 45
42 49
42 54
42 57
42 60
42 64
42 65
42 69
42 71
42 72
42 73
42 75
42 77
43 49
43 51
43 53
43 54
43 58
43 60
43 63
43 64
43 67
43 69
43 73
43 77
43 79
43 83
43 89
44 49
44 51
44 59
44 61
44 65
44 70
44 74
44 75
44 76
44 77
44 78
44 82
44 84
44 85
45 52
45 55
45 57
45 61
45 65
45 68
45 73
45 77
45 79
45 86
45 88
45 89
46 48
46 49
46 52
46 54
46 55
46 56
46 58
46 65
46 75
46 81
46 82
46 84
46 86
46 87
46 88
47 48
47 51
47 54
47 55
47 58
47 60
47 62
47 63
47 64
47 66
47 67
47 73
47 75
47 81
47 82
47 84
47 86
47 88
48 53
48 54
48 56
48 60
48 65
48 66
48 68
48 71
48 73
48 76
48 79
48 82
48 84
48 88
48 89
49 53
49 59
49 60
49 65
49 67
49 68
49 70
49 74
49 80
49 81
49 82
49 84
49 88
50 51
50 54
50 55
50 56
50 57
50 58
50 59
50 60
50 64
50 66
50 69
50 71
50 74
50 76
50 80
50 88
50 89
51 52
51 53
51 55
51 57
51 63
51 67
51 68
51 71
51 73
51 85
51 86
51 87
51 88
52 55
52 56
52 57
52 58
52 67
52 68
52 70
52 77
52 79
52 81
52 82
52 83
52 84
52 86
52 87
53 55
53 67
53 68
53 72
53 74
53 77
53 81
53 86
53 87
53 88
53 89
54 55
54 56
54 57
54 64
54 66
54 67
54 70
54 76
54 81
54 82
54 83
54 85
54 88
54 89
55 60
55 62
55 67
55 69
55 74
55 77
55 80
55 81
55 86
56 57
56 70
56 71
56 73
56 74
56 75
56 76
56 78
56 79
56 81
56 82
57 59
57 61
57 66
57 67
57 69
57 78
57 79
57 85
57 87
58 62
58 64
58 66
58 67
58 69
58 70
58 74
58 77
58 79
58 80
58 81
58 83
58 84
58 87
59 60
59 62
59 64
59 66
59 69
59 70
59 72
59 74
59 76
59 89
60 63
60 79
60 80
60 82
60 86
60 88
60 89
61 65
61 66
61 68
61 69
61 70
61 71
61 72
61 74
61 75
61 77
61 82
61 83
61 85
61 86
61 88
61 89
62 64
62 67
62 68
62 77
62 78
62 83
62 84
62 86
62 88
62 89
63 64
63 68
63 69
63 70
63 71
63 72
63 75
63 78
63 80
63 81
63 85
64 67
64 68
64 70
64 75
64 78
64 81
64 84
64 87
65 68
65 69
65 72
65 73
65 75
65 79
65 80
65 83
65 84
66 68
66 70
66 72
66 75
66 77
66 82
66 84
66 85
66 86
67 78
67 79
67 81
67 82
67 83
67 85
67 88
67 89
68 75
68 84
68 86
68 87
69 74
69 76
69 77
69 81
69 84
69 85
69 86
69 88
69 89
70 72
70 74
70 77
70 78
70 79
70 83
70 85
71 80
71 82
71 88
71 89
72 74
72 77
72 78
72 83
72 84
72 88
72 89
73 76
73 78
73 80
73 82
74 75
74 77
74 78
74 79
74 80
74 83
74 85
74 87
75 76
75 87
76 77
76 78
76 85
76 87
76 89
77 79
77 85
77 86
77 89
78 80
78 86
79 82
79 84
79 86
79 88
80 81
80 82
80 88
80 89
81 82
81 88
82 88
83 89
85 87
85 89
86 88
86 89
87 88
88 89
