100 233
4 7 14 1 22 28 22 21 31 22 9 6 21 7 18 22 6 15 23 8 28 6 24 12 10 4 12 14 16 14 12 29 26 22 3 14 17 15 22 31 22 21 5 17 18 23 5 16 6 10 0 0 7 5 25 27 22 21 19 2 28 0 6 8 7 12 18 3 13 10 1 5 14 1 2 3 2 0 30 5 6 30 21 14 20 20 30 18 29 21 11 8 16 21 23 9 8 27 30 28 
0 10
0 56
0 60
0 68
1 2
1 25
1 32
1 35
1 51
1 70
1 77
1 84
2 22
2 37
2 75
3 8
3 16
3 27
3 87
3 88
4 16
4 93
5 35
5 91
6 28
6 39
6 47
6 77
6 80
6 89
6 97
7 34
7 65
8 10
8 11
8 24
8 39
8 40
8 81
8 85
9 21
9 24
9 30
9 35
9 54
9 77
9 99
10 12
10 19
10 24
10 77
10 79
10 87
11 52
12 13
12 29
12 56
12 87
13 22
13 46
13 72
13 86
13 89
14 96
14 99
15 27
16 31
16 43
16 53
16 59
17 23
17 27
17 98
18 25
18 27
18 57
18 81
18 86
18 91
19 23
19 43
19 48
19 58
19 66
19 75
20 59
20 80
20 81
20 88
20 89
21 70
22 56
23 41
23 90
24 29
24 52
24 63
24 76
24 87
24 98
25 28
25 34
25 46
25 47
25 59
25 68
25 89
25 91
26 52
26 77
26 99
27 28
27 33
27 69
28 47
28 81
29 68
29 69
29 82
29 89
29 91
30 54
30 55
30 96
31 55
31 93
32 80
33 68
33 72
34 38
34 65
34 70
34 80
34 94
35 98
36 89
36 90
36 99
37 47
37 73
37 75
37 76
37 94
38 43
38 74
38 89
38 98
39 57
39 74
41 89
41 91
42 48
42 50
42 64
42 73
42 98
43 50
43 54
43 72
44 67
44 81
45 52
45 62
45 74
46 61
46 69
46 97
47 68
47 71
47 91
49 94
50 62
50 72
50 84
51 54
51 56
51 61
51 64
51 96
52 60
52 68
52 89
53 58
53 73
54 65
54 74
54 93
56 61
56 92
57 73
59 81
59 96
60 71
60 81
60 83
61 94
61 96
63 88
64 88
64 89
64 91
65 77
67 83
68 89
68 92
68 93
69 86
69 94
69 96
69 99
70 90
71 72
71 77
72 85
72 86
72 94
74 77
74 81
75 83
75 88
76 87
77 85
77 91
78 96
79 83
80 85
82 90
82 94
86 91
86 95
88 96
89 90
91 96
