100 258
24 22 30 22 20 2 12 26 7 8 27 2 29 28 15 30 19 24 8 17 5 1 26 11 20 9 2147483654 19 18 22 7 12 26 31 19 8 28 13 19 13 11 26 24 16 0 19 0 19 6 29 0 26 27 20 25 16 3 9 7 22 16 8 6 18 13 2 16 13 15 21 18 31 5 17 24 31 8 18 29 25 11 4 28 28 26 16 0 28 27 29 21 18 22 30 17 20 23 29 13 7 
0 3
0 14
0 26
0 36
0 75
1 5
1 22
1 26
1 53
1 87
1 90
2 11
2 12
2 25
2 41
2 83
3 18
3 26
3 35
3 49
3 79
4 26
4 45
4 47
4 51
4 55
4 80
4 88
4 93
5 56
5 94
5 95
5 96
6 8
6 13
6 16
6 26
6 37
6 45
7 25
7 62
7 83
8 16
8 26
8 37
8 45
8 47
9 14
9 25
9 36
9 41
9 52
9 62
10 26
10 33
10 70
10 97
10 99
11 22
11 26
11 57
11 77
11 87
12 15
12 18
12 26
12 90
13 24
13 26
13 34
13 37
13 44
13 60
13 63
14 15
14 18
14 26
14 28
14 74
15 25
15 26
15 52
15 83
16 26
16 63
17 26
17 46
17 74
18 26
18 41
19 31
19 71
19 78
20 28
20 50
21 38
21 48
21 79
22 26
22 56
22 70
22 82
23 24
23 26
23 34
23 63
24 26
24 33
24 75
24 99
25 76
26 28
26 29
26 30
26 33
26 34
26 37
26 42
26 44
26 45
26 46
26 47
26 51
26 58
26 59
26 60
26 63
26 68
26 69
26 70
26 72
26 74
26 75
26 77
26 80
26 82
26 83
26 85
26 87
26 90
26 91
26 92
26 93
26 96
26 97
26 99
27 40
27 59
28 62
28 75
28 83
29 37
29 45
29 51
29 55
29 72
29 82
29 84
30 40
30 80
30 92
31 66
31 79
32 61
33 44
34 47
34 93
34 99
35 63
35 67
36 49
36 64
37 60
37 96
38 49
39 74
39 86
40 43
40 73
40 86
41 49
41 60
41 67
42 51
42 70
42 93
42 99
43 67
43 80
43 82
43 94
44 97
46 54
46 59
46 85
47 57
47 60
47 63
47 65
47 93
48 50
48 54
48 78
49 89
50 61
51 60
51 64
51 82
56 57
57 67
57 71
57 94
58 59
58 74
58 81
58 85
58 91
59 68
60 97
60 99
61 71
61 74
61 78
62 64
64 75
64 90
65 94
66 81
67 77
68 69
68 74
69 85
69 91
70 82
70 92
71 88
72 82
72 96
74 82
74 85
75 98
77 80
77 90
78 79
80 87
82 93
82 97
86 92
86 94
86 95
86 97
87 92
87 94
88 91
88 95
90 92
90 95
96 97
