100 218
28 19 8 25 25 4 20 30 5 12 10 9 13 27 24 6 3 6 15 29 28 31 24 23 22 28 7 4 25 28 10 2 11 17 3 10 22 6 20 6 17 0 12 27 13 4 11 1 12 21 5 30 22 5 17 24 0 7 5 23 29 30 15 2 14 26 25 13 4 21 15 18 0 21 22 20 20 21 17 12 10 1 27 30 0 29 15 8 5 9 19 14 5 10 11 9 21 9 24 24 
0 47
0 71
1 3
1 51
1 74
2 3
2 12
2 25
2 31
2 64
2 68
2 70
2 73
3 13
3 33
3 69
3 77
3 91
3 92
4 25
4 68
4 73
4 83
4 84
4 90
5 9
5 10
5 32
5 47
5 52
5 91
5 92
6 26
6 43
6 66
6 93
7 18
7 20
7 28
7 29
7 79
8 88
9 12
9 19
9 24
9 42
9 56
9 60
9 94
10 73
10 83
10 92
11 19
11 26
11 79
11 84
12 66
12 95
13 18
13 41
13 64
13 88
13 92
14 30
14 39
14 91
15 17
15 24
15 60
15 76
15 97
16 29
17 40
17 43
17 67
17 70
17 77
17 81
17 97
18 41
18 70
18 72
18 77
18 83
18 85
18 86
19 44
19 70
19 74
20 70
20 77
20 87
21 34
21 42
21 48
21 89
21 93
22 27
22 54
22 92
23 54
23 58
23 91
23 93
24 70
24 77
24 91
24 96
25 55
26 66
26 73
26 82
27 69
27 70
27 73
28 38
28 86
29 96
30 40
30 41
31 57
32 37
32 39
32 68
33 48
33 74
34 35
35 53
35 57
35 59
35 61
35 87
36 37
36 44
36 52
36 53
36 73
37 38
37 78
37 96
38 45
38 71
38 81
38 84
39 49
39 51
39 73
39 89
41 56
42 85
43 49
43 57
43 59
43 70
44 52
44 53
45 48
45 67
45 81
46 70
46 88
46 89
47 90
48 90
49 84
50 57
50 74
50 82
50 85
51 74
51 85
51 90
51 92
52 66
52 67
52 94
53 56
54 64
54 88
55 76
55 86
56 94
56 97
57 59
57 79
57 98
58 65
58 78
61 82
61 98
62 90
63 65
63 70
63 89
64 88
64 92
65 94
65 95
67 99
68 92
69 83
70 80
70 89
71 72
73 91
73 94
74 87
74 95
75 86
75 96
77 94
78 86
79 95
81 83
81 89
86 88
91 98
96 97
