60 266
2 6 14 4 1 8 12 12 11 9 8 5 14 0 13 2 3 3 0 13 3 4 2 15 14 12 5 3 13 9 7 10 3 6 2 6 4 13 6 5 4 6 3 14 8 12 0 11 15 4 15 5 14 3 10 10 4 11 3 11 
0 5
0 21
0 27
0 29
0 46
1 14
1 16
1 19
1 27
1 28
1 34
1 42
1 43
1 44
1 45
1 54
1 57
2 12
2 15
2 19
2 23
2 24
2 34
2 42
2 50
2 51
2 56
3 16
3 17
3 21
3 29
3 38
3 39
3 40
3 53
3 56
3 58
3 59
4 7
4 10
4 15
4 16
4 17
4 25
4 40
4 43
4 51
4 54
5 12
5 19
5 23
5 33
5 50
5 54
6 7
6 12
6 20
6 53
6 57
7 10
7 17
7 22
7 25
7 27
7 33
7 35
7 36
7 41
7 45
7 52
7 55
8 34
8 35
8 41
8 47
8 48
8 54
9 21
9 32
9 48
9 52
9 56
9 58
10 25
10 35
10 36
10 40
10 41
10 42
10 48
10 53
10 59
11 12
11 13
11 19
11 20
11 23
11 28
11 33
11 37
11 38
11 47
12 19
12 33
12 44
12 50
13 26
13 32
13 33
13 36
13 38
13 41
13 46
13 47
13 55
13 59
14 28
14 32
14 33
14 43
14 44
14 47
14 48
14 50
14 51
14 53
15 18
15 22
15 25
15 28
15 30
15 43
15 50
15 51
15 57
16 17
16 27
16 29
16 34
16 39
16 41
16 45
16 52
16 58
17 18
17 25
17 27
17 38
17 39
17 41
18 27
18 39
18 42
18 45
18 54
18 58
19 33
19 36
19 50
20 59
21 26
21 42
21 43
21 57
22 24
22 25
22 31
22 35
22 39
22 40
22 49
22 50
22 51
22 52
23 33
23 35
23 47
23 53
23 55
24 32
24 50
25 35
25 40
25 51
25 55
26 31
26 36
26 48
26 52
26 56
27 39
27 45
27 48
27 58
28 36
28 42
28 43
28 44
28 48
28 53
29 37
29 50
29 53
29 58
30 31
30 47
30 49
30 51
31 50
31 54
32 33
32 34
32 38
32 47
32 48
32 53
32 54
32 59
33 56
33 58
34 36
34 43
34 44
34 45
34 54
35 36
35 40
35 42
35 48
35 55
36 37
36 42
36 44
36 48
36 53
37 59
38 47
38 59
39 41
39 45
39 55
40 42
40 52
41 59
42 48
42 53
43 44
43 48
43 53
43 54
44 49
44 53
44 54
45 52
45 54
47 54
47 55
47 59
48 53
49 52
49 58
50 51
52 53
55 59
57 58
58 59
