30 155
2 7 3 5 7 1 1 2 6 6 0 7 7 4 5 4 7 0 4 2 4 7 5 0 5 6 6 6 1 0 
0 2
0 4
0 7
0 13
0 17
0 18
0 25
0 27
1 2
1 3
1 7
1 9
1 10
1 14
1 17
1 21
1 25
1 28
1 29
2 5
2 6
2 9
2 10
2 11
2 12
2 14
2 19
2 22
2 26
2 27
3 9
3 10
3 15
3 20
3 22
3 23
3 26
3 28
4 8
4 10
4 11
4 18
4 19
4 20
4 22
4 26
4 29
5 6
5 7
5 9
5 14
5 22
5 24
5 26
6 8
6 11
6 17
6 22
6 23
6 25
6 29
7 10
7 11
7 12
7 14
7 17
7 18
7 19
7 20
7 21
7 26
8 10
8 11
8 14
8 16
8 17
8 19
8 23
8 24
8 26
8 27
8 29
9 11
9 12
9 13
9 14
9 18
9 24
9 25
9 26
9 29
10 13
10 16
10 19
10 27
11 15
11 17
11 18
11 23
11 24
11 26
11 29
12 14
12 18
12 20
12 22
12 24
12 25
12 26
12 29
13 14
13 17
13 18
13 19
13 20
13 21
13 26
13 29
14 16
14 19
14 20
14 24
14 26
14 28
15 28
16 17
16 18
16 20
17 19
17 24
17 25
17 28
18 21
18 23
18 24
18 25
18 28
19 23
19 24
20 24
20 25
20 26
20 27
20 29
21 23
22 28
23 24
23 26
23 29
24 26
24 27
24 28
25 28
26 28
27 28
