90 135
13 11 2 7 1 14 10 3 6 14 4 2 12 2 1 14 2 4 15 0 6 9 10 11 2 11 11 3 8 12 13 7 4 8 1 6 13 15 2 15 2 1 6 15 5 9 1 0 7 1 10 12 12 3 7 2 1 8 1 6 5 14 9 14 10 6 3 14 11 0 7 4 7 12 5 11 7 10 4 6 9 2 5 13 1 7 8 13 3 2 
0 61
1 2
1 5
1 21
2 44
2 47
2 59
3 18
3 60
3 84
4 17
4 44
4 49
5 55
5 77
6 67
6 76
6 87
7 28
7 56
7 73
8 42
8 43
8 79
9 57
10 20
10 30
11 18
11 35
11 66
12 33
12 82
12 83
13 20
13 29
13 38
13 51
14 31
15 27
15 39
15 78
15 79
16 85
17 60
17 69
17 84
18 59
18 75
19 25
19 73
19 83
20 52
20 85
20 86
21 47
21 55
21 64
22 34
22 67
22 70
22 76
23 58
23 62
24 35
24 66
24 71
25 26
25 68
26 52
26 57
26 85
27 33
27 82
28 42
28 65
28 81
29 36
29 61
30 48
31 79
32 44
33 50
33 53
33 79
35 46
36 41
36 62
36 68
37 43
37 55
37 77
37 80
37 81
38 72
38 83
39 67
39 70
40 44
40 47
40 49
41 48
41 80
42 57
42 73
44 45
45 77
46 50
46 71
46 88
48 62
48 74
49 84
51 72
51 85
52 63
52 65
53 69
54 83
56 62
56 68
56 81
57 65
60 75
61 72
61 82
61 83
65 89
66 75
68 73
70 79
71 87
74 77
74 80
76 88
87 88
