70 309
2 15 15 2 1 6 11 0 0 8 8 14 12 14 13 10 0 8 4 12 13 9 6 2 6 13 14 9 13 1 2 10 12 14 4 3 9 2 14 7 15 11 3 14 8 9 11 15 15 13 1 1 5 7 7 6 11 3 8 5 1 0 2 10 5 13 0 3 3 9 
0 1
0 7
0 21
0 29
0 31
0 49
0 56
0 65
1 11
1 19
1 22
1 32
1 35
1 40
1 63
2 3
2 24
2 34
2 47
2 48
2 52
2 57
2 66
3 17
3 35
3 36
3 54
3 65
3 69
4 5
4 26
4 30
4 34
4 37
4 38
4 41
4 43
4 49
4 51
4 62
4 66
5 8
5 9
5 10
5 17
5 18
5 59
5 65
6 23
6 49
6 62
6 67
7 15
7 16
7 30
7 31
7 41
7 44
7 54
7 57
7 58
7 59
7 62
7 65
8 9
8 11
8 18
8 50
8 51
8 56
9 21
9 44
9 57
9 65
10 19
10 37
10 44
10 56
11 14
11 17
11 26
11 27
11 65
12 18
12 27
12 38
12 39
12 53
12 55
12 66
12 69
13 17
13 22
13 41
13 57
14 35
14 44
14 65
15 27
15 39
15 42
15 53
15 68
16 23
16 26
16 29
16 34
16 41
16 44
16 51
16 55
16 58
16 59
16 62
17 22
17 32
17 36
17 37
17 53
17 56
17 63
18 33
18 39
18 49
18 56
18 60
18 64
18 65
18 69
19 21
19 50
19 54
19 67
20 40
20 46
20 47
20 48
20 56
20 69
21 22
21 35
21 54
22 23
22 28
22 29
22 34
22 36
22 50
22 52
22 54
23 24
23 25
23 35
23 43
23 66
24 40
24 44
24 48
24 52
24 53
24 63
24 65
25 30
25 55
25 56
25 60
26 30
26 36
26 43
26 49
26 50
26 54
26 60
26 65
26 67
26 69
27 45
27 46
27 63
27 68
28 36
28 42
28 52
29 39
30 31
30 36
30 37
30 43
30 47
30 49
30 51
30 61
30 65
30 67
31 42
31 46
31 67
32 36
32 44
32 47
32 61
32 62
33 35
33 39
33 53
33 58
33 63
34 37
34 41
34 45
34 48
34 49
34 50
34 51
34 53
34 58
34 59
35 38
35 47
36 41
36 43
36 50
36 52
36 54
36 57
36 62
36 67
37 40
37 41
37 43
37 49
37 51
37 57
37 58
37 60
38 41
38 42
38 48
38 55
38 60
38 67
38 69
39 40
39 53
39 54
40 64
41 42
41 51
41 53
41 58
41 59
41 69
42 52
42 64
43 49
43 50
43 56
43 59
43 66
43 67
44 49
44 50
44 54
44 55
44 57
44 58
44 59
44 62
45 56
45 63
46 49
46 55
46 65
46 67
47 58
48 51
48 60
48 68
49 51
49 67
50 54
50 57
50 62
50 67
50 69
51 52
51 54
51 58
52 54
52 60
54 57
54 62
54 65
54 67
55 56
55 57
55 60
55 61
56 60
56 68
57 59
57 62
57 67
58 59
58 67
58 68
59 62
59 63
60 61
