70 210
7 1 3 11 10 2 3 4 3 15 0 13 0 0 12 3 6 13 7 6 15 15 13 14 4 7 9 1 3 12 0 5 4 4 6 7 8 14 3 12 14 12 3 5 12 5 15 4 6 0 11 13 15 4 13 2 8 3 3 12 7 14 4 11 3 15 4 12 12 2 
0 20
0 58
0 62
1 3
1 26
1 30
1 31
1 59
1 66
2 3
2 29
2 31
2 46
2 47
2 66
3 26
3 31
3 47
3 66
4 11
4 22
4 48
4 50
4 51
4 61
5 21
5 27
5 35
5 48
5 58
5 61
5 68
6 14
6 18
6 23
6 25
6 57
6 65
7 18
7 25
7 28
7 43
7 45
7 57
8 12
8 15
8 36
8 44
8 53
8 64
9 12
9 28
9 43
9 44
9 45
9 54
9 58
10 29
10 46
10 47
10 56
10 62
10 63
10 69
11 22
11 48
11 50
11 61
11 68
12 15
12 36
12 44
12 54
13 20
13 30
13 32
13 33
13 38
13 59
14 18
14 23
14 34
14 60
14 62
14 65
15 19
15 36
15 53
15 64
15 67
16 19
16 20
16 24
16 32
16 33
16 34
16 60
17 18
17 23
17 41
17 42
17 55
17 63
18 23
18 25
18 42
18 57
20 24
20 32
20 33
20 38
21 27
21 35
21 48
21 55
21 68
22 41
22 50
22 51
22 61
23 34
23 57
23 65
24 33
24 34
24 60
24 65
25 28
25 45
25 57
26 30
26 38
26 59
26 66
27 35
27 40
27 49
27 55
28 43
28 45
28 57
29 46
29 47
29 63
29 69
30 38
30 59
30 66
31 46
31 47
31 52
31 62
31 66
32 33
32 38
32 42
32 59
33 60
34 60
34 65
35 49
35 55
35 68
36 44
36 54
36 64
37 39
37 41
37 50
37 51
37 53
37 67
38 59
39 41
39 51
39 53
39 64
39 67
40 49
40 55
40 56
40 63
40 69
41 50
41 51
41 67
43 44
43 45
43 54
44 54
45 54
46 47
46 52
46 63
48 61
48 68
49 55
49 56
49 69
50 51
52 69
53 64
53 67
55 56
56 63
56 69
60 65
61 68
63 69
64 67
