40 150
4 7 4 2 7 0 7 4 0 2 3 7 6 1 4 6 0 3 4 7 7 4 2 7 5 3 5 4 0 3 4 6 3 4 4 1 6 1 2 6 
0 1
0 4
0 27
1 5
1 8
1 10
1 25
1 27
1 31
1 33
1 36
1 39
2 5
2 7
2 11
2 14
2 16
2 18
2 26
2 36
3 5
3 6
3 7
3 9
3 13
3 14
3 24
3 29
3 31
3 36
3 39
4 5
4 11
4 17
4 28
5 18
5 25
5 27
6 10
6 14
6 15
6 17
6 19
6 20
6 21
6 26
6 33
7 8
7 14
7 19
7 21
7 22
7 25
7 32
7 37
8 10
8 12
8 20
8 22
8 31
8 36
8 38
9 19
9 23
9 24
9 26
9 35
10 11
10 13
10 18
10 26
10 39
11 12
11 13
11 20
11 22
11 23
11 33
11 35
11 37
12 18
12 28
12 31
12 37
13 14
13 16
13 18
13 24
13 29
13 30
13 35
13 38
13 39
14 15
14 17
14 19
14 22
14 30
14 33
15 16
15 19
15 28
15 30
15 34
15 35
15 38
16 25
16 32
16 38
17 29
17 33
18 22
18 24
18 33
18 34
19 25
19 27
19 29
19 34
20 39
21 32
22 29
22 30
22 34
23 35
24 30
24 37
24 38
25 27
25 28
26 27
26 30
26 31
26 35
27 38
28 30
28 31
28 32
28 38
29 31
29 32
29 35
31 37
32 36
32 37
32 38
34 36
35 37
35 39
36 37
