60 127
12 6 4 0 13 8 5 14 0 14 8 7 0 2 15 10 12 6 14 3 11 14 3 1 5 4 0 12 15 0 7 12 7 3 15 15 2 4 14 5 8 8 6 1 3 15 6 0 5 10 11 15 9 13 11 14 11 1 14 4 
0 2
0 26
0 34
0 40
0 48
0 52
0 55
0 58
1 9
1 15
1 21
1 53
2 14
2 24
2 27
2 44
3 9
3 18
4 7
4 10
4 11
4 19
4 25
4 34
4 46
5 25
5 46
5 53
6 22
6 24
6 41
6 42
6 46
7 9
7 20
7 59
8 14
8 38
9 22
9 30
9 37
9 53
10 29
10 38
10 47
11 38
11 51
11 56
11 58
12 13
12 23
12 52
12 54
13 16
13 22
13 56
14 48
14 49
15 16
15 17
15 37
15 41
16 30
16 45
18 28
18 35
18 51
18 52
18 58
18 59
20 22
20 33
20 46
20 53
20 55
21 22
21 45
21 56
22 50
22 55
23 33
23 43
23 48
24 33
24 43
25 47
25 50
26 43
27 36
27 38
27 45
27 50
27 58
27 59
28 48
29 32
29 41
29 48
29 52
30 35
30 41
30 45
30 50
31 32
31 37
31 41
31 56
32 50
32 57
33 35
33 42
33 50
33 51
34 42
34 54
34 56
35 57
36 42
38 53
39 58
40 49
41 57
45 50
46 51
46 52
47 58
52 57
