90 207
10 0 10 7 8 2 5 12 2 3 0 15 3 8 0 11 8 5 3 9 15 1 15 0 12 0 2 13 8 3 6 2 7 3 9 0 0 8 5 2 3 4 9 7 5 8 6 12 8 12 11 12 3 9 0 6 1 2 1 3 13 1 5 1 1 11 10 15 3 10 3 13 9 15 2 4 12 13 12 8 0 15 5 14 7 14 0 6 5 12 
0 12
0 42
0 56
0 81
1 23
1 26
1 43
1 62
1 69
1 70
2 23
2 58
2 61
2 74
2 79
2 86
3 28
3 36
3 71
4 20
4 25
4 42
4 59
4 63
4 67
4 81
4 83
5 19
5 31
5 45
5 68
5 88
6 16
6 24
6 47
6 79
7 29
7 40
7 54
7 59
7 62
7 69
7 84
8 12
8 20
8 25
8 30
8 55
8 68
8 70
9 12
9 23
9 25
9 52
10 44
10 66
10 77
11 13
11 29
11 35
11 48
11 50
11 60
12 39
12 40
12 62
13 17
13 19
13 32
13 51
14 20
15 33
15 44
15 50
15 64
15 80
15 85
16 22
16 43
16 71
16 84
17 63
17 81
18 41
18 50
18 57
19 25
19 42
19 45
19 60
19 65
19 68
20 64
20 71
20 75
20 84
20 89
21 24
21 25
21 37
21 54
21 66
21 72
23 50
23 64
24 36
24 37
24 46
24 77
25 76
26 34
26 41
26 49
26 61
27 82
28 38
28 49
28 59
28 78
28 79
29 33
29 50
30 43
30 60
30 70
30 84
31 40
32 41
32 55
32 56
32 76
32 79
33 40
33 50
33 70
33 79
34 44
34 63
34 64
35 39
35 61
35 68
35 75
36 38
36 77
36 87
37 39
37 54
37 89
38 63
39 55
39 75
40 67
40 74
41 65
42 58
42 73
42 82
42 87
43 54
43 71
44 57
44 73
45 69
46 47
46 70
46 81
47 51
47 78
48 53
48 69
48 88
49 79
50 58
53 74
54 77
55 76
56 66
56 78
57 77
58 77
58 80
59 89
60 61
60 64
63 76
64 65
64 74
64 84
64 89
65 82
66 75
67 72
67 76
68 71
68 72
68 88
69 84
71 77
71 79
72 78
74 80
76 82
79 86
80 84
85 87
85 88
