100 924
3 0 13 21 12 17 11 23 18 13 18 6 11 28 19 23 28 31 15 13 26 25 20 14 12 8 27 18 4 7 31 8 23 13 22 27 12 2 19 13 28 19 24 2 14 1 6 30 22 14 26 2 8 27 19 13 21 8 1 6 13 5 13 30 8 16 13 4 28 11 10 16 4 27 15 14 5 20 30 0 25 0 28 18 19 23 23 13 12 10 3 27 27 7 16 12 3 10 6 26 
0 9
0 11
0 25
0 35
0 40
0 41
0 46
0 55
0 65
0 73
0 74
0 77
0 93
1 7
1 9
1 10
1 18
1 19
1 24
1 31
1 33
1 38
1 54
1 57
1 72
1 88
1 95
2 4
2 6
2 15
2 27
2 31
2 42
2 68
2 75
3 16
3 24
3 26
3 28
3 32
3 33
3 36
3 42
3 52
3 55
3 60
3 65
3 75
3 77
3 82
3 87
3 91
3 94
3 97
4 14
4 16
4 18
4 21
4 22
4 24
4 47
4 53
4 54
4 62
4 65
4 66
4 69
4 77
4 78
4 80
4 83
4 87
4 90
4 99
5 10
5 13
5 14
5 21
5 28
5 34
5 37
5 45
5 56
5 63
5 67
5 73
5 77
5 80
5 89
5 95
5 97
6 11
6 13
6 20
6 24
6 37
6 45
6 53
6 58
6 64
6 66
6 68
6 69
6 76
6 82
6 90
6 94
6 99
7 9
7 12
7 17
7 27
7 29
7 31
7 35
7 36
7 37
7 39
7 43
7 50
7 60
7 64
7 67
7 74
7 90
7 92
8 16
8 28
8 29
8 32
8 40
8 44
8 47
8 51
8 54
8 61
8 65
8 66
8 70
8 84
8 85
8 87
8 98
9 22
9 28
9 32
9 38
9 43
9 44
9 46
9 59
9 60
9 63
9 76
9 83
9 88
9 91
9 93
10 11
10 12
10 20
10 23
10 25
10 26
10 46
10 50
10 56
10 60
10 61
10 63
10 80
10 82
10 88
10 90
11 16
11 38
11 40
11 43
11 51
11 64
11 72
11 75
11 83
11 86
11 93
11 97
12 16
12 24
12 27
12 32
12 42
12 45
12 51
12 55
12 62
12 64
12 67
12 69
12 80
12 91
13 18
13 38
13 48
13 53
13 66
13 73
13 78
13 85
13 90
14 21
14 22
14 23
14 25
14 28
14 31
14 54
14 58
14 59
14 60
14 63
14 74
14 84
14 92
15 16
15 25
15 28
15 36
15 44
15 51
15 59
15 61
15 72
15 78
15 84
15 86
16 19
16 20
16 22
16 23
16 31
16 36
16 40
16 43
16 50
16 53
16 61
16 64
16 65
16 75
16 89
16 99
17 19
17 21
17 22
17 29
17 33
17 37
17 40
17 42
17 43
17 44
17 45
17 52
17 53
17 56
17 58
17 66
17 67
17 73
17 76
17 84
17 87
17 92
17 98
17 99
18 19
18 29
18 34
18 35
18 36
18 39
18 41
18 43
18 44
18 50
18 53
18 55
18 58
18 70
18 72
18 81
18 92
18 97
19 22
19 27
19 29
19 32
19 34
19 35
19 38
19 40
19 41
19 66
19 77
19 90
19 92
19 97
20 24
20 28
20 42
20 43
20 45
20 50
20 53
20 58
20 60
20 63
20 69
20 75
20 81
20 88
20 92
20 96
20 98
21 25
21 27
21 37
21 44
21 54
21 61
21 72
21 73
21 74
21 79
21 82
21 85
21 88
22 27
22 29
22 31
22 39
22 41
22 42
22 46
22 47
22 48
22 50
22 55
22 64
22 71
22 79
22 87
22 95
22 98
23 28
23 32
23 40
23 43
23 44
23 48
23 52
23 68
23 71
23 73
23 75
23 79
23 86
23 88
23 92
23 93
24 25
24 31
24 34
24 36
24 40
24 43
24 44
24 47
24 56
24 70
24 73
24 74
24 77
24 80
24 83
24 87
24 89
24 91
24 92
25 26
25 28
25 34
25 40
25 41
25 42
25 51
25 60
25 70
25 72
25 74
25 78
25 89
25 91
25 95
25 97
26 38
26 40
26 47
26 48
26 54
26 63
26 64
26 69
26 85
26 94
26 96
27 28
27 32
27 35
27 37
27 38
27 39
27 65
27 66
27 89
27 92
27 95
28 31
28 32
28 36
28 44
28 49
28 56
28 57
28 58
28 61
28 63
28 72
28 73
28 78
28 88
28 92
28 95
28 99
29 31
29 45
29 54
29 57
29 58
29 59
29 60
29 68
29 70
29 84
29 85
29 86
29 96
29 98
30 32
30 33
30 35
30 37
30 45
30 52
30 71
30 72
30 74
30 77
30 83
30 85
30 95
30 98
31 34
31 35
31 41
31 47
31 48
31 50
31 65
31 71
31 72
31 75
31 79
31 84
31 93
31 97
31 99
32 34
32 37
32 41
32 48
32 51
32 52
32 56
32 59
32 66
32 69
32 76
32 79
32 86
32 87
32 95
33 41
33 43
33 51
33 54
33 59
33 62
33 64
33 66
33 79
33 87
33 93
34 41
34 43
34 47
34 49
34 50
34 57
34 58
34 60
34 61
34 63
34 65
34 80
34 92
34 96
34 98
34 99
35 40
35 47
35 48
35 57
35 61
35 63
35 70
35 76
35 78
35 80
35 84
35 87
35 88
35 91
35 92
35 94
35 99
36 37
36 43
36 44
36 53
36 66
36 70
36 73
36 80
36 84
36 88
36 90
36 96
36 98
37 38
37 43
37 48
37 50
37 54
37 57
37 73
37 77
37 78
37 82
37 86
37 92
37 95
38 39
38 44
38 45
38 50
38 66
38 75
38 81
38 83
38 86
39 41
39 54
39 59
39 62
39 77
39 78
39 86
39 87
39 97
40 48
40 52
40 63
40 65
40 70
40 74
40 80
40 90
40 91
40 98
41 43
41 45
41 47
41 50
41 56
41 57
41 61
41 71
41 77
41 90
41 96
42 55
42 59
42 70
42 71
42 72
42 82
42 84
42 88
42 90
43 46
43 52
43 54
43 55
43 57
43 71
43 73
43 79
43 84
43 93
44 57
44 58
44 61
44 79
44 82
44 88
44 90
44 93
44 95
44 99
45 47
45 58
45 66
45 67
45 72
45 74
45 85
45 89
45 90
45 91
45 98
45 99
46 51
46 57
46 61
46 63
46 64
46 68
46 70
46 71
46 76
46 77
46 86
46 95
46 98
47 50
47 57
47 64
47 67
47 74
47 79
47 82
47 88
47 92
47 95
48 63
48 66
48 75
48 92
48 94
48 99
49 51
49 53
49 57
49 58
49 73
49 75
49 97
50 51
50 55
50 70
50 74
50 75
50 78
50 79
50 80
50 92
50 98
51 54
51 75
51 94
52 58
52 59
52 60
52 67
52 76
52 77
52 78
52 79
52 87
52 90
52 96
52 98
52 99
53 56
53 58
53 72
53 74
53 92
53 95
53 99
54 58
54 59
54 60
54 63
54 65
54 67
54 69
54 72
54 89
54 95
55 61
55 67
55 69
55 72
55 76
55 78
55 85
55 86
55 87
55 88
55 94
56 57
56 58
56 66
56 71
56 74
56 82
56 88
56 89
56 92
56 97
57 72
57 84
57 90
57 92
57 99
58 59
58 70
58 78
58 80
58 81
58 82
58 87
58 91
58 92
58 93
58 96
58 98
59 64
59 72
59 80
59 86
59 89
59 91
59 92
59 97
60 75
60 78
60 79
60 84
60 91
61 73
61 74
61 76
61 80
61 84
61 90
61 92
61 98
61 99
62 71
62 72
62 76
62 86
62 87
62 90
62 98
63 64
63 67
63 69
63 78
63 91
63 92
63 97
64 65
64 67
64 76
64 85
64 99
65 70
65 71
65 72
65 84
65 90
66 70
66 78
66 79
66 85
66 93
66 97
67 70
67 81
67 93
67 94
67 97
67 98
68 75
68 81
68 91
68 93
68 96
69 73
69 74
69 78
69 80
69 82
69 95
70 72
70 77
70 80
70 81
70 84
70 87
71 76
71 79
71 88
71 90
71 91
71 99
72 80
72 81
72 89
72 90
72 99
73 75
73 76
73 81
73 92
73 97
73 98
74 76
74 79
74 85
74 88
74 97
74 98
75 77
75 90
75 96
76 77
76 81
76 86
76 87
76 91
76 92
76 95
76 98
76 99
77 96
77 99
78 82
78 86
78 94
78 99
79 84
79 85
79 99
80 81
80 89
80 96
81 85
81 90
82 97
82 98
83 85
83 86
83 89
83 93
84 86
84 90
84 91
84 95
84 98
85 89
85 95
85 99
86 94
86 97
87 91
87 94
87 95
90 93
90 94
91 94
91 95
91 96
91 97
91 98
92 99
93 97
95 97
96 97
96 98
