40 174
1 4 4 7 3 6 7 0 2 5 3 2 5 0 6 0 2 1 2 1 1 4 2 0 3 0 1 1 1 7 7 1 3 4 7 2 2 5 3 2 
0 2
0 3
0 4
0 5
0 15
0 16
0 29
0 33
0 34
0 37
1 6
1 7
1 15
1 22
1 25
1 32
1 38
2 4
2 5
2 10
2 14
2 16
2 27
2 31
2 32
2 35
2 36
2 37
3 7
3 8
3 12
3 13
3 14
3 17
3 19
3 20
3 23
3 28
4 8
4 10
4 16
4 18
4 22
4 24
4 28
4 29
4 36
4 37
5 10
5 11
5 16
5 17
5 25
5 34
5 35
6 14
6 15
6 16
6 17
6 29
6 31
6 32
6 39
7 8
7 11
7 13
7 14
7 20
7 34
7 37
8 9
8 13
8 14
8 16
8 20
8 27
8 28
8 38
9 10
9 13
9 14
9 16
9 17
9 21
9 25
9 28
9 29
9 34
10 11
10 14
10 15
10 16
10 17
10 18
10 29
10 37
11 13
11 20
11 29
11 34
11 35
12 18
12 24
12 25
13 14
13 17
13 21
13 28
13 35
14 17
14 20
14 26
14 35
15 16
15 17
15 36
15 38
16 20
16 22
16 27
16 28
16 31
16 35
16 37
16 38
17 18
17 19
17 28
17 32
17 37
18 31
19 25
19 31
19 36
19 37
20 29
20 30
20 31
20 34
20 36
21 31
21 34
21 36
22 35
23 24
23 30
23 35
23 39
24 31
24 32
25 30
25 35
26 31
26 32
26 39
27 28
27 33
27 37
27 39
28 29
28 34
28 35
28 36
28 37
28 39
29 34
29 35
29 39
30 39
31 33
33 36
33 37
34 35
34 38
