70 122
2 0 1 7 5 0 10 1 15 0 8 1 6 6 14 2 7 4 12 15 4 9 6 9 12 7 1 6 11 12 8 10 15 13 10 6 5 9 2 12 9 15 7 0 8 13 0 9 13 10 6 7 8 4 9 8 12 4 3 4 15 15 7 6 4 0 11 5 14 2 
0 28
0 33
0 42
0 47
1 23
1 54
1 57
2 3
2 8
2 10
2 19
2 38
2 40
2 48
2 55
3 12
3 27
3 67
3 68
4 23
4 38
4 47
4 53
4 54
4 62
5 7
5 20
5 24
5 30
5 37
6 15
6 31
6 42
6 57
7 11
7 34
8 37
8 47
8 51
8 54
8 63
9 16
9 22
9 42
9 46
10 15
10 29
10 31
10 69
11 29
11 52
11 66
13 25
13 41
13 58
14 33
15 27
15 47
15 69
16 47
17 33
17 36
17 60
17 67
18 57
19 37
20 52
20 64
21 40
22 63
22 66
23 25
24 43
24 50
25 52
25 53
25 54
26 61
27 36
27 55
27 61
28 39
28 43
29 34
29 37
29 45
29 55
30 40
31 45
32 57
33 37
33 54
33 57
34 45
35 53
35 64
36 66
37 56
38 39
38 44
38 62
39 61
40 57
42 60
44 57
45 49
45 64
46 52
47 65
49 54
50 59
54 58
57 58
57 59
57 61
58 65
59 68
60 61
61 63
61 67
62 68
62 69
