90 404
4 15 1 15 1 5 6 12 6 15 14 8 2 0 5 1 11 12 1 12 3 8 9 2 2 2 1 9 0 8 8 3 5 12 12 11 11 1 7 9 10 12 12 12 8 7 11 11 13 15 0 14 0 13 15 12 11 9 2 14 13 14 9 11 4 2 9 11 5 11 9 12 8 6 10 10 5 8 3 2 8 6 14 5 1 15 12 14 10 2 
0 9
0 12
0 30
0 47
0 56
0 64
0 72
0 74
0 78
0 81
0 82
1 2
1 15
1 17
1 70
1 76
1 77
2 3
2 23
3 6
3 24
3 40
3 65
3 86
4 9
4 19
4 21
4 26
4 29
4 38
4 45
4 50
4 68
4 69
4 76
4 81
4 83
5 6
5 8
5 14
5 28
5 33
5 44
5 55
5 62
5 68
5 69
5 75
5 77
6 20
6 28
6 33
6 62
6 67
6 69
6 71
6 75
6 77
7 15
7 17
7 49
7 53
7 54
7 55
7 66
7 71
7 88
8 10
8 23
8 28
8 30
8 33
8 48
8 49
8 66
8 69
8 76
8 78
8 86
9 22
9 35
9 43
9 47
9 64
9 82
9 84
9 87
10 17
10 40
10 44
10 51
10 58
10 61
10 76
10 81
10 89
11 13
11 15
11 17
11 19
11 29
11 42
11 53
11 64
11 69
11 86
12 23
12 24
12 40
12 45
12 47
12 53
12 56
12 60
12 63
12 64
12 78
12 81
13 14
13 15
13 19
13 31
13 39
13 47
13 74
13 86
14 24
14 36
14 39
14 52
14 56
14 60
14 67
14 68
14 78
15 37
15 49
15 50
15 71
15 89
16 26
16 27
16 53
16 56
16 88
17 25
17 43
17 71
18 26
18 58
18 60
19 23
19 49
19 56
19 68
19 79
20 22
20 35
20 50
20 57
20 62
20 66
20 70
20 75
20 77
20 87
21 29
21 81
22 31
22 35
22 43
22 50
22 75
22 82
22 87
23 25
23 28
23 30
23 33
23 41
23 48
23 69
23 72
23 76
23 86
24 28
24 32
24 39
24 44
24 52
24 56
24 60
24 67
24 78
24 85
24 89
25 29
25 31
25 34
25 50
25 74
26 48
26 58
26 83
26 85
27 31
27 41
27 42
27 51
27 70
27 79
27 80
27 84
27 87
28 33
28 40
28 54
28 55
28 62
28 69
28 77
29 33
29 57
30 33
30 41
30 46
30 48
30 59
30 80
30 84
30 86
31 36
31 42
31 51
31 70
31 79
31 80
31 84
32 38
32 55
32 56
32 62
32 67
32 72
33 56
33 69
33 86
34 35
34 41
34 85
34 86
35 42
35 43
35 50
35 62
35 75
35 83
35 87
36 39
36 42
36 52
36 57
36 67
36 70
36 75
36 79
37 43
37 68
37 75
38 54
38 70
39 42
39 52
39 62
39 67
39 70
39 79
39 89
40 71
41 47
41 48
41 51
41 63
41 68
41 80
41 84
41 85
41 86
42 51
42 70
42 79
42 84
43 47
43 50
43 51
43 58
43 64
43 72
43 74
43 82
43 87
44 72
44 82
45 55
45 67
45 81
46 60
46 68
47 64
47 76
47 81
47 82
47 87
48 51
48 57
48 64
48 80
48 84
48 86
49 85
50 62
50 75
50 76
50 77
50 79
50 87
51 54
51 79
51 80
51 84
52 60
52 67
52 68
52 70
52 77
52 79
53 54
53 57
53 73
53 75
53 77
54 77
55 63
55 71
55 79
56 60
56 67
56 78
56 81
57 74
57 76
57 78
57 87
58 84
58 89
59 65
59 79
60 61
60 67
60 69
60 71
60 78
60 81
61 62
62 75
62 77
63 66
64 78
64 81
64 82
65 74
65 82
66 74
66 85
66 89
67 70
68 86
68 87
69 77
69 86
69 88
70 73
70 79
71 77
71 78
71 85
71 87
72 77
73 81
74 79
75 77
76 86
78 81
80 82
80 84
80 86
80 89
81 82
81 86
81 89
82 87
83 86
83 88
85 87
