90 208
12 15 7 5 11 6 11 6 13 6 13 13 13 12 5 6 10 14 3 13 0 10 8 4 14 12 14 7 7 13 1 12 0 4 11 2 10 14 4 11 11 14 15 8 8 7 9 9 13 3 1 0 2 12 12 0 0 11 15 9 5 3 3 3 5 14 8 8 13 6 11 3 8 14 4 6 15 6 10 6 11 5 15 10 11 2 2 6 11 6 
0 4
0 25
0 26
0 40
0 51
1 24
1 28
1 29
2 28
2 34
2 51
2 53
2 77
2 78
3 7
3 21
3 31
3 72
4 17
4 53
4 54
4 78
4 88
5 53
5 84
6 16
6 71
6 72
7 8
7 35
7 43
7 64
7 74
8 21
8 36
8 44
8 65
8 77
9 45
9 49
9 59
9 85
10 16
10 31
10 67
10 72
10 89
11 28
11 48
11 52
11 61
11 77
12 38
12 41
12 63
12 75
12 89
13 30
13 33
14 48
14 52
14 63
15 23
15 38
15 41
15 56
16 32
16 34
16 47
16 58
17 51
17 55
17 62
17 73
17 87
18 20
18 42
18 60
18 87
19 42
19 57
19 58
19 60
19 83
19 84
20 23
20 53
21 46
21 50
21 68
22 88
23 40
23 60
24 33
24 35
24 49
24 78
24 89
25 38
25 48
25 61
25 63
26 28
26 48
26 54
26 75
26 86
27 57
28 37
28 51
28 73
28 76
29 33
29 44
29 45
29 66
29 78
30 80
31 46
31 69
31 74
32 48
32 78
33 81
33 86
34 41
34 56
34 89
35 39
35 43
35 59
35 67
35 71
35 72
35 84
36 41
36 75
37 43
37 87
38 40
38 81
39 57
39 78
40 53
40 80
42 49
42 85
43 50
44 64
44 76
44 78
45 62
45 64
46 52
46 77
47 71
49 57
49 84
51 61
51 70
51 80
51 86
51 88
52 69
53 87
54 73
55 63
55 64
56 58
56 60
56 81
57 59
57 71
58 67
58 71
59 64
59 83
60 80
60 88
61 69
61 74
61 81
62 66
62 70
62 85
63 69
64 70
66 73
66 76
67 74
67 79
67 81
67 83
68 82
69 89
70 74
70 76
70 83
74 77
76 77
80 81
80 83
80 87
81 89
82 83
82 85
83 85
85 87
