60 139
8 1 5 2 14 4 9 0 12 7 3 3 12 1 11 9 7 12 15 3 7 2 11 4 13 5 8 2 2 7 10 13 3 1 5 8 0 14 3 8 8 10 6 14 15 10 2 12 4 11 15 15 10 11 4 10 0 6 6 0 
0 1
0 2
0 10
0 19
0 49
1 12
1 18
1 21
1 22
1 39
1 43
1 52
2 12
2 22
2 41
2 48
2 51
3 8
3 12
3 15
3 27
3 29
3 42
3 54
3 57
4 8
4 18
4 29
4 38
5 9
5 18
5 37
5 38
6 14
6 18
6 22
6 32
6 42
6 56
7 11
7 16
7 19
7 20
7 34
8 33
8 36
8 48
9 23
9 38
9 47
9 52
10 12
10 13
10 16
10 32
10 51
11 32
11 37
11 42
12 33
13 15
13 31
13 50
13 54
13 56
14 15
14 24
14 33
15 16
15 48
15 55
16 49
16 54
16 56
16 57
17 33
17 36
17 48
18 21
18 34
18 43
18 52
19 35
19 37
19 40
19 47
20 32
20 53
21 23
21 27
21 29
21 48
22 28
22 55
22 57
23 38
23 50
23 53
23 59
24 45
24 48
24 54
25 52
26 35
26 43
26 46
26 59
27 35
27 40
27 43
28 41
28 45
29 40
30 36
30 44
31 49
33 38
34 35
34 40
34 53
34 59
36 39
36 56
37 50
37 54
38 47
39 47
40 53
40 54
41 57
42 50
42 57
44 49
44 56
46 47
48 56
50 51
51 57
55 58
