50 447
6 5 6 0 0 0 5 1 6 7 6 5 0 5 5 5 6 1 3 0 0 1 4 3 4 2 6 0 4 7 5 5 0 6 3 1 6 0 1 1 5 5 6 4 2 1 1 1 2 2 
0 4
0 5
0 9
0 10
0 12
0 15
0 19
0 20
0 26
0 28
0 29
0 32
0 37
0 40
0 45
0 48
0 49
1 7
1 11
1 18
1 22
1 25
1 28
1 29
1 30
1 31
1 32
1 36
1 40
1 44
1 47
2 5
2 8
2 10
2 13
2 20
2 21
2 25
2 28
2 33
2 36
2 37
2 38
2 40
2 45
2 48
3 6
3 7
3 8
3 10
3 12
3 14
3 18
3 19
3 20
3 23
3 24
3 26
3 27
3 28
3 29
3 30
3 34
3 36
3 38
3 42
3 48
4 6
4 10
4 11
4 21
4 24
4 25
4 26
4 29
4 30
4 35
4 38
4 39
4 40
4 44
4 46
5 18
5 19
5 30
5 31
5 32
5 34
5 36
5 37
5 38
5 40
5 44
5 45
5 48
6 11
6 15
6 18
6 20
6 21
6 22
6 23
6 24
6 25
6 29
6 32
6 34
6 37
6 38
6 40
6 41
7 9
7 10
7 11
7 15
7 17
7 20
7 25
7 30
7 33
7 35
7 36
7 37
7 46
7 47
8 14
8 15
8 16
8 17
8 22
8 28
8 29
8 30
8 39
8 42
8 46
8 47
8 48
9 13
9 15
9 19
9 21
9 32
9 33
9 39
9 45
10 11
10 13
10 14
10 18
10 20
10 21
10 22
10 23
10 24
10 29
10 30
10 31
10 34
10 35
10 39
10 40
10 42
10 45
10 48
11 14
11 18
11 23
11 26
11 28
11 29
11 31
11 33
11 34
11 35
11 40
11 47
11 48
12 13
12 16
12 17
12 21
12 22
12 23
12 26
12 29
12 31
12 33
12 37
12 38
12 41
12 42
12 44
12 46
12 47
12 48
13 15
13 16
13 21
13 23
13 27
13 29
13 33
13 37
13 40
13 48
14 17
14 25
14 28
14 29
14 31
14 32
14 34
14 35
14 36
14 40
14 42
14 43
14 46
14 49
15 25
15 27
15 29
15 33
15 38
15 39
15 41
15 42
15 45
16 18
16 27
16 29
16 30
16 35
16 37
16 39
16 41
16 43
16 47
17 20
17 24
17 26
17 28
17 30
17 33
17 38
17 39
17 45
17 49
18 21
18 22
18 29
18 30
18 31
18 32
18 34
18 36
18 37
18 42
18 44
18 45
18 46
18 47
18 48
19 20
19 23
19 26
19 32
19 34
19 35
19 36
19 37
19 38
19 40
19 43
19 48
20 21
20 24
20 25
20 26
20 30
20 31
20 32
20 34
20 35
20 36
20 38
20 40
20 44
20 46
20 47
20 49
21 31
21 34
21 38
21 44
22 24
22 27
22 28
22 29
22 31
22 36
22 38
22 39
22 41
22 43
22 44
23 24
23 29
23 32
23 34
23 36
23 37
23 39
23 44
23 45
23 46
23 49
24 25
24 27
24 28
24 30
24 36
24 38
24 40
24 43
24 47
24 49
25 26
25 27
25 30
25 31
25 32
25 33
25 35
25 36
25 37
25 39
25 42
25 43
25 44
25 46
25 48
25 49
26 27
26 30
26 33
26 38
26 40
26 41
26 42
26 43
26 44
26 48
27 31
27 33
27 34
27 35
27 44
27 45
27 46
27 48
27 49
28 29
28 34
28 35
28 40
28 44
28 45
28 48
28 49
29 32
29 33
29 34
29 40
29 42
29 43
29 44
29 45
29 48
30 36
30 44
31 32
31 35
31 36
31 37
31 42
31 44
31 45
31 46
32 35
32 37
32 39
32 44
32 47
32 48
32 49
33 34
33 40
34 35
34 38
34 39
34 41
34 44
34 46
34 47
34 48
34 49
35 36
35 37
35 40
35 45
35 49
36 37
36 39
36 40
36 43
36 44
36 45
36 46
37 38
37 43
37 47
38 43
38 44
38 46
39 43
39 48
40 41
40 42
40 43
40 47
40 48
41 46
41 48
42 44
42 46
42 47
42 49
44 45
44 47
44 49
45 48
45 49
46 47
46 48
46 49
