50 222
7 3 0 1 6 0 6 0 2 6 5 6 0 5 3 3 6 1 5 5 4 3 6 3 0 6 4 2 2 7 6 2 3 6 1 5 4 5 1 6 4 7 1 0 6 4 2 5 2 1 
0 3
0 5
0 7
0 11
0 13
0 19
0 28
0 40
0 44
0 47
1 4
1 6
1 11
1 22
1 28
1 30
1 32
1 48
2 5
2 11
2 13
2 14
2 22
2 24
2 30
2 37
3 5
3 7
3 8
3 24
3 34
3 38
3 43
3 49
4 25
4 35
4 40
4 44
5 9
5 14
5 17
5 27
5 34
5 38
5 43
5 44
6 8
6 15
6 21
6 32
6 39
6 47
7 9
7 15
7 19
7 35
7 38
7 43
7 48
7 49
8 13
8 15
8 16
8 17
8 20
8 32
8 33
8 41
8 45
9 10
9 19
9 21
9 26
9 28
9 39
9 40
9 47
9 48
9 49
10 11
10 12
10 14
10 19
10 20
10 26
10 37
10 47
11 20
11 21
11 27
11 30
11 41
11 47
12 17
12 20
12 22
12 24
12 25
12 26
12 27
12 37
12 41
12 46
12 47
13 15
13 17
13 21
13 24
13 25
13 32
13 41
13 42
13 44
13 45
14 16
14 25
14 30
14 34
14 37
14 41
14 44
15 18
15 21
15 22
15 24
15 37
15 45
17 20
17 24
17 25
17 37
17 41
17 45
18 20
18 21
18 29
18 36
19 21
19 25
19 26
19 28
19 40
19 42
19 44
19 48
19 49
20 24
20 33
20 34
20 38
20 41
20 47
21 22
21 32
21 37
21 40
21 43
22 26
22 27
22 28
22 30
22 31
22 32
23 32
23 46
24 32
24 41
24 43
24 47
25 29
25 31
25 33
25 36
26 28
26 31
26 33
26 37
26 41
26 47
26 49
27 30
27 34
27 36
27 37
27 43
28 38
28 40
28 43
28 45
29 33
29 37
29 38
29 40
29 42
29 43
30 34
30 41
30 42
32 39
32 45
32 49
33 40
33 49
34 43
34 46
35 40
35 45
35 46
36 42
36 49
37 47
39 42
40 46
41 45
41 47
42 47
43 44
44 45
44 49
45 48
47 48
48 49
