60 179
13 2 13 7 13 9 13 1 11 9 0 3 13 1 5 5 13 0 0 15 14 13 11 1 11 4 11 8 7 5 7 5 7 10 15 10 6 3 12 1 9 12 7 10 10 15 8 3 1 4 9 7 8 5 0 5 7 0 8 11 
0 9
0 15
0 35
0 52
1 2
1 25
1 33
1 39
1 40
1 46
1 49
1 54
2 17
2 20
2 25
2 29
2 39
2 45
2 46
2 49
3 13
3 19
3 22
3 28
3 29
3 31
3 34
3 39
3 42
4 15
4 20
4 40
4 50
5 10
5 41
5 43
5 45
5 56
6 18
6 20
6 32
6 41
6 51
6 56
7 35
7 38
7 57
8 13
8 23
8 36
8 40
8 53
9 20
9 25
9 26
9 35
9 43
9 45
9 55
9 58
10 11
10 24
10 29
10 56
10 57
11 21
11 26
11 31
11 34
11 47
11 49
12 26
12 52
13 32
14 20
14 30
15 28
15 36
15 44
15 46
15 55
16 17
16 19
16 28
16 44
16 45
16 58
17 18
17 44
17 48
18 25
18 32
18 40
18 46
18 54
18 58
19 28
19 30
19 37
20 23
20 37
20 55
20 58
21 27
21 30
21 34
21 41
21 47
21 52
21 59
22 32
22 43
22 48
23 30
23 33
24 30
24 35
24 57
25 34
25 40
25 46
25 49
26 31
26 47
26 53
26 59
27 50
27 59
28 35
28 37
28 44
28 52
28 55
28 58
29 34
29 37
29 39
29 47
29 49
29 54
29 58
30 40
30 41
30 52
30 53
31 44
31 59
32 40
32 41
32 51
32 54
34 39
34 49
36 40
36 53
37 46
37 58
38 43
39 49
40 46
40 54
41 46
41 59
42 51
43 48
43 57
44 45
45 46
45 58
47 51
47 59
48 52
48 56
48 57
49 51
51 54
51 57
52 55
55 58
