60 180
4 4 15 0 0 6 1 3 13 11 9 0 8 4 4 7 0 0 3 0 4 10 13 3 2 10 2 1 6 1 11 2 8 3 2 1 13 0 13 5 3 2 9 7 3 15 13 5 5 11 1 6 1 7 1 9 7 5 4 9 
0 4
0 10
0 13
0 26
0 32
0 50
1 2
1 6
1 8
1 13
1 23
1 30
1 32
1 46
2 8
2 16
2 32
2 33
2 58
3 15
3 21
3 26
3 34
3 40
3 55
3 56
4 13
4 23
4 37
4 58
5 7
5 16
5 33
5 36
5 43
5 45
6 13
6 14
6 29
6 30
6 40
6 46
6 54
6 56
7 17
7 20
7 36
7 38
7 43
7 52
8 13
8 22
8 32
8 33
8 58
9 24
9 29
10 12
10 14
10 19
10 36
10 44
10 46
10 59
11 20
11 28
11 42
12 15
12 24
12 26
12 27
12 34
12 41
13 14
13 30
13 32
14 22
14 30
14 40
14 42
14 55
14 56
15 26
15 34
15 41
15 55
15 59
16 33
16 36
16 45
16 58
17 24
17 48
17 54
18 37
18 54
18 58
19 28
19 32
19 44
19 51
20 27
20 36
20 38
20 43
20 52
21 34
21 37
21 44
21 52
22 23
22 32
22 42
22 53
23 24
23 29
23 36
23 46
24 26
24 27
24 38
24 41
24 44
24 52
25 31
25 34
25 41
25 52
25 57
26 34
26 41
26 49
27 38
27 41
27 52
28 43
28 44
29 31
29 54
30 32
30 56
31 44
31 48
31 53
31 54
32 50
32 58
33 45
33 47
33 58
34 37
34 39
34 40
34 46
34 55
35 40
36 43
36 45
37 58
38 41
38 52
39 48
39 50
40 42
40 55
40 56
41 53
42 47
42 48
42 59
43 45
43 52
44 46
45 58
47 48
47 57
49 57
55 56
56 57
57 59
