80 172
12 15 10 9 5 9 1 2 10 7 15 0 7 9 1 5 12 13 14 2 9 0 3 4 7 3 9 13 8 5 10 2 11 15 11 10 2 11 0 9 15 4 5 2 11 6 8 2 9 8 10 2 8 6 8 9 15 1 7 0 15 9 9 3 7 13 1 10 0 9 10 5 7 10 3 3 1 9 1 0 
0 5
0 9
0 13
0 46
0 56
0 69
0 79
1 7
1 53
2 10
2 28
2 30
2 43
2 63
2 77
3 35
3 58
4 8
4 26
4 27
5 16
5 29
5 37
5 44
5 67
5 74
5 78
6 38
6 41
6 45
6 51
6 78
7 37
7 39
7 46
7 60
7 79
8 32
8 35
8 60
9 18
9 44
9 54
9 74
9 75
10 13
10 24
10 27
10 46
10 57
10 65
11 19
11 44
11 46
11 60
12 77
13 41
13 44
13 52
13 53
13 63
13 64
13 72
14 19
14 41
15 22
15 30
15 37
15 42
15 44
15 63
15 74
16 25
16 56
16 59
17 42
17 48
17 57
18 27
18 41
18 44
18 50
18 58
19 33
20 27
20 39
20 46
20 57
21 66
22 43
22 51
22 64
23 53
23 54
23 75
24 25
24 42
24 45
24 47
24 67
26 30
26 61
27 35
27 43
27 66
27 79
28 31
29 40
29 50
30 34
30 58
30 71
30 77
31 34
31 42
31 57
32 33
32 35
32 48
33 43
33 77
34 38
34 60
34 66
35 62
36 37
36 48
36 56
36 58
36 73
37 38
37 49
37 53
37 64
38 65
40 42
40 73
41 61
41 69
41 77
43 69
45 69
45 71
47 77
48 72
48 77
50 63
51 63
51 77
52 56
53 71
54 68
54 73
55 70
55 78
58 62
58 79
59 60
60 74
60 75
61 62
62 73
64 73
64 76
64 79
65 69
65 72
65 79
66 68
67 74
70 79
75 79
