100 237
0 9 7 21 18 9 15 29 9 1 10 20 29 28 15 3 8 26 6 19 4 26 15 11 28 1 10 27 30 24 8 24 6 19 8 21 3 9 11 7 30 26 31 6 9 30 16 3 27 31 30 23 19 9 9 15 2 26 4 19 30 16 2 3 8 8 15 4 31 23 31 21 24 16 5 19 24 22 15 15 10 2 16 3 27 18 19 20 6 19 12 5 26 3 10 6 18 28 27 31 
0 28
0 41
0 48
0 75
0 92
1 15
1 20
1 63
1 68
1 76
1 83
2 14
2 25
2 35
2 51
2 72
2 76
2 80
2 85
2 98
3 7
3 45
3 83
3 96
4 12
4 27
4 28
4 45
4 99
5 18
5 20
5 37
6 34
6 37
6 43
6 77
7 9
7 13
7 55
7 66
7 82
8 12
8 15
8 17
8 23
9 11
9 21
9 40
9 48
9 83
9 92
10 27
10 33
11 26
11 67
11 84
12 27
12 43
12 45
12 48
12 53
12 70
12 84
12 91
12 98
13 39
14 27
14 59
14 67
15 18
15 32
15 49
15 65
15 94
16 45
16 77
17 38
17 48
17 64
17 89
17 90
17 93
17 95
18 43
18 67
18 90
19 35
19 49
19 51
19 57
19 76
20 29
20 95
21 42
22 60
23 43
23 64
23 81
23 92
23 93
24 31
24 85
25 70
26 58
26 70
26 74
26 79
26 91
26 96
26 99
27 37
27 42
27 45
27 60
27 66
27 67
27 74
27 98
27 99
28 29
28 42
28 81
28 85
28 87
28 92
29 30
29 38
29 65
30 48
30 64
30 97
31 32
31 36
31 57
31 86
32 43
32 58
32 66
32 77
33 99
34 37
34 48
34 66
35 37
35 50
35 51
35 73
35 75
36 53
36 73
36 97
38 90
38 94
39 54
39 57
39 58
39 75
40 45
40 47
40 60
40 71
40 76
40 81
40 87
40 99
41 73
43 71
43 94
44 53
44 62
44 79
45 68
45 74
46 69
47 55
47 62
47 91
47 96
48 49
48 80
48 88
49 85
50 57
50 63
50 74
51 93
52 68
52 85
53 88
54 58
54 72
54 99
55 92
56 90
59 63
59 77
59 92
59 95
60 77
60 85
60 98
61 68
61 90
62 73
63 73
63 87
63 88
63 89
64 79
64 88
65 74
65 99
66 67
66 85
67 79
68 78
68 86
69 71
69 96
70 81
70 94
70 96
71 73
71 92
72 81
77 83
77 90
78 84
79 84
79 89
80 91
80 95
82 86
82 87
83 86
86 89
89 94
