90 244
12 4 4 0 5 0 4 3 5 8 1 4 11 15 8 14 6 13 13 7 4 11 11 2 0 15 10 2 11 15 10 10 12 2 12 0 12 0 6 1 1 7 12 7 5 1 11 13 8 14 12 12 6 5 6 3 10 2 10 2 8 1 4 14 12 0 4 13 3 1 4 0 14 6 15 4 7 5 7 7 1 9 12 12 8 7 14 2 5 0 
0 15
0 16
0 41
0 56
0 65
0 70
0 77
0 88
1 28
1 65
2 4
2 7
2 13
2 22
2 46
2 86
3 45
3 67
3 74
3 80
4 21
4 75
5 10
5 26
5 57
6 40
6 50
6 61
6 70
7 25
7 29
7 36
7 40
7 51
7 67
7 72
7 88
8 16
8 19
8 38
8 39
8 57
8 76
8 83
8 89
9 58
9 82
10 22
10 28
10 70
10 72
11 27
11 66
11 68
11 69
11 85
12 25
12 46
12 51
12 70
12 73
13 29
13 43
13 45
13 57
13 72
13 73
13 77
14 16
14 20
14 22
14 31
14 40
14 44
14 68
14 74
15 18
15 39
15 44
15 48
15 74
17 52
17 64
17 78
18 28
18 50
18 65
18 69
18 89
19 23
19 42
19 47
19 88
20 31
20 34
20 66
20 86
21 38
21 85
22 53
22 62
22 65
22 72
22 81
23 55
23 77
24 33
24 62
24 69
24 73
24 77
25 43
25 70
26 27
26 44
26 49
27 35
27 39
27 52
27 56
27 78
28 31
28 64
28 68
28 69
28 89
29 30
29 56
29 57
29 68
29 75
29 83
29 85
29 87
30 31
30 43
30 63
30 76
30 78
30 89
31 55
31 57
31 58
31 64
32 40
32 51
32 53
32 71
32 73
32 86
33 68
33 76
34 58
35 56
35 57
36 53
36 55
36 56
36 78
37 50
37 53
38 39
38 67
38 73
39 45
39 73
39 74
40 59
40 77
41 50
41 64
41 78
42 69
43 50
43 55
43 71
43 80
43 88
43 89
44 60
45 68
46 47
46 61
47 81
48 69
49 55
49 75
50 56
50 58
50 86
51 68
51 69
51 84
52 55
52 64
52 84
53 60
53 70
53 72
53 78
53 83
54 64
54 68
54 70
54 76
54 84
55 62
55 69
55 77
56 59
56 61
57 85
58 83
59 81
59 89
60 68
60 76
61 65
61 71
61 77
63 69
63 73
65 79
66 76
67 68
67 82
67 83
67 85
67 88
69 85
69 86
69 87
69 88
71 75
71 76
72 77
72 87
73 79
74 79
75 80
75 87
76 77
80 85
88 89
