35 151
0 3 7 5 6 5 2 4 2 0 0 3 6 3 7 5 4 3 5 3 3 2 7 0 4 6 2 2 5 7 3 1 1 1 0 
0 3
0 4
0 19
0 20
0 24
0 25
0 26
0 28
0 33
1 6
1 7
1 10
1 12
1 16
1 22
1 23
1 32
2 4
2 5
2 13
2 14
2 15
2 19
2 27
2 30
2 33
2 34
3 8
3 11
3 15
3 17
3 20
3 22
3 23
3 28
3 33
4 7
4 9
4 10
4 15
4 19
4 22
4 23
4 26
4 28
4 33
5 26
5 31
5 33
6 10
6 12
6 25
6 26
6 31
6 32
7 12
7 15
7 22
7 23
7 28
8 11
8 16
8 21
8 23
8 27
8 29
8 31
8 33
9 31
10 12
10 18
10 21
10 22
10 26
10 31
10 34
11 17
11 23
11 24
11 25
11 27
11 28
11 29
11 31
11 33
12 23
12 24
12 25
12 26
12 27
13 14
13 19
13 22
13 24
13 29
13 30
13 34
14 19
14 20
14 21
14 22
14 25
14 28
14 34
15 16
15 20
15 25
15 32
16 20
16 23
16 25
16 28
16 32
17 26
17 27
17 29
17 30
17 31
17 33
18 24
18 26
18 27
18 31
19 20
19 28
19 30
19 34
20 23
20 29
21 29
22 23
22 26
22 28
23 28
23 33
24 25
24 30
25 32
26 30
26 32
27 30
27 31
27 34
29 30
29 31
29 34
30 31
30 34
31 33
31 34
32 33
