80 358
10 8 12 5 11 10 8 12 11 5 7 13 11 2 8 1 2 6 12 7 1 1 5 3 2 3 4 12 4 10 13 1 12 11 12 6 2 5 3 3 7 8 14 2 2 0 10 15 8 8 12 0 2 1 5 14 1 14 5 10 1 4 7 4 6 11 15 5 1 1 14 0 10 8 10 3 11 7 6 9 
0 4
0 5
0 15
0 41
0 56
0 62
0 69
0 70
0 77
0 78
1 6
1 20
1 23
1 28
1 38
1 46
1 47
1 75
1 78
2 6
2 12
2 35
2 49
2 70
2 76
3 7
3 11
3 22
3 72
3 74
4 15
4 22
4 41
4 50
4 56
4 60
4 62
4 64
4 71
4 78
5 12
5 15
5 18
5 24
5 39
5 41
5 61
5 63
5 71
5 77
5 79
6 12
6 15
6 22
6 23
6 55
7 48
7 61
7 67
8 12
8 13
8 17
8 20
8 21
8 35
8 39
8 40
8 44
8 51
8 52
8 53
8 57
8 74
9 34
9 38
9 41
9 51
9 72
9 79
10 12
10 13
10 21
10 27
10 28
10 30
10 43
10 51
10 68
10 72
10 73
10 79
11 14
11 34
11 36
11 69
11 74
12 18
12 24
12 55
12 72
12 73
12 77
12 79
13 16
13 32
13 54
13 63
13 67
13 76
13 77
14 25
14 29
14 33
14 36
14 48
14 62
15 18
15 24
15 31
15 41
15 77
15 78
16 28
16 33
16 38
16 43
16 45
16 48
16 50
16 56
16 59
16 67
16 68
16 69
16 70
17 20
17 24
17 27
17 31
17 35
17 39
17 40
17 44
17 57
18 24
18 29
18 41
18 44
18 72
18 77
18 79
19 53
19 66
19 69
19 71
20 21
20 26
20 40
20 42
20 44
20 57
20 72
21 26
21 40
21 42
21 57
21 60
21 61
21 64
21 70
22 34
22 66
22 70
22 71
23 25
23 29
23 34
23 37
23 41
23 48
23 50
23 52
24 61
24 72
24 73
24 77
24 79
25 46
25 58
26 30
26 40
26 42
26 57
26 60
26 62
26 64
27 32
27 34
27 37
27 66
27 70
27 71
27 72
28 30
28 32
28 43
28 45
28 50
28 60
28 68
28 73
28 76
29 37
29 56
29 65
30 43
30 45
30 46
30 68
30 71
30 72
30 73
30 79
31 33
31 35
31 36
31 39
31 44
31 47
31 50
31 53
31 59
31 69
31 75
31 76
32 45
32 51
32 55
32 61
33 35
33 45
33 46
33 50
33 59
33 68
33 69
33 78
34 39
34 45
34 76
35 39
35 44
35 59
35 69
35 75
35 77
36 44
36 52
37 41
37 53
37 56
37 71
38 39
38 44
38 45
38 46
38 49
39 40
39 44
39 46
39 48
39 59
39 69
39 70
40 44
40 57
40 76
40 79
41 56
41 59
41 77
41 78
42 43
42 56
42 57
42 60
42 61
42 62
42 64
42 66
42 74
43 45
43 58
43 63
43 68
43 72
43 73
44 48
44 59
45 48
45 50
45 62
45 68
45 69
46 53
46 59
46 62
46 63
46 72
47 50
48 56
48 76
49 60
50 59
50 68
50 69
51 66
51 68
52 60
52 70
53 60
53 65
53 76
54 69
55 65
55 69
56 60
56 62
56 64
56 78
57 60
57 70
57 73
58 62
59 69
59 70
60 62
60 64
61 72
62 64
62 70
62 78
63 69
63 75
64 68
64 78
66 67
66 74
67 77
69 70
71 79
72 73
72 76
72 79
73 75
73 79
76 78
77 78
