60 103
6 5 1 0 10 15 1 11 1 15 9 13 13 6 2 9 12 9 2 13 2 10 6 9 5 13 8 10 5 3 15 5 4 0 10 3 3 13 13 6 15 9 6 10 7 2 1 10 13 10 12 12 3 2 12 10 6 9 10 1 
0 39
0 57
1 2
1 10
1 13
1 36
1 39
1 43
2 3
2 6
2 23
2 39
2 44
3 4
3 15
3 35
3 40
3 43
4 5
4 25
4 37
4 40
4 57
5 19
5 46
6 15
6 34
6 42
7 24
7 33
8 31
8 51
8 59
9 17
9 46
10 27
10 44
11 49
11 50
12 21
12 24
12 26
12 30
12 36
13 14
13 22
13 45
14 28
14 34
15 25
15 53
16 49
17 27
17 28
18 33
18 41
19 26
20 57
21 23
21 50
22 25
22 29
22 50
22 53
23 58
24 30
25 47
25 51
26 29
26 58
27 46
28 41
28 42
28 47
30 35
31 34
31 37
32 43
32 46
33 53
35 50
35 58
35 59
37 49
37 51
38 46
39 55
40 54
40 56
42 48
42 53
43 57
44 59
46 57
47 58
48 54
49 57
50 51
50 58
51 56
51 59
52 57
56 57
