60 136
15 11 5 13 6 11 2 10 7 14 6 1 2 9 10 3 3 8 12 2 13 4 8 12 3 7 9 5 1 13 8 1 10 11 3 6 8 11 7 8 8 6 7 5 14 9 7 14 11 8 8 11 7 6 12 2 0 11 10 12 
0 7
0 11
0 19
0 21
0 28
0 46
1 4
1 23
1 41
1 45
1 51
1 54
1 56
2 22
2 34
3 45
3 49
3 51
4 20
4 29
4 37
4 38
5 28
5 33
5 44
5 57
6 45
6 47
6 49
7 10
7 20
7 29
7 33
7 43
8 10
8 12
8 40
9 12
9 21
9 31
9 53
10 11
10 14
10 15
10 17
10 19
11 12
11 23
11 53
12 21
13 14
13 38
13 46
13 51
13 54
14 19
14 20
14 24
15 18
15 22
15 40
15 57
16 59
17 20
17 24
17 48
18 27
19 32
19 35
19 50
19 52
20 38
20 54
21 48
21 53
22 27
22 38
22 43
22 49
22 55
22 59
23 29
23 35
23 36
23 42
23 58
24 37
24 58
25 27
25 30
25 32
26 29
26 35
26 46
26 48
26 50
26 52
27 28
27 46
28 41
28 49
28 51
28 59
29 34
29 46
29 48
29 54
31 32
32 52
32 53
34 58
36 43
36 46
36 59
37 41
38 41
39 41
39 56
39 58
40 55
41 45
41 48
41 53
42 43
42 45
42 47
42 54
43 44
43 57
44 48
46 48
47 57
48 50
48 58
48 59
52 55
