100 199
10 2 6 6 9 24 3 9 7 17 21 18 21 29 3 0 26 0 11 7 24 9 20 24 22 22 11 23 3 29 30 24 22 30 5 21 25 24 15 16 17 9 21 3 25 10 9 17 3 9 27 22 3 18 24 8 5 15 1 16 0 16 30 24 3 1 28 8 21 3 10 5 25 7 28 25 10 25 4 13 30 16 5 11 5 11 19 26 20 1 27 20 9 19 13 20 22 25 4 11 
0 20
0 32
0 63
0 65
1 38
1 50
2 10
2 23
2 42
2 57
2 60
2 83
2 95
3 17
4 54
4 65
4 67
4 74
4 86
4 96
5 9
5 41
5 70
6 12
6 27
6 46
6 64
6 66
7 45
8 29
8 61
8 69
8 83
8 88
9 65
9 75
9 80
10 24
10 56
10 98
11 64
11 67
11 76
11 84
11 85
12 32
12 35
12 36
12 42
12 62
12 69
12 89
13 37
13 59
13 67
14 27
15 34
15 42
16 47
16 92
17 21
17 30
17 76
18 77
18 93
18 99
19 31
19 32
19 36
19 55
19 79
19 89
19 90
20 84
20 98
21 45
21 54
21 69
21 89
21 90
22 53
22 66
23 57
24 31
24 62
25 92
26 52
26 53
26 90
27 31
27 45
27 70
27 82
27 89
27 94
28 66
29 39
29 49
29 84
30 44
30 56
30 71
30 78
30 87
31 40
31 45
31 46
31 66
31 84
31 85
31 90
32 38
32 81
32 92
32 98
33 36
34 38
34 47
34 69
34 70
34 84
35 89
36 65
37 54
37 57
37 77
37 85
39 57
40 45
40 51
40 55
40 73
40 83
40 89
40 95
41 66
41 72
41 74
41 95
42 64
42 72
43 63
43 98
44 63
44 77
45 46
45 65
45 66
45 69
45 90
45 92
45 95
46 48
46 67
46 75
46 95
47 90
48 55
48 69
49 77
50 53
50 68
50 81
51 55
51 60
52 54
52 83
53 71
53 77
53 85
55 62
55 74
56 70
58 59
58 83
59 88
61 80
61 92
66 86
66 91
66 95
66 98
67 98
68 69
68 72
69 74
69 92
70 97
73 74
75 76
77 97
80 82
80 95
80 99
84 87
84 96
87 98
90 92
93 98
