60 177
0 13 14 1 10 10 10 3 6 0 0 0 5 5 14 10 12 1 13 13 10 4 10 5 9 1 4 12 13 5 15 10 13 4 8 0 7 10 11 3 9 9 8 5 5 0 2 1 1 7 15 15 7 13 4 13 9 14 4 2 
0 6
0 14
0 30
0 38
0 41
0 57
1 4
1 16
1 17
1 55
2 9
2 13
2 16
2 42
2 57
3 12
3 17
3 47
4 7
4 16
4 40
4 46
5 9
5 19
5 25
5 40
5 42
5 59
6 10
6 15
6 16
6 23
6 37
6 38
6 41
6 57
7 10
7 14
7 17
7 20
7 32
8 11
8 18
8 28
8 36
8 43
8 52
9 16
9 19
9 33
9 40
9 42
10 20
10 57
10 59
11 26
11 34
11 36
11 43
11 52
12 27
12 30
12 38
12 50
12 54
13 14
13 23
13 25
13 30
13 35
13 39
13 45
13 50
13 56
14 25
14 29
14 30
14 36
14 39
14 59
15 32
15 42
16 19
16 41
16 54
17 48
18 36
18 43
18 53
18 58
19 28
19 31
19 35
19 40
19 42
19 51
19 53
19 58
19 59
20 37
21 24
21 46
22 31
22 45
22 46
22 49
22 53
22 58
24 39
24 48
24 55
25 30
25 40
25 59
26 33
26 34
26 48
26 51
26 52
27 41
27 48
27 57
28 34
28 43
28 58
28 59
30 39
30 48
30 58
30 59
31 46
31 47
31 49
31 53
32 40
32 48
32 57
33 34
33 35
33 38
33 39
33 52
34 36
34 37
34 48
35 48
35 54
35 57
36 43
36 52
37 59
38 40
38 48
38 51
39 50
39 52
39 56
40 59
41 51
41 57
42 57
43 44
44 45
44 52
45 47
45 49
45 50
46 49
46 55
46 59
47 49
47 50
47 56
48 51
49 56
50 56
55 58
