60 637
11 13 9 11 0 10 5 10 11 13 3 8 14 5 14 13 1 4 4 11 6 12 6 5 7 15 13 6 2 4 8 1 1 0 13 5 5 15 11 12 13 15 7 15 15 6 6 0 14 15 9 2 15 12 2 6 4 0 0 10 
0 1
0 2
0 6
0 10
0 11
0 13
0 14
0 16
0 21
0 23
0 25
0 28
0 32
0 34
0 41
0 42
0 43
0 44
0 53
0 58
1 5
1 7
1 11
1 14
1 15
1 16
1 17
1 18
1 22
1 23
1 24
1 25
1 29
1 33
1 34
1 36
1 41
1 42
1 43
1 44
1 45
1 48
1 49
1 51
1 53
1 59
2 6
2 10
2 19
2 24
2 25
2 27
2 29
2 31
2 32
2 33
2 34
2 36
2 37
2 41
2 42
2 43
2 44
2 45
2 47
2 51
2 55
2 59
3 6
3 8
3 9
3 12
3 13
3 23
3 24
3 28
3 30
3 31
3 35
3 36
3 38
3 40
3 41
3 43
3 44
3 46
3 47
3 54
3 55
4 7
4 8
4 9
4 10
4 16
4 22
4 26
4 27
4 29
4 34
4 36
4 49
4 50
4 52
5 8
5 9
5 10
5 12
5 14
5 15
5 18
5 19
5 21
5 24
5 25
5 33
5 35
5 37
5 38
5 40
5 42
5 50
5 52
5 55
6 9
6 11
6 13
6 14
6 16
6 19
6 21
6 22
6 24
6 25
6 26
6 27
6 31
6 38
6 39
6 41
6 44
6 45
6 49
6 50
6 51
6 52
6 53
6 54
6 56
6 57
6 58
6 59
7 10
7 12
7 15
7 16
7 19
7 20
7 23
7 30
7 32
7 36
7 38
7 39
7 41
7 44
7 46
7 48
7 49
7 54
7 55
7 58
8 9
8 10
8 15
8 19
8 20
8 27
8 28
8 31
8 32
8 33
8 35
8 37
8 39
8 43
8 45
8 48
8 56
9 13
9 22
9 23
9 25
9 27
9 30
9 33
9 44
9 46
9 54
9 55
9 57
9 58
9 59
10 12
10 14
10 15
10 17
10 18
10 20
10 24
10 27
10 28
10 34
10 43
10 45
10 49
10 51
10 56
10 57
10 59
11 13
11 15
11 16
11 17
11 18
11 24
11 28
11 29
11 34
11 37
11 39
11 43
11 44
11 45
11 47
11 51
11 52
11 53
11 59
12 13
12 19
12 25
12 26
12 35
12 36
12 43
12 44
12 51
12 52
12 54
12 56
12 59
13 16
13 18
13 21
13 25
13 28
13 35
13 38
13 41
13 45
13 51
13 53
13 59
14 16
14 17
14 21
14 22
14 24
14 26
14 27
14 29
14 31
14 34
14 38
14 44
14 45
14 47
14 54
14 59
15 17
15 20
15 21
15 25
15 26
15 30
15 31
15 34
15 42
15 44
15 48
15 49
15 51
15 52
15 58
15 59
16 18
16 19
16 21
16 24
16 29
16 32
16 33
16 39
16 41
16 45
16 50
17 18
17 19
17 23
17 26
17 30
17 33
17 34
17 36
17 40
17 41
17 47
17 50
17 51
17 53
17 58
17 59
18 19
18 26
18 27
18 34
18 39
18 41
18 46
18 48
18 51
18 55
18 56
18 58
19 23
19 24
19 25
19 28
19 29
19 38
19 39
19 40
19 41
19 43
19 44
19 47
19 48
19 50
19 51
19 52
19 58
20 22
20 26
20 27
20 31
20 32
20 33
20 36
20 40
20 42
20 43
20 49
20 51
20 52
20 57
21 22
21 23
21 24
21 28
21 31
21 32
21 34
21 36
21 38
21 40
21 43
21 45
21 47
21 49
21 52
21 54
21 55
21 56
21 58
22 24
22 25
22 28
22 30
22 31
22 32
22 33
22 39
22 45
22 51
22 52
22 53
22 55
22 56
22 57
23 24
23 25
23 26
23 29
23 34
23 35
23 39
23 40
23 41
23 49
23 53
23 57
24 25
24 28
24 29
24 31
24 32
24 33
24 37
24 38
24 39
24 41
24 44
24 53
24 57
24 58
24 59
25 30
25 31
25 32
25 35
25 36
25 41
25 47
25 52
25 53
25 58
26 30
26 31
26 34
26 35
26 36
26 37
26 38
26 41
26 45
26 46
26 47
26 51
26 53
26 54
26 58
27 35
27 39
27 46
27 48
27 51
27 53
28 32
28 35
28 36
28 39
28 40
28 41
28 44
28 47
28 49
28 52
28 53
28 57
28 58
29 30
29 31
29 32
29 35
29 40
29 42
29 46
29 47
29 51
29 53
29 58
30 32
30 33
30 34
30 36
30 37
30 40
30 45
30 50
31 36
31 37
31 40
31 41
31 44
31 45
31 55
31 56
31 57
32 35
32 37
32 39
32 41
32 50
32 53
32 57
32 58
32 59
33 34
33 37
33 39
33 40
33 41
33 42
33 43
33 48
33 51
33 53
33 58
33 59
34 35
34 37
34 46
34 47
34 53
34 55
34 56
34 58
35 36
35 37
35 39
35 40
35 41
35 42
35 45
35 51
35 52
35 54
35 55
35 56
35 58
36 37
36 39
36 45
36 47
36 49
36 52
36 53
36 56
36 57
37 40
37 41
37 43
37 48
37 49
37 51
37 53
38 44
38 45
38 47
38 55
38 56
38 58
39 45
39 46
39 47
39 49
39 50
39 51
39 52
39 53
39 54
40 44
40 47
40 48
40 49
40 54
40 59
41 42
41 43
41 44
41 50
41 57
41 59
42 50
42 52
42 55
42 57
43 45
43 46
43 48
43 50
43 55
43 57
44 45
44 50
44 52
44 55
44 57
44 59
45 48
45 50
45 51
45 52
45 53
45 55
45 56
45 58
46 49
46 57
46 58
46 59
47 52
47 57
47 58
48 50
48 52
49 51
49 55
49 56
50 51
50 55
50 58
51 55
51 56
51 58
52 54
52 55
52 56
52 57
52 58
52 59
53 54
55 56
55 58
56 57
57 59
58 59
