40 279
4 1 6 7 4 0 6 3 2 1 3 3 1 4 5 0 3 7 2 7 1 6 7 3 0 0 1 5 4 0 3 3 5 4 6 0 2 6 5 4 
0 4
0 6
0 7
0 8
0 14
0 16
0 18
0 19
0 20
0 22
0 26
0 34
0 35
0 36
0 39
1 7
1 9
1 15
1 21
1 26
1 31
1 33
1 35
1 36
2 6
2 13
2 21
2 24
2 25
2 27
2 28
2 33
2 35
2 36
2 37
3 8
3 9
3 11
3 16
3 20
3 22
3 23
3 24
3 25
3 28
3 39
4 7
4 9
4 10
4 13
4 15
4 17
4 20
4 21
4 23
4 27
4 30
4 31
4 34
4 35
4 36
5 8
5 10
5 13
5 14
5 18
5 21
5 23
5 24
5 25
5 26
5 27
5 34
5 38
6 8
6 9
6 11
6 12
6 16
6 18
6 24
6 27
6 33
6 35
6 39
7 8
7 9
7 12
7 15
7 17
7 23
7 26
7 27
7 32
8 10
8 12
8 14
8 18
8 21
8 22
8 23
8 24
8 25
8 32
8 33
8 35
8 37
8 39
9 10
9 19
9 20
9 22
9 23
9 28
9 32
9 33
10 15
10 18
10 20
10 21
10 22
10 23
10 27
10 28
10 34
10 35
10 36
11 12
11 13
11 15
11 16
11 17
11 19
11 22
11 27
11 33
11 35
11 38
12 18
12 21
12 24
12 26
12 32
12 34
13 14
13 16
13 17
13 21
13 25
13 32
13 35
14 18
14 19
14 22
14 24
14 25
14 26
14 31
14 33
14 35
14 38
14 39
15 16
15 19
15 20
15 23
15 24
15 27
15 32
15 33
15 34
15 36
16 19
16 21
16 22
16 25
16 29
16 31
16 33
16 38
17 21
17 22
17 24
17 29
17 33
17 35
17 37
17 38
17 39
18 19
18 25
18 27
18 28
18 29
18 31
18 33
18 34
18 38
19 20
19 21
19 22
19 23
19 25
19 27
19 29
19 37
20 22
20 23
20 25
20 26
20 27
20 28
20 30
20 31
20 33
20 34
20 36
20 38
21 23
21 24
21 28
21 31
21 36
22 23
22 24
22 26
22 28
22 30
22 36
22 37
22 39
23 25
23 26
23 30
23 31
23 38
24 25
24 35
24 37
25 26
25 28
25 30
25 33
25 37
25 38
26 27
26 29
26 30
26 34
26 36
27 31
27 33
27 34
27 35
28 29
28 30
28 31
28 36
28 38
29 31
29 33
29 35
29 36
30 32
30 35
30 36
31 35
31 38
32 33
32 38
33 34
33 35
33 36
33 37
34 36
35 38
36 39
37 38
37 39
