60 173
2 0 9 9 5 0 14 6 4 14 0 0 1 12 9 11 1 14 15 15 8 2 9 12 5 11 0 1 10 9 6 14 15 2 7 9 15 7 8 4 5 4 10 3 14 10 5 1 8 2 2 2 7 4 0 2 12 2 5 12 
0 8
0 25
0 26
0 27
0 30
0 32
0 55
1 22
1 24
1 28
1 33
1 37
1 54
2 12
2 14
2 22
2 56
3 10
3 17
3 25
3 26
3 34
3 59
4 25
4 38
4 52
4 58
5 25
5 27
5 33
5 51
6 25
6 40
6 43
6 46
6 56
7 17
7 24
7 25
7 42
7 43
7 51
8 10
8 13
8 14
8 17
8 42
8 52
9 25
9 32
9 42
9 59
10 16
10 27
10 29
10 33
10 35
10 50
10 51
11 13
11 21
11 22
11 24
11 30
11 32
11 33
11 48
12 51
12 57
13 17
13 21
13 27
13 45
14 29
14 37
14 41
14 51
15 19
15 25
15 30
15 46
16 19
16 20
16 43
16 52
16 55
16 56
17 25
17 29
17 33
17 53
17 56
17 59
18 30
18 31
18 42
18 47
18 51
19 23
20 23
20 29
20 31
20 39
20 40
20 48
20 51
20 59
21 22
21 23
21 24
21 28
21 36
21 53
21 59
22 30
22 35
22 43
22 59
23 29
23 45
23 49
24 34
24 41
24 54
25 30
25 44
26 47
26 56
27 34
27 42
27 48
27 56
29 31
30 37
30 38
30 46
30 52
30 56
30 59
31 46
32 48
33 39
33 53
34 46
35 39
35 41
36 52
36 53
37 51
38 59
39 47
39 48
40 55
41 53
41 58
42 58
43 59
44 45
44 47
44 53
44 58
46 49
46 51
48 53
48 57
49 59
50 52
50 54
50 58
53 54
53 58
55 58
58 59
