100 258
16 16 18 23 17 12 26 25 30 2 20 28 14 20 20 3 3 2147483656 31 14 22 27 6 23 27 7 10 7 1 27 8 5 31 12 7 17 7 31 24 26 20 29 6 21 0 13 19 22 2 10 27 25 31 8 13 20 16 0 9 12 24 28 9 6 30 24 13 8 0 26 8 18 29 23 1 4 21 8 15 15 22 31 11 11 17 17 6 7 18 29 22 15 19 25 18 13 0 12 28 6 
0 2
0 9
0 17
0 28
0 46
0 54
0 63
0 78
1 49
1 56
1 81
2 5
2 17
2 23
2 59
2 67
3 33
3 39
3 56
3 96
4 22
4 33
4 36
4 48
4 60
5 17
5 46
5 53
5 62
5 67
6 17
6 21
6 49
6 60
6 94
7 17
7 20
7 24
7 45
8 34
8 47
8 64
8 70
9 15
9 44
9 54
9 65
9 85
10 17
10 18
10 27
10 30
10 71
10 93
11 17
11 31
11 40
11 76
11 89
11 95
11 97
12 25
12 49
12 61
12 65
12 79
12 85
12 94
13 16
13 17
13 26
13 77
13 90
14 38
14 46
14 62
14 78
15 17
15 27
15 71
15 88
16 17
16 29
16 45
16 51
16 72
17 18
17 19
17 20
17 21
17 22
17 23
17 24
17 26
17 27
17 28
17 29
17 30
17 31
17 32
17 34
17 36
17 37
17 38
17 41
17 43
17 46
17 49
17 50
17 51
17 52
17 53
17 57
17 61
17 67
17 71
17 72
17 73
17 76
17 80
17 86
17 87
17 88
17 89
17 90
17 91
17 95
17 97
17 99
18 20
18 48
18 99
19 32
19 33
19 57
19 86
20 32
21 71
21 74
21 88
22 37
22 42
22 76
22 77
22 89
23 34
23 35
23 53
23 64
23 68
23 92
24 32
24 57
25 30
25 93
26 30
26 50
26 72
26 75
27 85
28 66
28 67
28 69
29 31
29 38
29 87
29 90
30 33
30 49
31 36
31 50
31 61
31 72
32 99
33 39
33 47
34 67
35 55
36 37
36 76
36 87
36 91
37 50
37 52
37 62
38 51
38 61
38 74
38 80
39 48
39 98
41 76
41 91
41 97
42 97
43 46
43 51
43 61
43 72
43 73
43 74
44 53
44 62
44 64
44 93
46 53
47 98
48 83
48 96
49 60
49 71
49 83
50 59
50 89
50 90
50 99
52 87
52 90
52 91
53 65
53 75
53 80
54 56
54 74
54 88
56 98
57 69
57 70
58 73
58 96
59 62
59 64
59 70
59 78
61 91
61 94
61 97
64 75
65 71
65 74
65 93
66 70
66 78
67 70
68 69
70 79
70 83
72 95
73 95
73 97
74 94
74 98
80 87
80 91
82 93
84 96
85 93
86 99
