80 1138
11 11 11 11 9 8 12 5 4 12 13 7 9 6 6 5 2 13 11 11 2 6 9 13 14 7 10 14 3 7 7 8 7 0 1 11 0 10 9 4 15 1 3 0 0 2 6 7 8 8 6 10 2 6 4 5 3 9 12 0 7 5 7 3 15 6 13 7 11 3 7 1 8 13 2 7 11 11 1 14 
0 11
0 12
0 21
0 26
0 27
0 28
0 29
0 30
0 31
0 33
0 37
0 38
0 43
0 44
0 48
0 49
0 55
0 62
0 65
0 66
0 72
0 74
0 76
0 77
0 79
1 5
1 10
1 12
1 13
1 19
1 23
1 24
1 26
1 29
1 30
1 32
1 34
1 37
1 38
1 40
1 49
1 52
1 54
1 55
1 73
1 78
2 4
2 6
2 8
2 12
2 15
2 22
2 25
2 29
2 31
2 34
2 37
2 38
2 39
2 42
2 43
2 44
2 47
2 48
2 53
2 57
2 58
2 60
2 70
2 72
2 76
2 78
3 4
3 6
3 8
3 13
3 14
3 15
3 17
3 21
3 22
3 23
3 25
3 26
3 28
3 29
3 31
3 37
3 39
3 41
3 43
3 45
3 57
3 58
3 60
3 63
3 65
3 66
3 67
3 68
3 73
3 77
4 7
4 8
4 10
4 11
4 12
4 13
4 18
4 20
4 24
4 26
4 27
4 28
4 30
4 31
4 35
4 36
4 37
4 43
4 44
4 48
4 49
4 50
4 53
4 54
4 56
4 59
4 61
4 62
4 63
4 64
4 66
4 70
4 73
4 74
4 76
4 77
4 78
5 8
5 12
5 13
5 16
5 19
5 20
5 23
5 24
5 27
5 30
5 31
5 32
5 33
5 40
5 41
5 43
5 53
5 54
5 56
5 70
5 73
5 75
5 79
6 12
6 13
6 21
6 22
6 24
6 25
6 28
6 31
6 32
6 35
6 36
6 38
6 39
6 44
6 45
6 46
6 47
6 48
6 50
6 55
6 56
6 63
6 65
6 71
6 73
6 76
7 10
7 11
7 13
7 14
7 16
7 17
7 20
7 21
7 22
7 26
7 28
7 30
7 31
7 32
7 35
7 37
7 41
7 43
7 46
7 48
7 52
7 58
7 60
7 63
7 65
7 66
7 68
7 69
7 78
7 79
8 10
8 16
8 22
8 23
8 33
8 35
8 41
8 42
8 49
8 50
8 53
8 58
8 64
8 68
8 71
8 73
9 13
9 16
9 19
9 20
9 22
9 23
9 29
9 30
9 31
9 36
9 38
9 40
9 43
9 46
9 48
9 50
9 51
9 52
9 53
9 54
9 55
9 57
9 65
9 66
9 67
9 70
9 71
9 73
10 13
10 18
10 21
10 22
10 23
10 28
10 29
10 32
10 34
10 35
10 36
10 37
10 39
10 46
10 49
10 50
10 52
10 54
10 66
10 67
10 73
10 74
10 75
10 76
10 78
11 12
11 15
11 17
11 22
11 24
11 28
11 34
11 38
11 39
11 47
11 49
11 62
11 66
11 70
11 72
11 76
11 78
12 14
12 15
12 16
12 21
12 22
12 23
12 24
12 25
12 27
12 28
12 29
12 31
12 32
12 37
12 39
12 40
12 42
12 44
12 45
12 46
12 49
12 53
12 54
12 55
12 59
12 64
12 65
12 67
12 69
12 71
12 72
12 73
12 74
12 79
13 14
13 19
13 26
13 28
13 29
13 30
13 37
13 40
13 42
13 48
13 51
13 52
13 53
13 55
13 56
13 58
13 62
13 64
13 66
13 67
13 68
13 72
13 74
14 15
14 18
14 22
14 27
14 29
14 30
14 31
14 35
14 40
14 41
14 42
14 44
14 47
14 49
14 51
14 52
14 53
14 54
14 57
14 63
14 64
14 65
14 66
14 67
14 71
14 79
15 16
15 17
15 18
15 20
15 21
15 22
15 23
15 25
15 26
15 27
15 29
15 31
15 37
15 42
15 46
15 48
15 49
15 51
15 52
15 55
15 56
15 58
15 61
15 62
15 66
15 67
15 68
15 71
15 73
15 75
15 79
16 20
16 22
16 25
16 26
16 28
16 32
16 33
16 36
16 39
16 43
16 48
16 51
16 52
16 54
16 58
16 61
16 65
16 69
16 74
16 75
16 79
17 22
17 23
17 25
17 27
17 29
17 39
17 40
17 41
17 48
17 49
17 53
17 59
17 60
17 68
17 75
18 20
18 21
18 24
18 27
18 28
18 29
18 37
18 39
18 41
18 43
18 45
18 46
18 49
18 51
18 54
18 59
18 61
18 62
18 63
18 66
18 70
18 72
18 73
18 74
19 20
19 21
19 22
19 23
19 25
19 26
19 27
19 29
19 34
19 36
19 46
19 48
19 49
19 51
19 53
19 54
19 55
19 57
19 63
19 64
19 65
19 66
19 69
19 74
19 77
19 78
19 79
20 21
20 24
20 26
20 29
20 31
20 34
20 35
20 39
20 42
20 46
20 52
20 54
20 55
20 58
20 60
20 61
20 63
20 65
20 71
20 73
20 74
20 77
20 79
21 23
21 24
21 27
21 33
21 40
21 44
21 50
21 53
21 54
21 58
21 59
21 61
21 64
21 65
21 66
21 67
21 71
21 72
21 73
21 74
21 75
21 77
22 23
22 26
22 27
22 32
22 35
22 40
22 42
22 44
22 46
22 50
22 55
22 60
22 61
22 62
22 63
22 64
22 67
22 70
22 72
22 75
22 77
23 25
23 26
23 30
23 35
23 36
23 37
23 44
23 48
23 53
23 54
23 56
23 57
23 58
23 61
23 62
23 67
23 69
23 71
23 78
24 25
24 26
24 30
24 32
24 33
24 39
24 48
24 49
24 50
24 56
24 63
24 66
24 68
24 69
24 71
24 72
24 78
24 79
25 32
25 35
25 38
25 39
25 43
25 45
25 46
25 47
25 56
25 59
25 72
25 73
25 74
25 77
26 27
26 33
26 35
26 38
26 40
26 42
26 43
26 44
26 46
26 47
26 48
26 50
26 52
26 55
26 62
26 64
26 65
26 66
26 67
26 69
26 75
26 76
26 77
26 78
27 29
27 32
27 35
27 40
27 43
27 45
27 47
27 48
27 49
27 50
27 53
27 54
27 57
27 61
27 63
27 67
27 72
27 78
27 79
28 29
28 31
28 33
28 34
28 35
28 39
28 42
28 43
28 45
28 48
28 49
28 52
28 53
28 54
28 55
28 56
28 57
28 60
28 62
28 64
28 65
28 67
28 69
28 70
29 31
29 32
29 33
29 34
29 35
29 37
29 39
29 40
29 42
29 46
29 48
29 52
29 56
29 65
29 67
29 68
29 69
29 71
29 73
29 75
29 76
29 77
30 32
30 33
30 36
30 40
30 41
30 42
30 46
30 48
30 49
30 51
30 52
30 53
30 54
30 55
30 57
30 64
30 69
30 75
30 77
31 32
31 35
31 36
31 37
31 39
31 42
31 43
31 45
31 46
31 47
31 48
31 49
31 51
31 52
31 53
31 58
31 61
31 64
31 66
31 67
31 69
31 70
31 78
32 46
32 47
32 49
32 53
32 55
32 57
32 58
32 59
32 62
32 63
32 64
32 65
32 67
32 69
32 74
32 77
32 78
33 40
33 43
33 44
33 48
33 55
33 56
33 57
33 59
33 61
33 62
33 63
33 66
33 68
33 69
33 71
33 77
34 35
34 38
34 39
34 41
34 43
34 50
34 58
34 61
34 64
34 66
34 72
34 75
34 78
35 36
35 37
35 38
35 39
35 40
35 41
35 43
35 51
35 52
35 53
35 54
35 55
35 56
35 57
35 63
35 64
35 69
35 70
35 71
36 39
36 40
36 43
36 50
36 51
36 54
36 55
36 57
36 59
36 63
36 64
36 65
36 69
36 70
36 71
36 74
36 75
36 77
37 40
37 43
37 46
37 49
37 54
37 58
37 61
37 63
37 67
37 70
37 79
38 41
38 42
38 44
38 45
38 46
38 48
38 51
38 53
38 57
38 61
38 64
38 70
38 75
39 40
39 41
39 51
39 56
39 59
39 61
39 71
39 73
39 75
39 79
40 43
40 46
40 50
40 51
40 52
40 55
40 56
40 57
40 61
40 69
40 72
40 73
40 74
40 75
41 43
41 46
41 50
41 55
41 58
41 60
41 61
41 66
41 68
41 71
41 73
41 78
42 43
42 44
42 47
42 53
42 54
42 55
42 56
42 57
42 60
42 61
42 67
42 68
42 73
42 79
43 47
43 48
43 50
43 52
43 57
43 60
43 61
43 65
43 66
43 70
43 71
43 74
43 77
43 79
44 50
44 51
44 52
44 54
44 56
44 57
44 58
44 61
44 68
44 70
44 71
45 46
45 58
45 60
45 62
45 66
45 68
45 69
45 73
45 75
45 77
46 48
46 49
46 56
46 57
46 59
46 61
46 63
46 65
46 70
46 74
46 77
47 50
47 58
47 60
47 62
47 69
47 70
47 71
47 75
48 52
48 53
48 59
48 64
48 67
48 72
48 74
48 75
48 78
49 51
49 53
49 56
49 58
49 59
49 61
49 63
49 64
49 65
49 66
49 68
49 69
49 73
49 74
49 75
49 78
50 52
50 55
50 60
50 64
50 66
50 67
50 71
50 75
50 76
50 77
50 78
50 79
51 54
51 59
51 62
51 64
51 66
51 70
51 73
51 75
51 77
51 78
51 79
52 54
52 55
52 57
52 65
52 66
52 67
52 71
52 72
52 73
52 74
52 77
53 54
53 57
53 59
53 61
53 62
53 63
53 64
53 69
53 71
53 73
53 74
53 76
53 79
54 56
54 57
54 62
54 63
54 65
54 66
54 71
54 72
54 78
55 56
55 63
55 65
55 67
55 69
55 72
55 74
55 77
56 57
56 62
56 66
56 71
56 72
56 73
56 76
56 77
57 63
57 65
57 69
57 70
57 73
57 78
58 59
58 61
58 79
59 61
59 67
59 70
59 73
59 75
60 67
60 68
60 69
60 74
60 76
61 64
61 65
61 66
61 67
61 68
61 69
61 70
61 72
61 77
61 79
62 64
62 66
62 67
62 69
62 71
62 77
63 65
63 67
63 79
64 65
64 66
64 72
64 75
65 67
65 69
65 71
65 74
65 75
65 76
65 77
65 78
65 79
66 68
66 70
66 71
66 72
66 77
67 70
67 72
67 74
67 75
67 76
68 73
69 78
71 72
71 74
71 75
71 79
73 77
73 79
74 78
74 79
75 76
75 77
75 78
76 78
76 79
77 78
