30 165
7 0 3 1 5 6 1 0 4 3 0 6 0 6 7 7 3 2 1 7 2 0 7 1 2 1 5 6 5 1 
0 1
0 3
0 8
0 9
0 13
0 14
0 15
0 20
1 4
1 7
1 11
1 13
1 16
1 19
1 21
1 24
1 25
1 29
2 4
2 7
2 10
2 11
2 12
2 15
2 16
2 17
2 18
2 26
2 29
3 4
3 6
3 7
3 9
3 10
3 13
3 17
3 18
3 21
3 22
3 29
4 5
4 6
4 7
4 9
4 10
4 15
4 16
4 18
4 19
4 22
4 23
4 25
4 26
4 27
4 28
5 6
5 14
5 17
5 22
5 23
5 24
5 26
5 28
6 11
6 12
6 15
6 17
6 18
6 19
6 20
6 25
6 27
6 28
7 10
7 11
7 12
7 15
7 22
7 23
7 24
8 11
8 12
8 18
8 20
8 25
8 26
8 27
9 12
9 17
9 19
9 20
9 24
9 25
9 27
9 28
9 29
10 13
10 16
10 17
10 22
10 25
10 27
10 29
11 16
11 19
11 21
11 25
11 26
11 28
12 13
12 15
12 20
12 21
12 25
12 26
12 28
13 14
13 17
13 23
13 26
13 27
13 28
14 18
14 20
14 21
14 22
14 24
14 29
15 18
15 22
15 24
15 27
16 23
16 24
16 27
17 18
17 24
17 25
18 19
18 20
18 23
18 27
18 29
19 20
19 22
19 23
19 25
19 27
20 21
20 25
20 26
20 28
21 23
21 28
22 27
22 28
22 29
23 25
23 28
23 29
24 28
24 29
26 27
26 29
28 29
