60 165
12 12 5 5 7 2 1 8 11 15 2 7 0 11 11 15 4 1 14 14 15 4 9 6 8 15 10 3 11 14 3 4 14 4 0 5 1 3 14 5 10 0 2 12 0 0 11 15 12 7 8 10 7 14 0 8 5 1 0 2 
0 10
0 26
0 41
0 45
1 37
1 40
1 55
2 16
2 25
2 30
2 32
2 34
2 44
2 52
2 53
3 10
3 11
3 14
3 17
3 20
3 26
3 29
3 35
3 55
4 5
4 27
4 31
4 39
4 40
4 41
4 55
4 59
5 12
5 23
5 35
5 38
5 39
5 45
5 49
5 55
6 10
6 27
6 29
6 33
6 34
6 36
6 38
7 14
7 28
7 37
7 50
8 20
8 23
8 44
8 55
9 36
9 43
9 49
9 51
9 52
9 59
10 12
10 29
10 36
10 48
10 57
11 16
11 35
11 41
11 59
12 15
12 42
13 24
13 30
13 35
13 52
14 20
14 27
14 48
15 24
15 38
15 50
15 57
16 18
16 57
17 21
17 38
17 45
17 50
17 52
17 54
18 25
18 47
18 50
18 57
19 27
19 33
19 46
20 22
20 30
20 34
20 39
21 36
21 40
21 59
22 26
22 27
22 31
22 40
23 40
23 49
24 41
24 51
25 35
25 40
25 53
25 55
25 59
26 28
26 31
26 49
26 51
26 58
27 46
27 58
28 31
28 33
28 46
28 59
29 38
30 35
30 46
30 53
31 36
31 41
32 50
32 55
32 58
33 58
34 50
34 53
35 48
36 39
36 40
36 49
36 58
37 51
38 41
39 47
42 51
43 52
43 58
44 51
44 54
45 49
45 51
47 57
48 54
50 51
51 54
51 56
53 57
54 59
56 59
58 59
