30 90
7 4 1 2 1 7 2 4 6 7 1 5 0 5 2 7 0 5 6 1 5 4 5 3 2 2 0 5 3 1 
0 1
0 2
0 11
0 13
0 20
0 22
1 2
1 4
1 13
1 20
1 22
2 4
2 13
2 17
2 22
3 5
3 6
3 7
3 12
3 18
3 19
3 25
4 10
4 15
4 17
4 22
5 7
5 16
5 18
5 19
5 21
6 9
6 18
6 19
6 25
6 28
7 14
7 16
7 18
7 21
8 9
8 10
8 15
8 25
8 27
8 28
9 10
9 25
9 27
9 28
10 15
10 17
10 23
10 27
11 13
11 14
11 20
11 26
11 29
12 14
12 19
12 27
13 20
13 26
14 16
14 21
14 26
14 29
15 17
15 22
15 27
16 18
16 21
16 29
17 22
17 27
18 19
18 23
19 25
19 28
20 26
20 29
21 26
21 29
23 25
23 27
24 29
25 28
26 29
27 28
