40 82
7 3 5 6 0 7 6 0 1 7 7 2 2 4 5 5 0 3 3 1 7 2 5 1 2 1 4 5 0 0 0 6 0 7 0 0 6 0 3 4 
0 11
0 25
1 20
1 22
1 23
1 26
1 34
2 11
2 20
2 32
2 36
3 16
4 16
4 19
4 20
4 38
5 15
5 16
5 18
5 22
5 35
6 8
6 28
6 34
7 10
7 16
7 28
7 33
8 15
8 36
8 37
9 16
9 18
9 36
10 11
10 12
10 31
10 34
10 35
10 38
10 39
11 19
11 22
12 24
12 27
12 37
13 20
13 24
13 28
13 37
14 17
14 22
15 23
15 34
16 21
16 23
16 27
17 32
18 34
18 39
19 29
20 23
20 38
21 24
21 30
21 33
21 36
21 37
22 25
22 30
22 39
23 30
24 31
25 31
28 35
29 30
29 31
29 37
29 39
30 36
31 38
33 38
