60 158
15 14 5 9 14 1 6 8 11 1 6 9 13 15 2 14 5 4 1 14 10 11 5 15 12 11 11 12 2 9 4 6 12 7 8 1 0 5 4 8 12 7 7 3 0 0 10 6 1 6 5 13 5 2 8 3 11 5 3 15 
0 12
0 22
0 37
1 19
1 21
1 28
1 38
1 42
2 13
2 25
2 41
3 42
4 17
4 19
4 21
4 27
4 29
4 43
4 46
4 49
5 15
5 17
5 53
5 54
6 10
6 12
6 20
6 22
6 29
6 34
6 35
6 36
6 42
6 54
6 55
7 20
7 42
7 47
8 11
8 16
8 18
8 20
8 22
8 39
9 26
9 36
10 20
10 22
10 35
10 37
10 42
10 43
10 48
10 57
11 13
11 55
11 57
12 24
12 28
12 30
12 36
12 44
12 47
12 54
13 54
14 42
14 49
14 55
15 17
15 34
15 49
15 58
16 28
16 33
17 25
17 44
17 50
18 24
18 27
18 43
18 49
18 55
18 57
19 23
19 28
19 34
19 41
19 52
19 54
20 32
20 40
20 43
20 50
20 58
20 59
21 26
21 33
21 47
21 58
22 29
23 38
23 44
23 51
23 59
24 25
24 35
24 36
24 44
24 46
24 50
24 56
24 57
25 31
25 32
25 46
25 49
25 52
25 57
26 35
26 41
26 43
27 45
27 50
27 57
27 58
28 54
29 31
30 33
30 39
30 43
30 57
34 36
34 38
34 42
35 36
35 45
35 56
36 45
36 50
37 52
38 43
38 46
39 57
40 45
40 55
42 43
42 45
43 47
43 48
44 50
44 55
46 54
46 57
48 52
49 59
50 58
52 53
53 58
