100 947
24 2 11 25 12 8 11 22 26 3 17 7 4 5 17 8 10 16 1 21 8 10 14 7 20 12 3 22 22 23 10 13 14 6 29 16 27 5 21 9 2 9 25 4 28 25 6 20 11 18 19 9 29 31 24 7 7 13 2 8 15 14 13 25 3 10 0 15 17 8 22 20 23 19 28 11 6 26 22 14 31 14 28 10 16 22 0 26 22 16 29 4 30 20 24 18 21 1 2 29 
0 1
0 2
0 6
0 23
0 26
0 36
0 49
0 54
0 56
0 60
0 61
0 63
0 72
0 78
0 80
0 96
0 98
1 5
1 6
1 9
1 11
1 19
1 22
1 25
1 34
1 37
1 40
1 45
1 53
1 54
1 57
1 61
1 64
1 65
1 67
1 73
1 80
1 96
2 4
2 8
2 9
2 12
2 22
2 29
2 30
2 32
2 37
2 39
2 40
2 50
2 68
2 70
2 77
2 78
2 87
2 89
2 95
2 99
3 6
3 10
3 12
3 18
3 19
3 21
3 22
3 25
3 26
3 28
3 34
3 49
3 50
3 51
3 57
3 58
3 60
3 68
3 71
3 73
3 78
3 79
4 6
4 10
4 13
4 18
4 31
4 37
4 41
4 44
4 45
4 64
4 68
4 76
4 78
4 79
4 84
4 87
4 88
4 97
4 98
4 99
5 14
5 38
5 50
5 57
5 62
5 76
5 80
5 85
5 98
6 9
6 15
6 16
6 18
6 27
6 30
6 42
6 58
6 66
6 69
6 82
6 86
6 91
6 95
7 20
7 21
7 24
7 25
7 28
7 30
7 31
7 33
7 34
7 46
7 60
7 63
7 64
7 74
7 84
7 85
8 16
8 23
8 24
8 32
8 41
8 45
8 46
8 47
8 60
8 64
8 73
8 77
8 81
8 85
8 93
8 99
9 16
9 20
9 24
9 25
9 30
9 33
9 35
9 45
9 52
9 63
9 79
9 84
9 90
9 93
9 96
9 97
10 11
10 22
10 26
10 31
10 42
10 48
10 50
10 54
10 55
10 67
10 69
10 71
10 86
10 88
10 91
10 94
10 98
11 16
11 20
11 21
11 42
11 51
11 57
11 61
11 66
11 72
11 81
11 82
11 83
11 84
11 86
11 89
11 92
12 15
12 16
12 17
12 27
12 34
12 36
12 40
12 41
12 43
12 47
12 50
12 51
12 53
12 69
12 70
12 73
12 77
12 90
13 16
13 25
13 28
13 29
13 35
13 37
13 38
13 52
13 54
13 60
13 65
13 67
13 72
13 74
13 75
13 88
13 97
14 22
14 23
14 34
14 39
14 46
14 59
14 60
14 64
14 67
14 69
14 70
14 73
14 83
14 84
14 89
14 92
14 94
14 95
14 96
14 98
14 99
15 18
15 25
15 38
15 41
15 44
15 57
15 58
15 64
15 73
15 76
15 80
15 82
15 83
15 92
15 97
15 99
16 17
16 23
16 27
16 29
16 36
16 37
16 38
16 44
16 45
16 49
16 51
16 53
16 60
16 62
16 67
16 75
16 78
16 86
16 92
16 93
16 98
17 18
17 26
17 29
17 30
17 34
17 39
17 43
17 49
17 53
17 60
17 77
17 80
17 82
17 83
17 92
17 96
17 97
18 34
18 36
18 37
18 43
18 45
18 53
18 55
18 60
18 62
18 63
18 69
18 70
18 72
18 79
18 83
18 84
18 91
18 97
19 27
19 30
19 33
19 35
19 36
19 37
19 39
19 40
19 43
19 63
19 70
19 85
20 21
20 29
20 30
20 33
20 45
20 52
20 54
20 57
20 61
20 65
20 81
20 87
20 89
20 95
21 25
21 27
21 28
21 29
21 33
21 36
21 44
21 46
21 47
21 51
21 55
21 57
21 58
21 66
21 73
21 80
21 81
21 82
21 85
21 90
21 95
21 97
21 98
22 25
22 28
22 30
22 42
22 46
22 47
22 52
22 61
22 63
22 66
22 68
22 69
22 77
22 91
22 92
22 96
23 24
23 27
23 29
23 33
23 41
23 43
23 55
23 57
23 66
23 69
23 75
23 78
23 83
23 91
23 92
23 93
23 94
23 98
24 28
24 37
24 40
24 42
24 46
24 57
24 74
24 84
24 85
24 94
25 27
25 33
25 36
25 37
25 38
25 51
25 53
25 56
25 57
25 62
25 71
25 75
25 79
25 82
25 84
25 87
25 89
25 91
25 94
25 96
25 98
26 37
26 44
26 47
26 48
26 49
26 52
26 59
26 60
26 61
26 70
26 83
26 85
27 32
27 33
27 36
27 38
27 39
27 50
27 55
27 60
27 61
27 68
27 72
27 76
27 94
27 99
28 31
28 35
28 36
28 42
28 43
28 45
28 47
28 69
28 80
28 85
28 87
28 90
28 97
29 34
29 36
29 37
29 39
29 40
29 45
29 51
29 56
29 57
29 74
29 76
29 87
29 88
29 91
29 96
30 33
30 37
30 44
30 57
30 60
30 64
30 65
30 73
30 83
30 84
30 87
30 92
30 99
31 34
31 36
31 37
31 42
31 46
31 48
31 53
31 56
31 57
31 60
31 70
31 83
31 88
31 92
31 93
31 94
31 98
31 99
32 39
32 55
32 60
32 62
32 63
32 69
32 71
32 76
33 46
33 54
33 58
33 68
33 71
33 73
33 78
33 86
33 94
34 41
34 42
34 62
34 64
34 68
34 71
34 72
34 75
34 78
34 81
34 83
34 97
35 43
35 45
35 49
35 53
35 55
35 56
35 57
35 58
35 60
35 61
35 63
35 64
35 66
35 75
35 76
35 81
35 85
35 93
35 97
35 99
36 38
36 49
36 56
36 66
36 75
36 87
36 91
36 98
37 41
37 42
37 44
37 47
37 48
37 49
37 55
37 81
37 98
37 99
38 40
38 45
38 49
38 60
38 70
38 72
38 76
38 80
38 83
38 90
38 94
38 97
39 65
39 67
39 69
39 70
39 76
39 81
39 85
39 93
39 95
39 98
39 99
40 42
40 47
40 49
40 52
40 57
40 64
40 69
40 75
40 82
40 90
40 97
40 98
41 42
41 46
41 53
41 54
41 56
41 61
41 63
41 65
41 70
41 75
41 78
41 81
41 89
41 91
41 97
42 44
42 49
42 55
42 63
42 65
42 68
42 70
42 71
42 80
42 87
42 88
42 91
42 93
43 66
43 69
43 73
43 75
43 82
43 93
43 98
44 48
44 57
44 58
44 66
44 70
44 71
44 74
44 75
44 81
44 85
45 49
45 58
45 69
45 77
45 97
46 56
46 64
46 69
46 75
46 84
46 85
46 90
47 49
47 50
47 55
47 57
47 58
47 59
47 60
47 62
47 63
47 72
47 73
47 75
47 84
47 96
47 98
48 50
48 53
48 57
48 61
48 63
48 71
48 76
48 81
48 82
48 83
48 86
48 87
48 92
48 93
48 95
48 97
49 62
49 73
49 74
49 75
49 79
49 86
49 89
49 90
49 92
50 58
50 59
50 66
50 69
50 73
50 74
50 76
50 80
50 84
50 90
50 94
50 98
51 53
51 59
51 65
51 96
51 99
52 62
52 66
52 67
52 68
52 70
52 78
52 79
52 80
52 84
52 95
52 96
53 58
53 59
53 62
53 74
53 76
54 64
54 73
54 74
54 75
54 76
54 82
54 84
54 90
54 93
54 98
55 62
55 69
55 78
55 80
55 83
55 87
55 88
56 60
56 72
56 83
56 88
57 58
57 59
57 72
57 74
57 76
57 79
57 89
57 92
58 60
58 61
58 64
58 68
58 71
58 73
58 75
58 78
58 80
58 90
58 94
59 60
59 65
59 66
59 75
59 88
60 62
60 67
60 70
60 79
60 80
60 91
60 96
60 98
61 63
61 71
61 87
61 88
62 64
62 66
62 69
62 72
62 73
62 89
62 93
62 99
63 66
63 71
63 80
63 96
63 97
63 99
64 73
64 86
64 91
64 99
65 66
65 69
65 70
65 72
65 89
65 92
65 94
66 69
66 70
66 72
66 74
66 76
66 78
66 92
67 71
67 79
67 84
67 92
67 99
68 71
68 89
68 93
68 96
69 74
69 83
69 88
69 92
69 97
69 99
70 71
70 77
70 83
70 89
71 77
71 78
71 79
71 84
71 88
71 90
71 96
72 79
72 81
72 87
72 89
72 97
73 86
73 92
74 80
74 83
74 86
74 90
74 94
74 95
75 78
75 81
75 83
75 89
75 93
76 82
76 87
76 90
76 96
77 78
77 82
77 83
78 79
78 84
78 89
78 92
78 93
78 94
78 96
79 81
79 84
79 90
79 98
80 83
80 84
80 88
81 82
81 86
81 94
82 83
82 86
82 91
82 93
82 97
83 88
83 99
84 87
84 95
85 93
85 95
86 90
86 91
86 92
86 96
86 99
87 96
87 97
87 98
88 95
88 97
90 95
90 96
93 98
94 98
95 99
98 99
