60 140
0 5 2 5 1 7 12 10 9 6 4 8 4 12 14 6 11 7 13 10 9 11 13 1 8 8 5 11 10 8 2 11 15 6 0 14 10 13 10 3 9 13 7 13 4 5 6 8 12 15 9 13 7 15 7 12 10 2 10 1 
0 11
0 14
0 20
0 51
0 58
1 7
1 12
1 49
2 4
2 25
2 32
2 44
2 59
3 5
3 6
3 13
4 6
4 8
4 12
4 37
5 28
5 31
5 35
5 44
5 48
5 56
6 22
6 28
6 32
6 36
6 51
7 48
8 20
8 31
8 39
8 59
9 14
9 21
9 46
10 29
10 30
10 47
10 53
10 56
11 30
12 44
12 46
12 47
12 53
13 14
13 18
13 32
13 55
14 25
14 26
14 30
14 49
15 17
15 29
15 40
15 45
15 47
16 31
16 47
16 59
17 18
17 25
17 43
17 46
18 20
18 25
18 40
19 20
19 26
19 42
19 49
20 26
20 28
20 50
20 56
21 38
21 40
21 49
21 54
22 24
22 33
22 36
22 41
23 31
23 35
23 39
23 43
24 32
24 35
26 33
26 34
27 29
27 30
27 49
27 54
28 33
29 50
30 34
30 51
31 47
33 34
33 46
33 53
34 46
34 53
34 59
35 41
35 56
36 40
37 39
37 46
37 53
37 59
38 53
38 55
38 57
38 58
39 41
39 49
39 59
40 50
40 51
41 46
42 46
42 54
42 55
43 44
43 47
45 46
49 58
50 54
51 52
51 56
52 57
52 58
