90 212
0 11 15 4 12 1 1 11 13 1 14 6 6 9 11 1 5 0 15 6 12 13 5 8 12 13 6 14 10 9 8 9 1 10 2 7 12 6 15 5 15 15 5 0 9 4 8 12 0 12 2 1 4 13 2 6 2 9 13 15 10 13 7 7 1 12 3 0 5 8 0 7 12 3 3 15 6 6 11 1 15 7 15 3 6 12 10 12 12 1 
0 45
1 34
1 44
1 56
1 86
2 15
2 48
2 55
2 57
2 59
2 82
2 86
3 12
3 26
3 28
3 62
3 65
3 87
4 6
4 16
4 44
4 75
4 80
5 33
5 35
5 41
5 72
5 82
6 39
6 52
7 13
7 14
7 27
7 49
7 83
8 27
8 31
8 57
8 73
8 76
8 88
9 36
9 87
10 52
10 60
10 80
11 37
11 47
11 49
11 50
11 65
11 74
11 77
11 78
11 81
12 18
13 14
13 22
13 38
13 62
13 74
14 16
14 27
14 38
14 52
14 67
15 17
15 64
16 43
16 77
17 30
17 54
17 67
17 85
18 37
18 66
19 24
19 29
19 58
19 72
20 44
20 46
20 60
20 84
21 35
21 37
21 49
21 54
21 84
22 24
22 31
22 76
22 82
23 28
23 31
23 36
23 45
23 75
23 84
24 68
25 32
25 40
25 43
25 65
25 79
26 55
26 59
26 62
26 63
26 88
27 28
27 36
27 75
27 89
28 39
28 44
28 69
29 32
29 67
29 75
30 41
30 62
31 42
31 47
31 70
31 79
32 34
33 84
34 41
34 42
34 44
34 70
34 71
34 85
35 48
35 88
36 39
36 52
36 89
37 46
37 85
38 77
39 45
39 48
39 52
39 75
41 56
41 70
41 72
41 82
44 69
44 89
45 52
45 61
45 65
46 61
46 65
46 75
46 77
47 58
47 61
47 74
47 77
47 82
47 84
48 50
48 65
49 74
49 75
49 77
50 51
50 74
50 75
50 82
51 53
51 69
51 70
52 77
53 60
53 76
54 69
54 82
55 59
55 65
58 70
58 74
58 77
58 78
58 79
58 84
59 89
60 68
62 63
62 64
63 69
63 70
63 74
65 66
65 68
66 74
67 82
67 83
67 88
68 87
69 89
70 74
70 88
72 76
72 82
73 80
79 83
80 87
