70 234
2 14 6 11 5 3 11 12 8 12 6 9 15 5 8 14 14 14 14 0 8 15 13 1 13 0 13 1 15 13 7 2 2 7 5 3 10 11 13 15 14 5 14 12 13 14 7 2 0 5 15 13 13 14 10 6 10 9 0 6 12 6 14 5 0 9 0 8 8 13 
0 1
0 7
0 16
0 27
0 43
0 46
1 8
1 10
1 36
1 49
1 56
1 69
2 7
2 18
2 19
2 21
2 25
2 37
2 39
2 41
2 47
2 68
3 44
3 49
3 54
3 56
3 59
3 62
3 69
4 5
4 10
4 13
4 26
4 28
4 45
4 58
5 12
5 21
5 34
5 36
5 39
5 40
5 52
5 58
6 15
6 21
6 36
6 49
6 52
6 61
6 62
6 65
6 67
7 14
7 32
7 33
7 36
7 52
7 53
7 62
8 21
8 22
8 38
8 59
9 10
9 17
9 18
9 28
9 36
9 38
9 46
9 55
9 57
9 66
9 68
10 24
10 49
11 15
11 32
11 36
11 41
11 53
11 61
12 18
12 42
12 43
13 16
13 20
13 48
13 56
14 29
14 37
14 40
14 52
14 68
15 18
15 29
15 33
15 34
15 36
15 58
15 65
16 21
16 23
16 27
16 31
16 42
16 47
16 51
16 59
16 65
16 67
17 24
17 67
18 44
18 45
18 57
19 21
19 33
19 44
19 50
19 51
19 55
20 34
20 44
20 50
20 58
20 65
21 41
21 43
22 26
22 34
22 40
22 41
22 46
22 49
22 63
23 26
23 40
23 57
23 69
24 37
24 50
24 63
25 45
25 56
25 65
26 40
26 69
27 47
27 54
27 59
27 60
28 36
28 38
28 42
28 47
28 56
28 59
29 34
29 44
30 41
30 46
30 55
30 63
31 38
31 54
31 59
31 69
32 37
32 57
32 59
32 67
33 43
33 63
35 36
35 38
35 59
35 68
36 44
36 49
37 42
38 44
39 66
40 42
40 43
40 56
41 51
41 54
41 61
41 62
41 63
42 49
42 56
42 58
42 65
43 58
43 61
43 68
44 64
45 46
45 54
45 59
45 63
45 68
46 48
46 50
46 52
46 62
46 63
46 64
46 68
47 53
47 58
47 67
48 49
48 60
49 53
49 54
50 51
50 60
50 64
51 62
52 59
52 60
53 57
53 58
53 64
54 57
54 61
55 66
61 68
62 65
63 66
