70 123
8 13 1 4 7 15 7 2 10 8 0 10 13 1 12 13 10 12 12 10 12 13 4 4 1 2 8 5 7 3 5 1 10 11 8 15 3 14 14 0 3 15 11 11 4 10 14 2 8 14 8 14 15 14 12 4 12 11 5 5 14 4 2 10 13 10 0 5 1 3 
0 26
1 13
1 18
1 26
1 34
1 35
2 15
2 36
2 54
2 60
2 61
2 68
3 34
3 35
4 8
4 21
4 32
5 28
5 52
6 20
6 22
6 51
6 53
6 58
7 10
7 23
7 33
7 41
8 24
8 62
9 18
9 24
9 38
9 39
9 44
9 47
10 25
10 43
11 46
11 56
12 55
13 20
13 44
14 41
14 42
15 26
15 35
15 54
16 27
16 32
16 51
16 52
17 36
17 43
17 48
17 55
17 63
18 37
18 48
19 21
19 32
19 56
20 28
20 48
21 31
21 38
21 44
22 23
22 33
22 65
23 41
23 43
23 49
23 63
24 60
25 40
25 45
25 62
26 36
26 48
27 30
27 39
27 44
27 65
27 69
28 43
28 63
29 45
29 50
30 42
30 49
30 52
31 40
31 54
32 42
32 44
33 53
34 37
35 57
36 45
37 38
37 46
39 48
39 63
40 45
40 68
42 55
43 45
43 67
45 60
45 64
46 61
46 63
47 49
47 69
50 57
51 65
52 68
57 68
59 65
60 62
62 66
63 65
