70 203
15 7 4 5 15 7 15 0 15 3 8 8 9 10 11 1 14 7 7 1 15 11 4 13 3 2 13 13 6 2 7 3 13 13 12 4 15 13 8 2 9 13 0 1 7 10 12 15 6 8 15 9 9 7 1 11 4 10 1 11 0 13 1 14 13 2 1 10 8 5 
0 1
0 3
0 10
0 23
0 38
0 64
1 39
1 43
1 65
1 66
2 15
2 25
2 46
2 48
2 49
2 58
2 64
3 15
3 30
3 44
3 47
3 54
4 8
4 11
4 47
4 57
5 11
5 17
5 18
5 20
5 30
5 35
5 38
5 46
5 50
5 54
5 58
5 62
6 24
6 25
6 27
6 41
6 52
6 57
6 61
6 68
7 9
7 23
7 27
7 30
7 42
7 47
7 69
8 27
8 37
8 42
8 61
8 68
9 23
9 45
9 46
9 47
9 52
9 59
9 62
10 26
10 32
10 37
11 25
12 18
12 33
12 34
12 41
12 48
12 55
13 20
13 23
13 61
14 23
14 30
14 42
14 43
15 35
15 38
15 57
15 59
16 17
16 18
16 21
16 29
16 33
16 38
16 43
16 52
16 69
17 25
17 32
17 44
17 66
18 23
18 65
19 23
19 44
19 50
19 66
20 21
20 26
20 33
20 36
20 38
20 46
20 52
20 57
20 66
21 26
21 29
21 33
21 43
21 52
21 54
22 40
22 46
23 28
23 32
23 35
23 57
24 29
24 55
25 47
25 57
26 29
26 33
26 39
26 52
27 31
27 32
27 37
27 43
28 34
28 65
29 33
29 34
29 42
29 52
31 58
31 60
32 42
32 50
32 58
32 59
33 52
33 55
33 62
34 50
35 56
35 68
36 51
37 60
37 62
38 58
38 66
38 68
38 69
39 46
39 60
39 63
39 66
40 59
40 61
41 52
41 56
41 68
42 52
42 61
44 51
45 67
46 61
46 65
46 69
47 69
48 55
49 50
49 54
49 65
50 62
51 57
51 63
51 65
52 53
52 67
53 55
53 61
54 55
56 63
56 69
57 58
58 66
59 69
60 62
60 69
61 63
65 66
66 69
