60 114
7 13 10 1 2 4 8 14 9 5 3 9 1 13 15 4 12 6 12 7 11 15 12 0 13 12 10 8 0 7 2 3 1 9 12 7 11 5 15 7 9 9 2 8 11 4 7 6 6 0 15 14 13 5 13 3 2 15 1 5 
0 2
0 23
0 24
1 2
1 4
2 13
3 31
3 48
4 11
4 40
4 46
5 14
5 24
5 25
5 50
5 55
5 59
6 10
6 15
6 39
6 44
6 50
6 56
6 58
7 15
7 40
7 51
8 12
8 19
8 37
8 43
8 56
9 15
10 11
10 17
10 20
10 22
10 27
10 50
11 28
11 39
11 49
11 50
12 40
13 14
13 19
13 24
13 27
13 58
13 59
14 38
15 29
15 30
15 41
15 52
16 25
16 57
17 38
17 42
17 52
18 38
18 51
18 55
19 39
19 42
19 44
19 50
20 44
20 50
20 51
21 24
21 42
21 54
21 56
22 46
23 31
23 34
23 42
24 32
24 46
24 47
25 32
25 50
25 53
26 28
26 36
26 39
27 31
27 32
27 53
28 43
28 51
31 35
31 47
32 33
32 47
33 36
34 43
37 38
37 49
37 51
37 59
38 49
39 50
40 50
41 58
43 45
43 53
47 50
47 52
49 55
50 53
50 59
53 59
