100 296
6 28 22 31 9 8 6 10 16 4 31 2 31 28 31 1 7 25 30 14 25 31 19 5 8 22 8 2 26 6 20 30 5 18 25 30 26 15 12 5 6 13 30 15 13 9 6 22 22 24 31 26 12 25 20 27 28 8 30 30 20 7 26 18 7 23 22 12 23 28 31 15 13 31 11 22 17 21 8 2 7 0 9 9 31 8 24 23 7 3 22 8 2 29 0 28 13 1 7 12 
0 39
0 51
0 69
0 75
0 77
0 85
0 92
1 2
1 19
1 39
1 50
1 56
1 63
1 64
1 85
1 99
2 24
2 29
2 57
2 63
2 64
2 84
3 42
3 57
3 95
4 18
4 22
4 24
4 32
4 40
4 44
4 50
4 51
4 61
4 71
4 88
4 89
4 94
5 10
5 33
5 69
6 7
6 9
6 26
6 28
6 29
6 32
6 40
6 74
6 88
6 94
7 9
8 9
8 13
8 28
8 34
8 67
8 77
8 88
9 10
9 26
9 28
9 34
9 43
9 72
9 77
9 88
9 98
10 36
10 54
10 64
10 82
11 34
11 77
12 25
12 35
12 37
12 67
13 14
13 29
13 36
13 44
13 66
13 85
13 90
14 25
14 45
14 54
14 81
15 23
15 28
15 55
15 59
15 65
15 76
15 84
15 94
16 17
16 46
16 63
16 81
17 29
17 42
17 48
17 78
17 87
18 24
18 29
18 35
18 37
18 50
18 78
18 82
19 22
19 63
19 92
20 51
20 71
20 91
21 34
22 32
22 44
22 63
22 65
22 85
22 94
24 29
24 42
24 50
24 64
25 36
25 69
25 71
25 76
26 28
26 48
26 55
26 68
27 43
27 52
27 60
27 90
28 40
28 85
28 95
28 98
29 35
29 50
29 80
30 35
30 36
30 58
30 95
31 45
31 94
32 40
32 43
32 94
32 98
33 48
33 50
33 63
33 83
34 57
34 81
35 36
35 41
35 45
35 52
35 53
35 78
36 43
36 52
36 58
36 62
36 78
36 86
36 90
36 92
37 55
37 63
37 94
37 96
38 47
38 68
38 94
39 53
40 48
40 69
40 75
40 87
40 88
40 94
40 97
41 47
41 54
41 64
41 76
42 48
42 52
42 61
42 93
42 95
43 53
43 75
43 87
44 49
44 53
44 66
44 89
45 53
45 60
45 61
45 66
45 75
45 78
45 90
45 94
46 55
46 66
46 85
47 65
47 78
47 87
48 68
48 70
49 57
49 65
49 79
50 64
51 74
51 76
51 78
51 81
51 95
52 60
52 85
52 99
54 58
54 59
54 72
55 59
55 81
55 82
56 59
56 75
56 83
57 83
58 75
58 81
58 97
59 60
59 93
60 75
60 81
60 93
62 70
62 76
63 64
63 67
63 73
63 88
63 98
64 85
64 86
65 71
66 77
66 78
66 90
66 96
67 84
68 72
68 96
69 92
70 76
70 78
71 84
72 73
73 74
74 84
75 79
75 84
76 85
77 90
77 98
78 88
79 97
83 86
84 97
85 94
88 94
88 95
89 93
90 91
90 98
92 99
