90 267
14 4 9 2 11 6 6 9 13 5 9 15 8 15 9 4 10 1 1 8 1 2 6 2 10 15 8 5 3 6 9 8 6 4 2 14 8 0 0 15 9 1 0 15 10 0 0 0 2 9 12 0 15 3 9 11 1 9 10 11 0 12 15 4 10 1 13 13 6 12 11 3 9 2 6 3 1 6 4 14 12 9 15 14 0 15 4 1 4 10 
0 3
0 13
0 25
0 35
0 49
0 79
0 86
1 4
1 17
1 18
1 23
1 27
1 28
1 29
1 34
1 35
1 38
1 62
1 63
1 87
2 3
2 19
2 30
2 50
2 59
2 76
2 88
3 12
3 45
3 56
3 60
3 76
4 35
4 53
4 66
4 81
4 88
5 9
5 27
5 38
5 67
5 89
6 16
6 23
6 40
6 51
6 82
7 43
7 44
7 55
7 66
8 23
9 17
9 42
9 57
9 74
9 84
10 56
11 23
11 31
11 65
11 70
11 77
12 17
12 22
12 28
12 45
12 50
12 56
12 69
12 76
13 31
13 49
13 61
13 64
13 86
14 18
14 25
14 26
14 62
14 78
14 79
15 16
15 62
15 75
15 78
15 82
16 38
16 51
16 78
16 82
17 20
17 42
17 47
17 80
18 21
18 23
18 26
18 28
18 29
18 38
18 60
18 84
19 50
19 65
19 77
19 88
21 32
21 64
21 70
21 77
21 85
22 53
22 59
22 75
22 81
23 27
23 28
23 52
23 68
23 89
24 29
24 36
24 54
24 72
24 84
25 26
25 49
25 79
25 86
26 32
26 79
27 28
27 50
27 52
27 53
27 56
27 60
27 82
27 87
28 61
28 62
28 87
29 33
29 41
29 54
30 36
30 54
30 73
30 74
30 84
31 49
31 61
31 83
32 64
32 71
32 77
32 85
32 89
33 37
33 41
33 48
33 54
33 72
34 35
34 72
35 43
35 46
35 59
35 71
36 54
36 73
36 76
37 39
37 46
37 48
37 58
38 75
39 40
39 41
39 46
39 51
39 58
40 46
40 51
40 58
40 82
41 58
41 76
42 57
42 68
42 73
42 74
43 55
43 64
43 67
43 85
43 89
44 48
44 55
44 66
44 67
44 81
45 56
45 60
45 81
45 87
46 51
46 58
47 61
47 63
47 68
47 83
48 58
48 72
49 79
49 86
50 65
50 67
50 88
52 56
52 59
52 60
52 63
52 71
52 87
53 69
53 75
53 78
54 72
55 59
55 67
55 89
56 65
57 63
57 68
57 74
59 66
60 87
61 63
61 83
62 67
62 79
62 86
64 67
64 85
64 89
65 70
65 88
66 78
66 81
67 80
67 89
68 83
69 73
70 77
70 88
71 84
73 74
73 76
73 84
74 84
75 81
76 88
78 82
80 87
81 87
