35 217
7 1 6 6 3 3 7 5 7 6 5 5 6 2 0 6 0 4 0 0 1 0 5 7 3 2 5 0 7 0 7 6 5 3 0 
0 3
0 4
0 5
0 7
0 8
0 9
0 11
0 12
0 13
0 14
0 16
0 17
0 19
0 26
0 27
0 32
1 4
1 5
1 12
1 15
1 16
1 19
1 21
1 22
1 23
1 24
1 31
1 32
1 34
2 4
2 8
2 9
2 15
2 17
2 18
2 19
2 21
2 22
2 26
2 27
2 28
2 32
3 5
3 6
3 9
3 13
3 15
3 18
3 19
3 22
3 23
3 26
4 5
4 7
4 9
4 11
4 14
4 18
4 21
4 24
4 25
4 26
4 27
4 28
4 29
4 33
4 34
5 16
5 24
5 28
5 30
5 33
6 9
6 10
6 12
6 13
6 14
6 15
6 17
6 20
6 23
6 28
6 29
6 31
7 11
7 17
7 19
7 22
7 23
7 26
8 9
8 11
8 14
8 17
8 18
8 19
8 20
8 25
8 27
8 30
8 31
8 32
8 33
8 34
9 12
9 13
9 14
9 18
9 21
9 24
9 29
9 32
9 34
10 11
10 12
10 14
10 16
10 28
10 31
10 34
11 19
11 22
11 29
11 30
11 31
11 32
11 33
12 14
12 16
12 17
12 20
12 21
12 24
12 26
12 32
13 16
13 18
13 19
13 30
13 32
13 33
14 17
14 18
14 23
14 32
15 17
15 22
15 23
15 28
15 30
16 17
16 20
16 22
16 27
16 29
16 30
16 31
16 32
16 33
16 34
17 18
17 22
17 24
17 26
17 29
18 19
18 21
18 26
18 27
19 23
19 26
19 28
19 30
19 32
19 33
19 34
20 25
20 27
20 29
20 32
20 33
20 34
21 22
21 23
21 27
21 29
21 33
21 34
22 23
22 24
22 28
22 29
22 30
22 31
22 34
23 26
23 27
23 28
24 25
24 29
25 28
25 29
25 34
26 30
26 32
26 33
27 29
27 31
27 34
28 29
28 33
28 34
29 30
29 34
30 31
30 33
32 33
