100 434
17 19 5 6 3 22 4 9 15 28 1 26 4 0 2 29 2 23 10 29 1 26 5 23 13 22 7 19 22 20 22 11 6 27 4 21 27 11 16 0 6 8 30 8 14 4 29 20 0 11 10 29 0 21 14 31 21 0 23 12 11 4 9 4 11 4 12 19 27 10 6 18 9 14 31 21 27 2 9 22 26 18 27 9 19 20 4 1 0 25 6 29 13 14 28 10 28 0 4 18 
0 9
0 11
0 39
0 50
0 86
0 93
1 9
1 19
1 22
1 50
1 63
1 64
1 82
1 93
2 13
2 45
2 50
2 67
2 82
2 93
2 99
3 30
3 36
3 59
3 63
3 67
3 93
4 7
4 52
4 62
4 73
4 80
4 81
4 87
4 89
4 96
5 11
5 42
5 61
5 77
5 93
5 99
6 7
6 25
6 34
6 42
6 58
6 59
6 83
6 94
7 21
7 57
7 62
7 71
7 88
7 96
8 21
8 24
8 30
8 41
8 62
8 67
8 70
8 74
8 83
9 11
9 16
9 22
9 31
9 55
9 75
9 90
9 94
10 16
10 21
10 47
10 56
10 61
10 75
10 81
10 88
10 97
11 15
11 26
11 30
11 31
11 41
11 51
12 15
12 24
12 43
12 66
12 80
12 91
13 14
13 25
13 42
13 48
13 51
13 76
13 86
13 87
14 23
14 27
14 38
14 40
14 63
14 74
14 78
14 79
15 16
15 17
15 18
15 21
15 28
15 35
15 45
15 54
15 64
15 70
15 75
15 96
16 17
16 18
16 29
16 35
16 40
16 43
16 45
16 47
16 64
16 70
16 90
17 18
17 25
17 28
17 29
17 32
17 35
17 40
17 45
17 48
17 51
17 64
17 79
17 97
18 29
18 35
18 40
18 41
18 45
18 60
18 64
18 80
18 92
19 31
19 32
19 33
19 36
19 58
19 59
19 65
20 29
20 34
20 41
20 52
20 53
20 57
20 62
20 81
20 85
21 24
21 30
21 38
21 43
21 72
21 78
21 83
21 84
21 87
21 95
21 97
22 50
22 54
22 61
22 66
22 72
22 73
22 97
23 28
23 34
23 37
23 38
23 39
23 43
23 47
23 59
23 85
23 92
23 95
24 33
24 36
24 49
24 54
24 66
24 81
25 26
25 31
25 40
25 71
25 86
26 31
26 36
26 43
26 57
26 83
26 94
27 31
27 60
27 61
27 62
27 63
27 65
27 68
27 69
27 70
27 71
27 81
27 82
27 91
27 92
28 56
28 61
28 72
28 76
28 81
28 91
29 35
29 40
29 45
29 64
29 75
30 41
30 65
30 78
30 83
30 89
30 96
31 39
31 42
31 44
31 46
31 55
31 82
31 83
32 37
32 39
32 76
32 77
33 49
33 53
33 59
34 41
34 56
34 57
34 58
34 73
34 96
35 45
35 64
35 70
35 80
36 66
36 75
36 91
36 95
37 56
37 70
37 78
37 83
38 53
38 60
38 68
38 73
38 96
39 53
39 54
39 80
39 84
39 98
40 46
40 64
40 70
41 43
41 44
41 57
41 81
41 86
42 44
42 58
42 59
42 71
42 73
42 77
42 93
42 95
43 52
43 53
43 57
43 60
43 61
43 63
43 72
43 96
44 52
44 58
44 65
44 88
44 97
45 59
45 61
45 64
45 70
45 82
46 62
46 65
46 78
46 81
46 87
46 88
46 90
46 91
46 98
46 99
47 56
47 59
47 66
47 82
47 95
48 55
48 84
49 55
49 67
49 69
49 80
49 81
49 98
50 52
50 71
50 84
51 86
51 94
52 75
52 83
52 90
52 94
52 98
52 99
53 69
53 80
54 60
54 90
55 63
55 76
55 99
56 67
56 79
56 81
56 83
56 88
57 65
57 67
57 74
57 80
58 63
58 67
58 69
58 90
58 95
58 99
59 98
60 61
60 93
60 98
61 83
61 87
62 82
62 90
62 99
63 96
64 70
64 84
64 85
65 78
65 80
66 76
66 81
66 88
66 96
67 93
67 97
68 71
68 97
68 99
69 75
69 94
69 95
71 84
71 95
72 79
73 88
74 81
76 78
76 80
77 82
77 95
77 97
77 99
79 89
80 86
80 91
80 92
82 88
82 89
82 90
84 92
84 97
84 99
85 90
85 99
89 90
90 99
91 92
91 96
