40 92
2 6 5 1 0 1 2 2 0 7 0 1 7 7 4 6 7 7 2 7 5 1 6 5 2 3 5 2 5 5 5 3 3 5 2 2 0 5 2 0 
0 2
0 16
0 33
0 39
1 9
1 25
1 26
1 35
2 15
3 5
3 9
3 27
3 31
4 16
4 22
4 38
5 19
5 34
5 38
6 9
6 14
6 17
6 25
6 31
6 35
7 9
7 26
7 35
7 36
7 39
8 16
8 18
8 27
8 33
8 39
9 14
9 20
9 23
9 26
9 34
9 35
9 36
10 33
11 14
11 19
11 22
11 25
11 26
12 13
12 28
13 29
14 20
14 23
14 36
15 17
15 32
15 34
16 18
16 21
17 18
17 27
17 37
18 24
18 33
19 21
19 23
19 24
19 25
20 22
20 34
21 26
21 35
21 36
21 38
22 24
23 34
24 30
24 31
24 34
24 36
25 28
25 33
25 36
26 36
27 31
28 29
30 37
30 39
31 35
32 33
32 35
32 39
