90 1452
2 8 4 8 3 2 5 5 0 13 6 9 3 14 11 10 13 7 1 15 8 14 14 8 10 12 15 5 8 0 8 13 13 13 9 0 6 5 7 15 6 1 6 5 1 8 6 11 15 12 9 1 9 12 12 10 4 5 5 10 14 7 13 8 1 12 4 10 11 11 0 14 9 3 4 2 3 4 15 14 11 13 10 2 3 13 15 13 6 15 
0 3
0 8
0 12
0 14
0 18
0 26
0 31
0 39
0 41
0 43
0 44
0 47
0 49
0 50
0 56
0 57
0 61
0 66
0 69
0 70
0 74
0 75
0 76
0 81
0 84
0 87
1 5
1 6
1 7
1 9
1 10
1 13
1 19
1 21
1 22
1 24
1 25
1 26
1 27
1 28
1 30
1 31
1 32
1 36
1 37
1 38
1 41
1 42
1 48
1 50
1 51
1 54
1 55
1 58
1 62
1 63
1 67
1 70
1 72
1 73
1 77
1 78
1 79
1 82
1 83
1 84
1 89
2 3
2 6
2 11
2 12
2 13
2 15
2 18
2 23
2 28
2 29
2 30
2 37
2 39
2 40
2 47
2 49
2 50
2 55
2 59
2 61
2 65
2 67
2 75
2 78
2 79
2 80
2 82
2 83
2 86
2 87
2 88
3 11
3 12
3 13
3 20
3 21
3 22
3 24
3 25
3 26
3 27
3 29
3 31
3 32
3 37
3 42
3 43
3 44
3 45
3 47
3 52
3 55
3 57
3 62
3 68
3 70
3 73
3 78
3 83
3 85
3 86
3 88
4 5
4 8
4 9
4 16
4 17
4 20
4 24
4 26
4 29
4 30
4 32
4 36
4 42
4 47
4 49
4 50
4 57
4 59
4 63
4 67
4 74
4 75
4 78
4 81
4 85
4 87
4 88
5 9
5 13
5 15
5 19
5 23
5 24
5 25
5 27
5 28
5 30
5 34
5 37
5 38
5 39
5 40
5 41
5 48
5 49
5 51
5 53
5 55
5 57
5 58
5 61
5 66
5 67
5 68
5 73
5 74
5 75
5 76
5 77
5 79
5 80
5 81
5 83
5 84
5 89
6 10
6 11
6 15
6 16
6 25
6 31
6 32
6 33
6 34
6 35
6 36
6 37
6 38
6 42
6 44
6 45
6 46
6 47
6 52
6 53
6 55
6 56
6 59
6 63
6 68
6 71
6 73
6 74
6 75
6 78
6 82
6 83
6 84
6 86
6 89
7 13
7 21
7 25
7 27
7 29
7 30
7 32
7 33
7 34
7 37
7 38
7 42
7 44
7 46
7 48
7 52
7 54
7 58
7 60
7 62
7 65
7 69
7 70
7 73
7 75
7 77
7 81
7 82
7 85
7 87
7 88
8 11
8 20
8 21
8 27
8 30
8 31
8 32
8 33
8 34
8 43
8 46
8 52
8 53
8 55
8 56
8 59
8 60
8 63
8 68
8 73
8 75
8 76
8 77
8 79
8 83
8 84
8 85
8 86
8 88
8 89
9 10
9 12
9 14
9 15
9 19
9 20
9 21
9 22
9 24
9 25
9 31
9 32
9 33
9 35
9 37
9 38
9 39
9 41
9 42
9 43
9 44
9 45
9 47
9 54
9 56
9 57
9 59
9 63
9 64
9 65
9 69
9 71
9 72
9 74
9 75
9 77
9 78
9 80
9 81
9 82
9 84
10 18
10 20
10 28
10 30
10 33
10 34
10 39
10 42
10 44
10 46
10 48
10 50
10 51
10 54
10 56
10 57
10 59
10 60
10 64
10 65
10 69
10 73
10 76
10 77
11 12
11 13
11 14
11 18
11 19
11 20
11 26
11 28
11 30
11 31
11 33
11 35
11 37
11 45
11 46
11 54
11 58
11 61
11 62
11 64
11 66
11 69
11 71
11 75
11 79
11 81
11 89
12 13
12 19
12 20
12 24
12 29
12 32
12 38
12 49
12 50
12 54
12 64
12 68
12 70
12 76
12 79
12 80
12 83
12 84
12 85
12 86
12 87
13 14
13 17
13 24
13 25
13 26
13 30
13 36
13 39
13 42
13 45
13 47
13 50
13 52
13 62
13 63
13 65
13 68
13 77
13 81
13 82
13 89
14 16
14 17
14 18
14 23
14 24
14 31
14 32
14 33
14 35
14 36
14 38
14 40
14 42
14 50
14 55
14 56
14 57
14 59
14 60
14 62
14 65
14 66
14 67
14 70
14 71
14 73
14 76
14 78
14 79
14 80
14 81
14 83
14 85
14 86
14 87
14 88
15 24
15 25
15 26
15 28
15 29
15 30
15 32
15 33
15 36
15 44
15 51
15 54
15 55
15 58
15 59
15 61
15 63
15 65
15 67
15 69
15 70
15 71
15 75
15 77
15 78
15 79
15 84
15 88
16 20
16 23
16 24
16 27
16 28
16 30
16 31
16 33
16 34
16 44
16 45
16 47
16 50
16 51
16 52
16 56
16 57
16 58
16 59
16 61
16 62
16 66
16 72
16 76
16 77
16 80
16 81
16 82
16 83
16 85
16 87
16 88
17 20
17 23
17 38
17 41
17 48
17 52
17 53
17 62
17 66
17 67
17 72
17 74
17 76
17 77
17 79
17 82
17 89
18 23
18 30
18 35
18 36
18 37
18 40
18 41
18 43
18 44
18 47
18 50
18 53
18 55
18 59
18 64
18 65
18 76
18 78
18 80
18 83
18 84
18 88
18 89
19 22
19 24
19 25
19 26
19 27
19 28
19 29
19 31
19 32
19 35
19 36
19 37
19 46
19 47
19 48
19 53
19 55
19 56
19 59
19 61
19 64
19 65
19 66
19 71
19 75
19 79
19 81
19 83
19 86
19 87
19 88
20 27
20 31
20 35
20 42
20 43
20 44
20 46
20 49
20 52
20 54
20 56
20 57
20 59
20 62
20 64
20 65
20 67
20 68
20 70
20 71
20 84
20 88
21 23
21 26
21 27
21 28
21 32
21 33
21 35
21 37
21 40
21 41
21 42
21 50
21 53
21 55
21 60
21 62
21 64
21 66
21 68
21 72
21 74
21 80
21 81
21 83
21 89
22 26
22 32
22 33
22 35
22 37
22 38
22 39
22 40
22 45
22 46
22 47
22 49
22 51
22 52
22 54
22 56
22 57
22 58
22 71
22 72
22 74
22 76
22 80
22 81
22 84
22 85
22 86
22 89
23 27
23 28
23 32
23 34
23 35
23 37
23 38
23 41
23 45
23 46
23 47
23 49
23 50
23 53
23 54
23 55
23 57
23 58
23 60
23 61
23 63
23 66
23 74
23 75
23 79
23 80
23 81
23 82
23 84
23 86
24 27
24 29
24 31
24 36
24 39
24 40
24 45
24 46
24 48
24 49
24 50
24 51
24 53
24 61
24 64
24 65
24 67
24 68
24 72
24 75
24 76
24 78
24 81
24 87
24 88
25 26
25 27
25 28
25 32
25 35
25 36
25 37
25 38
25 46
25 52
25 56
25 60
25 61
25 64
25 68
25 75
25 76
25 80
25 81
25 87
25 88
26 28
26 29
26 32
26 35
26 37
26 39
26 41
26 43
26 48
26 49
26 52
26 56
26 58
26 61
26 64
26 65
26 67
26 70
26 71
26 72
26 75
26 77
26 78
26 79
26 81
26 82
26 85
26 87
26 89
27 29
27 31
27 33
27 35
27 36
27 37
27 38
27 39
27 41
27 42
27 45
27 48
27 51
27 55
27 57
27 60
27 67
27 70
27 71
27 72
27 75
27 77
27 78
27 80
27 81
27 83
27 85
27 86
27 88
27 89
28 31
28 32
28 34
28 35
28 40
28 45
28 47
28 63
28 65
28 66
28 67
28 68
28 70
28 74
28 76
28 77
28 78
28 80
28 81
28 87
28 89
29 31
29 32
29 36
29 38
29 39
29 40
29 41
29 46
29 52
29 54
29 62
29 68
29 69
29 70
29 75
29 77
29 80
29 88
30 36
30 37
30 41
30 46
30 47
30 48
30 51
30 52
30 53
30 57
30 58
30 59
30 61
30 65
30 67
30 69
30 72
30 74
30 77
30 82
30 83
30 85
30 86
30 87
31 34
31 36
31 37
31 41
31 45
31 49
31 51
31 65
31 66
31 68
31 72
31 73
31 74
31 77
31 80
31 81
31 82
31 86
32 38
32 39
32 46
32 47
32 50
32 59
32 62
32 63
32 65
32 66
32 69
32 73
32 75
32 80
32 81
32 85
32 89
33 35
33 36
33 38
33 39
33 40
33 42
33 46
33 51
33 53
33 54
33 55
33 56
33 57
33 59
33 66
33 67
33 69
33 70
33 72
33 73
33 74
33 79
33 80
33 87
34 36
34 39
34 40
34 44
34 46
34 47
34 48
34 51
34 54
34 57
34 59
34 62
34 66
34 71
34 74
34 79
34 82
34 83
34 84
34 86
35 36
35 37
35 38
35 41
35 43
35 45
35 47
35 50
35 51
35 55
35 58
35 61
35 64
35 65
35 69
35 76
35 81
35 84
35 85
35 89
36 38
36 40
36 45
36 47
36 50
36 53
36 55
36 57
36 60
36 66
36 68
36 70
36 74
36 76
36 78
36 81
36 85
37 38
37 40
37 41
37 43
37 44
37 47
37 55
37 62
37 63
37 65
37 66
37 77
37 78
37 80
37 82
37 86
37 87
38 45
38 53
38 54
38 58
38 59
38 60
38 65
38 69
38 70
38 73
38 78
38 82
38 83
38 85
38 87
38 89
39 41
39 42
39 43
39 47
39 51
39 52
39 55
39 56
39 58
39 59
39 67
39 68
39 71
39 72
39 75
39 76
39 83
39 87
39 89
40 44
40 47
40 48
40 50
40 57
40 58
40 60
40 62
40 63
40 64
40 65
40 66
40 67
40 68
40 69
40 71
40 73
40 79
40 80
40 85
40 86
41 43
41 47
41 48
41 51
41 52
41 55
41 57
41 64
41 65
41 82
41 84
41 85
41 87
41 88
41 89
42 43
42 44
42 45
42 46
42 48
42 50
42 54
42 62
42 65
42 66
42 70
42 77
42 86
43 45
43 51
43 54
43 59
43 60
43 62
43 63
43 65
43 67
43 69
43 71
43 75
43 76
43 85
43 88
44 46
44 48
44 51
44 53
44 58
44 59
44 62
44 63
44 64
44 67
44 74
44 75
44 77
44 78
44 83
44 86
44 88
45 46
45 48
45 51
45 54
45 56
45 59
45 60
45 70
45 71
45 74
45 80
45 83
45 84
46 49
46 55
46 65
46 73
46 75
46 78
46 79
46 80
46 83
46 87
47 48
47 51
47 52
47 53
47 55
47 56
47 57
47 60
47 74
47 77
47 79
47 81
47 88
48 56
48 61
48 63
48 69
48 70
48 71
48 76
48 83
48 87
49 50
49 53
49 55
49 57
49 58
49 59
49 60
49 61
49 62
49 63
49 66
49 67
49 75
49 86
49 88
50 51
50 52
50 56
50 58
50 61
50 66
50 70
50 71
50 73
50 75
50 78
50 80
50 81
50 83
50 86
50 89
51 54
51 55
51 59
51 60
51 61
51 73
51 74
51 79
51 80
51 81
51 82
51 83
51 87
51 88
51 89
52 54
52 57
52 59
52 60
52 61
52 62
52 65
52 69
52 73
52 74
52 76
52 81
52 83
52 89
53 54
53 55
53 56
53 57
53 59
53 63
53 64
53 65
53 66
53 68
53 72
53 74
53 75
53 76
53 79
53 86
54 55
54 58
54 59
54 61
54 64
54 67
54 68
54 71
54 72
54 77
54 81
54 89
55 59
55 60
55 62
55 64
55 65
55 72
55 76
55 83
55 84
55 85
55 86
56 59
56 60
56 61
56 62
56 67
56 68
56 69
56 72
56 74
56 76
56 79
56 80
56 83
56 84
56 85
56 87
57 59
57 71
57 73
57 74
57 79
57 87
57 88
57 89
58 68
58 72
58 73
58 79
58 82
58 85
59 68
59 69
59 72
59 74
59 76
59 78
59 89
60 67
60 68
60 73
60 75
60 77
60 78
60 79
60 80
60 83
60 84
60 88
61 66
61 68
61 76
61 77
61 80
61 81
61 87
62 67
62 71
62 75
62 77
62 78
62 82
62 87
63 68
63 70
63 71
63 73
63 78
63 81
63 82
63 85
63 86
63 88
63 89
64 65
64 70
64 72
64 73
64 75
64 78
64 80
64 84
64 85
64 87
65 66
65 67
65 68
65 70
65 71
65 78
65 81
65 82
65 83
65 84
65 85
65 86
65 87
66 70
66 74
66 76
66 77
66 81
66 84
66 87
66 89
67 68
67 72
67 75
67 77
67 82
67 88
67 89
68 73
68 77
68 79
68 80
68 83
68 85
69 70
69 72
69 74
69 77
69 79
69 85
69 87
69 88
70 76
70 77
70 83
70 85
70 86
70 88
71 72
71 75
71 76
71 79
71 80
71 84
71 85
71 87
71 89
72 75
72 78
72 79
72 80
72 82
72 84
72 86
72 89
73 74
73 75
73 78
73 80
73 86
73 88
74 75
74 79
74 80
74 82
74 84
74 85
75 81
75 82
75 86
75 87
76 80
76 87
76 89
77 78
77 81
77 83
77 85
78 81
78 85
79 80
79 82
79 86
79 87
79 89
80 83
80 84
80 85
81 83
81 84
81 85
82 87
82 89
83 85
83 89
84 85
84 89
85 87
85 89
86 87
86 88
88 89
