90 1453
2 5 0 13 12 3 13 5 10 5 8 7 11 11 6 1 8 14 9 4 15 6 2 12 4 6 14 6 15 15 3 11 7 8 14 13 0 1 15 15 10 3 13 13 14 10 4 13 5 8 9 5 4 6 13 8 0 6 9 8 10 6 0 5 5 14 8 10 13 6 9 13 15 13 11 2 4 3 8 4 3 8 1 12 11 12 1 12 10 14 
0 3
0 5
0 6
0 7
0 8
0 14
0 15
0 17
0 18
0 20
0 22
0 23
0 24
0 26
0 28
0 29
0 35
0 38
0 40
0 46
0 47
0 49
0 50
0 56
0 62
0 63
0 64
0 66
0 67
0 68
0 70
0 75
0 77
0 83
0 85
0 86
0 88
1 2
1 4
1 7
1 8
1 12
1 18
1 20
1 21
1 22
1 28
1 32
1 33
1 34
1 50
1 54
1 65
1 66
1 70
1 73
1 77
1 83
1 86
1 88
2 3
2 10
2 12
2 15
2 18
2 20
2 31
2 32
2 34
2 37
2 38
2 41
2 43
2 44
2 45
2 48
2 50
2 53
2 54
2 55
2 63
2 64
2 66
2 71
2 72
2 74
2 78
2 80
2 81
2 82
2 84
2 85
2 87
3 4
3 5
3 8
3 10
3 13
3 15
3 16
3 22
3 24
3 25
3 26
3 27
3 28
3 30
3 31
3 32
3 33
3 34
3 35
3 38
3 39
3 42
3 44
3 47
3 48
3 49
3 51
3 52
3 60
3 63
3 67
3 70
3 71
3 74
3 76
3 78
3 80
3 84
3 85
3 86
3 87
3 88
4 7
4 8
4 10
4 15
4 19
4 23
4 25
4 26
4 27
4 30
4 32
4 33
4 34
4 37
4 40
4 43
4 45
4 50
4 52
4 56
4 58
4 60
4 63
4 66
4 70
4 71
4 72
4 78
4 81
5 6
5 9
5 11
5 12
5 16
5 18
5 19
5 20
5 22
5 24
5 27
5 31
5 35
5 39
5 40
5 43
5 51
5 53
5 54
5 56
5 57
5 60
5 62
5 67
5 73
5 78
5 83
6 7
6 12
6 14
6 15
6 20
6 26
6 28
6 29
6 30
6 32
6 37
6 38
6 41
6 46
6 47
6 48
6 51
6 54
6 55
6 61
6 65
6 67
6 68
6 71
6 73
6 74
6 75
6 76
6 79
6 81
6 84
6 85
6 87
6 88
7 14
7 17
7 27
7 32
7 33
7 35
7 36
7 44
7 48
7 52
7 54
7 56
7 57
7 58
7 61
7 68
7 69
7 71
7 77
7 84
7 85
7 86
7 87
7 88
7 89
8 16
8 20
8 22
8 26
8 35
8 36
8 37
8 39
8 40
8 45
8 46
8 52
8 53
8 55
8 56
8 57
8 60
8 61
8 64
8 65
8 67
8 71
8 80
8 81
8 84
8 85
8 86
8 87
9 17
9 19
9 22
9 23
9 27
9 37
9 38
9 45
9 46
9 47
9 48
9 50
9 51
9 54
9 55
9 57
9 62
9 65
9 69
9 71
9 74
9 80
9 81
9 82
9 85
9 87
10 13
10 14
10 17
10 24
10 26
10 27
10 32
10 34
10 36
10 37
10 42
10 49
10 50
10 53
10 55
10 59
10 60
10 63
10 64
10 66
10 67
10 69
10 73
10 76
10 80
10 81
10 89
11 19
11 23
11 24
11 32
11 40
11 41
11 49
11 52
11 61
11 65
11 66
11 68
11 69
11 70
11 72
11 74
11 78
11 79
11 81
11 88
11 89
12 14
12 16
12 17
12 18
12 19
12 28
12 29
12 30
12 31
12 32
12 35
12 37
12 39
12 40
12 45
12 48
12 49
12 50
12 53
12 54
12 55
12 58
12 59
12 66
12 67
12 70
12 72
12 74
12 76
12 77
12 81
12 83
13 14
13 15
13 17
13 18
13 21
13 22
13 24
13 26
13 30
13 34
13 35
13 37
13 41
13 42
13 44
13 46
13 48
13 49
13 54
13 55
13 56
13 65
13 66
13 70
13 71
13 73
13 74
13 76
13 77
13 80
13 81
13 82
13 85
14 19
14 25
14 27
14 34
14 35
14 38
14 39
14 43
14 45
14 49
14 50
14 56
14 58
14 62
14 64
14 65
14 66
14 67
14 69
14 71
14 77
14 78
14 81
14 83
14 85
14 86
14 87
15 19
15 20
15 21
15 23
15 25
15 30
15 36
15 38
15 39
15 44
15 45
15 47
15 49
15 50
15 54
15 67
15 70
15 77
15 78
15 80
15 82
15 85
15 86
15 87
16 21
16 23
16 26
16 29
16 33
16 35
16 36
16 39
16 43
16 48
16 49
16 54
16 55
16 57
16 62
16 63
16 64
16 66
16 72
16 77
16 81
16 83
16 86
16 88
16 89
17 21
17 25
17 31
17 32
17 37
17 39
17 40
17 43
17 44
17 45
17 52
17 53
17 57
17 62
17 63
17 65
17 66
17 69
17 74
17 76
17 77
17 80
17 83
17 85
18 19
18 21
18 25
18 26
18 27
18 29
18 30
18 33
18 35
18 36
18 37
18 39
18 44
18 46
18 47
18 53
18 66
18 67
18 72
18 73
18 74
18 75
18 76
18 77
18 79
18 82
18 83
18 89
19 23
19 24
19 27
19 36
19 38
19 39
19 41
19 42
19 43
19 46
19 49
19 52
19 53
19 54
19 55
19 57
19 58
19 64
19 68
19 69
19 76
19 78
19 81
19 82
19 87
19 89
20 26
20 28
20 33
20 34
20 35
20 36
20 38
20 39
20 40
20 44
20 48
20 50
20 52
20 54
20 55
20 56
20 59
20 63
20 65
20 70
20 72
20 75
20 76
20 83
20 85
20 87
20 88
20 89
21 22
21 26
21 29
21 31
21 34
21 40
21 44
21 46
21 47
21 48
21 49
21 51
21 53
21 54
21 55
21 56
21 58
21 65
21 67
21 68
21 69
21 71
21 74
21 77
21 79
21 82
21 84
21 86
21 87
22 23
22 24
22 28
22 32
22 33
22 37
22 38
22 40
22 41
22 45
22 48
22 51
22 52
22 55
22 58
22 65
22 66
22 67
22 69
22 72
22 77
22 79
22 80
22 83
22 85
22 89
23 24
23 29
23 31
23 32
23 38
23 41
23 44
23 45
23 47
23 51
23 53
23 60
23 62
23 64
23 65
23 66
23 67
23 70
23 71
23 76
23 79
23 81
23 82
23 83
23 86
23 87
24 31
24 34
24 37
24 42
24 44
24 49
24 51
24 53
24 54
24 55
24 58
24 60
24 61
24 64
24 65
24 66
24 69
24 71
24 75
24 76
24 77
24 79
24 80
24 84
24 86
24 88
25 27
25 28
25 33
25 37
25 41
25 51
25 52
25 55
25 58
25 60
25 61
25 64
25 69
25 71
25 76
25 77
25 78
25 81
25 82
25 84
25 86
25 87
26 28
26 34
26 38
26 41
26 49
26 50
26 51
26 54
26 58
26 63
26 64
26 65
26 68
26 69
26 70
26 72
26 74
26 78
26 80
26 81
26 87
27 28
27 29
27 33
27 36
27 43
27 44
27 52
27 59
27 63
27 64
27 68
27 71
27 74
27 78
27 79
27 86
27 87
27 89
28 31
28 34
28 35
28 37
28 40
28 41
28 43
28 45
28 46
28 49
28 56
28 58
28 60
28 61
28 63
28 67
28 70
28 71
28 72
28 75
28 76
28 89
29 30
29 34
29 36
29 38
29 42
29 45
29 46
29 48
29 57
29 58
29 59
29 61
29 62
29 64
29 65
29 66
29 70
29 74
29 77
29 81
29 83
29 86
29 87
30 32
30 35
30 36
30 38
30 41
30 46
30 47
30 49
30 50
30 54
30 56
30 59
30 61
30 65
30 67
30 75
30 78
30 80
30 81
30 83
30 89
31 34
31 35
31 37
31 38
31 43
31 45
31 46
31 48
31 51
31 52
31 53
31 55
31 57
31 58
31 59
31 61
31 64
31 65
31 66
31 73
31 75
31 76
31 82
31 89
32 33
32 34
32 35
32 36
32 39
32 43
32 48
32 53
32 54
32 56
32 60
32 61
32 64
32 66
32 69
32 71
32 72
32 74
32 77
32 81
32 84
32 85
32 87
32 88
33 34
33 35
33 36
33 37
33 38
33 39
33 40
33 42
33 44
33 45
33 47
33 48
33 52
33 53
33 55
33 64
33 65
33 67
33 68
33 69
33 70
33 72
33 77
33 80
33 85
33 88
33 89
34 35
34 37
34 38
34 41
34 48
34 51
34 54
34 59
34 70
34 71
34 72
34 76
34 80
34 81
34 83
35 38
35 44
35 54
35 55
35 56
35 59
35 60
35 61
35 62
35 64
35 66
35 68
35 69
35 72
35 74
35 77
35 79
35 81
35 84
35 85
35 87
36 41
36 49
36 52
36 53
36 54
36 55
36 56
36 57
36 59
36 69
36 71
36 74
36 75
36 78
36 79
36 84
36 87
37 42
37 45
37 47
37 57
37 58
37 60
37 63
37 65
37 67
37 69
37 71
37 72
37 73
37 77
37 86
37 88
38 42
38 43
38 45
38 48
38 49
38 50
38 53
38 55
38 56
38 57
38 60
38 65
38 67
38 76
38 79
38 85
38 87
39 46
39 48
39 52
39 53
39 54
39 55
39 59
39 60
39 64
39 67
39 68
39 70
39 74
39 77
39 82
39 86
39 87
40 46
40 47
40 52
40 55
40 57
40 61
40 63
40 67
40 68
40 70
40 71
40 72
40 74
40 76
40 78
40 81
40 83
40 86
40 87
40 88
41 45
41 47
41 49
41 53
41 55
41 60
41 62
41 63
41 67
41 69
41 72
41 73
41 74
41 75
41 76
41 79
41 82
41 85
42 47
42 48
42 50
42 52
42 53
42 55
42 56
42 58
42 59
42 61
42 62
42 64
42 67
42 70
42 73
42 74
42 75
42 77
42 78
42 79
42 83
42 87
42 88
43 47
43 48
43 51
43 52
43 59
43 60
43 61
43 63
43 65
43 67
43 69
43 73
43 76
43 78
43 84
43 86
43 89
44 45
44 47
44 48
44 55
44 59
44 62
44 66
44 68
44 70
44 71
44 72
44 79
45 46
45 47
45 48
45 49
45 53
45 54
45 59
45 60
45 61
45 62
45 64
45 66
45 68
45 70
45 71
45 74
45 80
45 82
45 83
45 87
46 48
46 50
46 55
46 56
46 57
46 59
46 60
46 64
46 65
46 66
46 69
46 82
46 83
46 87
46 88
46 89
47 48
47 49
47 50
47 51
47 53
47 60
47 63
47 64
47 65
47 69
47 70
47 75
47 76
47 80
47 82
47 83
47 85
47 89
48 50
48 52
48 59
48 61
48 63
48 64
48 66
48 68
48 79
48 82
48 85
48 86
48 87
48 88
49 53
49 54
49 57
49 58
49 59
49 69
49 71
49 73
49 74
49 75
49 77
49 79
49 83
49 85
49 86
49 88
50 55
50 59
50 62
50 64
50 65
50 68
50 69
50 71
50 72
50 74
50 78
50 79
50 82
50 84
50 89
51 53
51 57
51 58
51 59
51 60
51 61
51 65
51 66
51 71
51 72
51 73
51 74
51 75
51 77
51 78
51 83
52 54
52 55
52 56
52 62
52 68
52 73
52 79
52 84
52 86
52 89
53 54
53 56
53 58
53 64
53 67
53 71
53 74
53 79
53 81
53 82
53 85
53 89
54 59
54 62
54 63
54 69
54 72
54 73
54 74
54 76
54 80
54 84
54 87
55 58
55 61
55 66
55 72
55 73
55 79
55 85
55 87
56 57
56 59
56 67
56 68
56 84
57 59
57 62
57 63
57 67
57 72
57 73
57 74
57 77
57 78
57 81
57 82
57 83
57 84
57 85
57 86
58 60
58 62
58 64
58 65
58 66
58 68
58 73
58 79
58 80
58 86
58 88
59 63
59 67
59 68
59 69
59 75
59 77
59 78
59 85
59 86
59 89
60 62
60 63
60 64
60 70
60 71
60 72
60 73
60 74
60 76
60 78
60 82
60 83
60 84
60 86
61 63
61 64
61 65
61 68
61 69
61 72
61 76
61 77
61 79
61 81
61 87
62 63
62 65
62 69
62 71
62 72
62 75
62 76
62 77
62 78
62 80
63 68
63 69
63 75
63 78
63 82
63 84
63 87
64 71
64 72
64 73
64 76
64 77
64 80
64 81
64 85
64 86
64 88
65 66
65 70
65 71
65 72
65 74
65 76
65 84
65 88
66 73
66 74
66 79
66 80
66 81
66 82
66 83
66 88
67 70
67 73
67 74
67 83
67 87
67 89
68 73
68 74
68 76
68 78
68 83
68 86
68 88
68 89
69 70
69 74
69 77
69 78
69 80
69 82
69 88
69 89
70 71
70 72
70 73
70 76
70 80
70 81
70 84
70 88
71 73
71 74
71 76
71 77
71 79
71 81
71 84
72 79
72 80
72 82
72 88
72 89
73 74
73 76
73 78
73 79
73 81
73 86
73 88
74 75
74 76
74 77
74 79
74 81
74 82
74 87
74 89
75 76
75 79
75 80
75 82
75 83
75 84
75 86
76 78
76 80
76 84
76 85
78 80
78 83
78 86
78 87
79 80
79 81
79 83
79 87
80 82
80 87
81 82
81 83
81 85
82 86
82 87
85 89
87 88
87 89
88 89
