40 83
1 0 3 6 0 0 2 3 0 4 4 5 2 0 2 4 1 3 6 5 5 4 3 7 1 2 3 1 0 5 5 1 0 1 2 0 2 6 2 1 
0 32
1 6
1 15
1 22
1 39
2 31
2 35
2 36
2 38
3 19
3 30
3 33
4 5
4 12
4 28
4 32
5 7
5 13
5 15
5 19
5 20
5 29
5 31
5 36
6 9
6 17
6 29
6 30
6 39
7 12
7 26
7 27
7 29
8 9
8 22
8 29
8 36
9 21
9 34
10 17
10 18
10 21
10 22
11 12
11 35
12 14
12 18
12 24
13 23
14 23
14 25
14 27
14 28
15 20
15 25
16 18
16 20
16 35
17 24
17 25
18 26
19 29
19 34
19 39
21 24
21 31
21 32
21 34
22 29
22 37
23 33
25 30
25 33
25 37
26 34
27 31
27 36
28 36
29 31
30 32
30 36
32 39
37 39
