90 256
9 6 12 13 7 6 11 4 11 0 11 7 1 1 2 4 15 10 9 10 0 3 3 3 9 15 11 3 7 6 6 14 13 7 3 2 13 6 7 15 15 2 6 1 11 14 5 2 11 15 8 2 7 8 4 8 10 11 15 1 3 11 5 6 9 8 5 3 1 15 10 1 5 10 8 14 3 4 8 14 2 3 6 7 1 13 10 10 4 13 
0 5
0 13
0 22
0 34
0 35
1 17
1 38
1 49
1 51
1 57
1 73
1 75
2 6
2 43
2 63
2 68
2 80
2 89
3 26
3 37
3 39
3 44
3 66
3 88
4 32
4 54
4 73
4 79
5 14
5 19
5 46
5 65
5 79
5 88
6 11
6 16
6 70
7 37
7 43
7 55
7 89
8 34
8 35
8 58
8 59
8 66
8 67
8 76
9 12
9 31
9 51
9 52
10 59
10 62
10 64
10 77
10 85
11 17
11 46
11 51
11 69
12 28
12 44
12 53
12 56
13 24
13 26
13 36
13 54
13 69
13 81
13 82
13 84
14 28
14 30
14 32
14 35
14 60
14 83
14 84
15 65
15 68
16 17
16 45
16 60
16 72
16 76
17 30
17 55
17 58
18 22
18 47
18 49
18 51
18 69
18 73
19 47
19 48
19 59
19 71
19 83
19 84
19 85
20 21
20 62
20 64
20 73
20 74
21 26
21 29
21 35
21 37
21 39
21 43
21 51
21 54
21 84
22 23
22 71
22 79
22 83
23 51
23 56
23 57
24 40
24 63
25 30
25 34
25 50
25 59
25 84
25 85
26 35
26 41
26 63
26 67
26 68
26 80
27 28
27 30
27 53
27 54
27 63
27 76
27 84
28 32
28 52
29 33
29 49
29 72
29 74
29 75
29 81
30 47
30 75
30 88
31 32
31 39
31 88
32 33
32 73
33 43
33 47
33 55
33 58
33 67
33 68
33 73
34 36
34 38
34 71
34 88
35 42
35 45
35 46
35 54
35 56
35 81
36 40
36 50
36 67
37 68
37 75
37 86
38 52
38 84
39 56
39 62
39 72
40 64
40 73
41 61
41 67
42 61
42 71
42 77
43 73
44 53
44 57
44 66
44 72
44 75
45 58
45 68
45 70
45 87
46 70
46 76
46 82
47 59
47 76
47 83
48 54
48 62
48 72
48 74
48 77
49 58
49 59
49 61
49 71
50 64
50 74
50 77
51 52
53 65
53 71
54 59
55 60
55 75
56 79
57 60
57 71
57 78
57 83
58 69
59 74
60 61
60 68
60 78
60 82
60 89
63 70
63 72
63 73
63 79
64 75
67 73
67 74
69 70
69 76
71 72
76 88
77 83
77 84
78 86
