100 108
23 19 18 29 31 11 23 15 27 4 2 3 23 26 30 25 29 16 17 1 7 8 10 14 14 5 19 27 17 5 14 24 17 4 26 11 1 28 23 0 27 10 19 26 8 10 5 14 3 1 5 16 20 16 29 10 26 19 1 8 19 13 15 29 3 13 26 12 16 18 27 20 24 30 11 8 10 2 31 17 7 24 3 26 2 5 22 3 8 27 17 21 10 10 30 20 10 13 19 1 
0 6
0 63
1 11
2 55
3 60
4 31
4 53
4 67
4 80
5 14
5 17
5 19
5 42
5 95
6 20
6 86
7 57
8 18
9 12
9 53
9 60
10 86
11 22
11 36
12 32
13 91
15 83
15 91
16 43
16 53
16 75
17 54
17 62
17 65
17 99
18 61
18 64
18 79
18 89
18 99
19 33
21 86
22 45
22 57
22 58
22 66
22 70
22 74
22 99
23 99
24 46
25 52
25 69
25 71
26 64
27 65
27 73
28 74
29 62
29 69
30 70
30 99
32 98
33 47
34 41
34 52
35 37
36 46
37 40
37 49
37 99
38 65
39 87
40 59
40 87
41 86
42 71
43 97
44 78
47 50
47 93
48 59
51 83
51 92
52 88
52 91
53 63
53 66
53 96
53 97
55 90
56 64
59 85
64 93
68 72
68 90
69 94
71 91
75 76
77 99
78 88
81 95
82 86
84 88
86 90
90 99
91 99
94 96
