100 434
19 28 8 28 29 27 12 23 26 31 28 24 27 24 22 3 14 18 7 26 2 10 28 9 30 7 2 22 2 19 31 15 18 17 16 2 16 3 14 10 25 1 26 25 17 4 11 30 24 24 15 12 0 5 28 6 29 5 12 29 1 28 17 5 1 0 11 14 28 11 30 0 13 14 27 26 30 18 24 3 28 4 23 5 18 26 1 4 20 29 9 17 29 4 31 27 8 5 21 12 
0 11
0 23
0 38
0 48
0 61
0 66
0 70
0 87
1 27
1 34
1 37
1 38
1 48
1 55
1 56
1 60
1 82
2 12
2 18
2 23
2 25
2 56
2 72
2 84
2 85
2 88
3 5
3 13
3 39
3 52
3 84
3 98
4 26
4 29
4 40
4 47
4 50
4 53
4 56
4 68
4 74
4 79
4 88
5 16
5 31
5 46
5 47
5 52
5 55
5 66
5 67
5 71
5 74
5 85
5 90
5 93
5 96
5 99
6 11
6 17
6 32
6 38
6 68
6 83
7 17
7 25
7 59
7 69
7 74
7 78
8 11
8 22
8 57
8 82
8 86
8 97
9 14
9 19
9 33
9 39
9 50
9 69
9 70
9 71
9 72
9 73
9 83
9 92
9 96
10 39
10 53
10 54
10 76
10 77
10 79
10 83
11 23
11 24
11 39
11 48
11 79
11 99
12 25
12 33
12 36
12 59
13 26
13 27
13 35
13 54
13 56
13 60
13 62
13 79
13 86
14 17
14 94
15 20
15 24
15 35
15 59
15 79
15 87
16 25
16 40
16 46
16 52
16 59
16 61
16 62
16 63
16 66
16 67
16 85
16 87
16 96
16 97
17 49
17 50
17 54
17 55
17 65
17 71
17 85
17 97
18 32
18 40
18 43
18 49
18 53
18 60
18 61
18 72
19 28
19 33
19 43
19 47
19 51
19 68
19 70
20 30
20 53
20 69
20 76
20 88
20 91
20 98
21 24
21 29
21 56
21 76
21 99
22 26
22 30
22 38
22 55
22 58
22 60
22 82
22 84
23 25
23 30
23 39
23 59
23 72
23 79
23 85
24 25
24 28
24 39
24 42
24 44
24 56
24 57
24 59
24 64
24 74
24 82
24 83
25 43
25 47
25 48
25 50
25 53
25 56
25 77
25 79
25 99
26 34
26 41
26 64
27 38
27 40
27 57
27 66
27 73
28 30
28 37
28 44
28 47
28 55
28 70
28 92
28 94
28 95
29 70
29 92
29 95
30 43
30 45
30 49
30 56
30 74
30 87
30 95
31 37
31 46
31 47
31 51
32 47
32 55
32 92
32 98
33 35
33 42
33 63
33 75
33 76
33 82
33 93
34 50
34 61
34 97
34 99
35 44
35 50
35 51
35 61
35 63
35 66
35 75
36 44
36 64
36 85
36 87
36 95
37 39
37 48
37 64
37 69
37 94
38 42
38 58
38 68
38 73
38 88
39 47
39 67
39 76
39 98
40 46
40 48
40 52
40 66
40 67
40 72
40 93
40 96
41 50
41 72
41 78
41 90
42 51
42 65
42 72
42 80
43 50
43 55
43 63
43 72
43 82
44 54
44 80
45 49
45 55
45 71
45 87
45 91
45 92
45 93
46 52
46 54
46 59
46 66
46 67
46 81
46 85
46 93
46 96
47 48
47 72
47 78
47 80
47 90
47 99
48 55
48 65
48 74
48 82
48 85
49 57
49 80
49 81
49 86
49 98
50 88
50 92
50 99
51 56
51 82
51 90
51 99
52 66
52 67
52 71
52 96
53 57
53 65
53 67
53 79
54 62
54 66
54 80
54 89
54 91
55 85
55 87
55 93
56 62
56 65
56 73
56 87
57 65
57 73
57 95
58 59
58 60
58 67
58 76
58 98
59 63
59 67
59 83
59 84
59 86
59 89
59 90
60 63
60 65
60 69
60 74
60 93
60 97
61 76
61 87
62 81
62 84
62 91
63 69
63 88
64 65
64 96
65 75
65 98
66 67
66 93
66 98
67 85
67 90
67 93
68 73
68 90
69 99
70 78
70 80
70 83
71 73
71 77
71 83
71 97
72 91
72 97
73 91
74 90
74 93
74 95
75 84
76 91
77 88
77 93
78 84
78 95
79 93
79 97
80 83
82 93
83 86
84 94
85 89
85 93
85 96
90 94
93 94
93 96
