40 97
3 3 0 3 5 5 1 0 3 0 1 4 7 5 5 0 7 3 4 2 7 4 0 0 2 2 2 0 4 5 5 5 1 5 4 1 2 7 3 5 
0 5
0 10
0 17
0 21
0 31
0 33
0 34
0 36
1 7
1 18
1 27
1 34
1 37
2 7
2 8
2 11
2 27
3 18
3 20
4 12
4 19
4 34
4 38
5 7
5 19
5 26
5 30
5 38
6 7
6 15
6 25
6 39
7 10
7 17
7 28
7 36
7 38
8 12
8 15
8 16
8 17
8 32
9 11
9 15
9 35
10 23
10 37
10 39
11 14
11 16
11 28
12 13
12 18
12 27
12 39
13 27
13 32
13 33
14 23
14 28
15 19
15 24
15 25
15 30
16 22
16 24
16 25
17 18
17 19
17 20
17 24
17 36
18 21
18 33
18 36
19 24
19 32
19 33
21 26
21 30
21 37
22 29
22 37
23 28
23 31
24 28
24 31
25 32
26 32
26 33
29 35
30 31
30 34
31 34
31 35
31 39
32 37
