50 441
7 3 1 4 3 5 5 6 0 6 6 2 4 2 5 3 1 2 4 2 2 0 6 5 1 4 2 4 7 0 3 6 5 1 6 2 5 1 3 7 5 0 6 4 7 1 5 2 4 7 
0 1
0 4
0 7
0 8
0 10
0 11
0 17
0 19
0 21
0 23
0 27
0 31
0 37
0 38
0 39
0 41
0 42
0 48
1 7
1 13
1 15
1 16
1 17
1 20
1 33
1 35
1 37
1 40
1 42
1 48
2 4
2 5
2 7
2 8
2 10
2 12
2 14
2 15
2 18
2 21
2 22
2 23
2 24
2 28
2 30
2 36
2 37
2 41
2 42
2 44
2 45
2 47
2 49
3 6
3 10
3 11
3 12
3 13
3 14
3 15
3 19
3 23
3 28
3 29
3 36
3 37
3 39
3 40
3 45
3 47
4 5
4 6
4 11
4 12
4 14
4 15
4 16
4 20
4 26
4 32
4 35
4 36
4 37
4 38
4 40
4 41
4 42
5 6
5 16
5 24
5 26
5 31
5 32
5 34
5 35
5 39
5 40
5 44
5 48
5 49
6 15
6 19
6 21
6 22
6 26
6 29
6 30
6 31
6 35
6 40
6 41
6 44
6 46
7 8
7 9
7 13
7 24
7 27
7 32
7 36
7 38
7 40
7 44
7 45
7 46
8 11
8 12
8 13
8 17
8 21
8 25
8 26
8 28
8 30
8 31
8 34
8 35
8 36
8 39
8 40
8 46
9 10
9 17
9 20
9 21
9 27
9 38
9 40
9 47
9 48
9 49
10 13
10 19
10 20
10 22
10 24
10 25
10 31
10 33
10 34
10 38
10 39
10 41
10 43
10 44
10 48
10 49
11 12
11 16
11 18
11 21
11 23
11 24
11 28
11 33
11 35
11 36
11 37
11 38
11 41
12 15
12 16
12 20
12 21
12 23
12 24
12 26
12 34
12 35
12 37
12 38
12 40
12 44
12 47
13 14
13 20
13 21
13 26
13 27
13 30
13 33
13 34
13 37
13 40
13 41
13 46
14 15
14 17
14 18
14 23
14 25
14 28
14 32
14 35
14 41
14 47
14 48
15 16
15 17
15 18
15 19
15 21
15 22
15 23
15 27
15 29
15 32
15 33
15 34
15 39
15 45
15 46
15 47
15 48
15 49
16 19
16 20
16 21
16 23
16 26
16 27
16 28
16 32
16 34
16 37
16 43
16 44
17 19
17 23
17 24
17 28
17 30
17 33
17 34
17 39
17 41
17 43
17 45
17 46
17 48
18 20
18 25
18 42
18 44
18 46
18 48
19 22
19 26
19 28
19 29
19 30
19 31
19 32
19 35
19 36
19 38
19 40
19 41
19 42
19 43
20 22
20 28
20 31
20 33
20 34
20 36
20 37
20 41
20 48
20 49
21 22
21 27
21 32
21 38
21 39
21 42
21 47
22 29
22 34
22 38
22 44
22 45
22 46
22 47
22 48
22 49
23 26
23 28
23 29
23 31
23 34
23 35
23 38
23 47
23 48
24 25
24 31
24 36
24 38
24 39
24 40
24 47
25 28
25 29
25 34
25 38
25 39
25 41
25 45
25 47
25 49
26 28
26 29
26 30
26 32
26 34
26 41
26 42
26 44
26 46
26 47
27 29
27 30
27 35
27 37
27 38
27 41
27 43
27 45
27 48
28 30
28 32
28 33
28 35
28 42
28 46
28 47
29 30
29 31
29 32
29 34
29 35
29 36
29 38
29 39
29 42
29 43
29 44
29 46
29 47
29 48
30 38
30 42
30 44
30 45
30 46
30 47
31 36
31 39
31 40
31 41
31 43
31 45
31 46
32 39
32 41
33 35
33 38
33 39
33 40
33 42
33 45
33 46
33 47
34 37
34 38
34 40
34 41
34 42
34 46
34 48
35 41
35 44
35 47
36 38
36 41
36 42
36 46
36 47
36 48
37 38
37 40
37 42
37 45
37 46
37 48
38 44
38 45
38 46
38 49
39 40
39 42
39 43
39 45
40 46
40 48
41 43
41 45
41 47
41 49
42 44
42 46
42 47
42 49
43 44
43 45
43 48
44 46
45 46
46 48
48 49
