60 90
14 9 2 15 8 14 7 14 4 7 10 6 7 12 5 13 14 8 5 4 15 10 1 0 10 11 6 15 1 10 10 15 5 11 10 0 3 0 6 12 14 0 12 10 7 15 6 13 2 11 7 0 14 10 10 1 4 6 6 7 
0 1
0 16
0 42
0 57
1 59
2 15
2 17
2 18
3 18
3 36
3 43
4 41
4 48
4 59
5 38
5 59
6 11
6 35
6 55
7 33
7 39
7 41
7 48
7 50
8 10
8 34
8 42
9 13
9 15
9 18
9 36
9 50
10 41
10 59
11 36
11 43
12 21
13 30
14 33
15 22
16 19
16 27
17 22
17 30
19 28
19 57
20 54
21 31
21 32
21 56
21 58
22 40
23 27
24 44
24 49
24 51
24 54
25 36
25 44
26 29
26 38
26 44
26 51
26 52
27 34
27 42
28 32
28 45
28 58
29 39
29 48
30 40
30 46
31 35
31 53
31 55
32 35
34 59
37 58
38 42
38 48
38 57
39 44
40 54
41 47
43 55
46 51
46 54
50 52
57 58
