35 101
7 6 2 5 1 6 1 6 1 5 2 6 3 2 4 7 0 2 7 4 5 3 7 6 0 4 2 4 2 2 7 2 0 2 2 
0 2
0 3
0 8
0 10
0 24
0 29
0 30
0 31
0 34
1 10
1 18
1 19
1 20
1 22
1 27
2 6
2 25
2 30
3 18
3 19
3 24
3 28
4 7
4 10
4 15
4 17
4 19
4 20
4 31
5 9
5 12
5 15
5 18
5 32
6 9
6 11
6 29
6 33
6 34
7 12
7 21
7 31
8 10
8 12
8 18
8 24
9 12
9 15
10 17
10 19
10 24
10 26
10 27
10 31
11 12
11 23
11 30
11 33
12 27
12 28
13 21
13 26
13 30
13 33
14 29
15 16
15 22
16 22
16 29
16 30
16 32
16 34
17 19
17 24
17 28
17 29
18 22
19 21
19 28
19 29
19 31
19 32
21 23
21 25
21 27
22 31
23 25
23 32
23 33
24 29
24 30
24 31
25 30
25 31
26 28
26 29
26 34
28 31
28 33
29 31
31 32
