90 146
3 5 0 6 9 0 14 11 7 6 5 4 11 14 11 14 0 0 0 8 6 3 14 3 7 7 0 10 8 6 2 11 6 6 4 7 5 7 12 5 9 14 12 7 10 14 14 6 10 9 3 14 2 9 9 5 11 15 5 10 2 4 1 0 3 0 1 15 6 10 6 1 10 8 3 4 8 9 4 9 11 11 14 13 7 1 4 3 15 3 
0 1
0 13
0 21
0 51
0 59
0 70
0 77
0 83
1 3
1 14
1 29
1 37
1 73
2 11
2 16
2 82
3 57
3 68
4 9
4 11
4 46
4 62
4 82
5 30
5 89
6 12
7 20
7 37
7 47
8 14
8 24
8 33
9 24
9 73
10 36
10 40
10 41
10 88
11 31
11 33
11 61
12 41
12 54
12 67
13 22
13 48
13 70
13 78
13 84
14 42
15 34
15 71
16 31
16 55
16 65
16 70
17 19
18 27
18 51
19 44
19 56
19 73
20 42
20 45
20 54
21 57
21 70
21 72
22 41
22 51
22 70
22 86
23 35
23 45
25 52
25 58
26 40
26 53
26 64
26 69
26 77
27 45
27 86
28 34
28 70
28 77
30 41
30 71
30 87
31 60
31 62
31 70
32 60
33 40
34 79
34 82
34 89
35 36
35 70
36 57
37 45
37 47
38 48
38 51
38 55
38 56
39 59
40 56
41 54
43 87
44 46
44 58
44 62
45 67
45 80
46 63
46 76
47 78
48 78
49 51
50 77
51 57
51 70
52 76
53 69
55 62
55 70
55 82
57 86
58 63
58 66
58 76
58 84
60 75
61 64
62 70
62 74
63 70
66 89
68 77
69 70
70 85
70 86
71 85
72 81
73 85
