90 161
6 11 9 0 6 12 1 5 11 10 8 5 0 13 7 5 10 8 4 1 11 2 7 6 11 10 7 4 9 13 2 7 0 7 1 13 11 9 3 13 3 9 13 15 1 0 11 1 0 9 2 13 12 3 10 8 11 13 2 15 6 11 12 9 2 5 13 1 7 4 11 10 6 9 4 14 1 7 3 4 13 13 2 9 9 13 12 10 1 5 
0 33
0 71
0 86
1 36
1 47
1 48
1 80
2 31
2 57
3 6
3 15
3 51
4 20
4 22
4 49
5 36
5 46
5 63
6 18
6 42
7 77
8 14
8 47
8 68
9 33
9 51
9 59
9 71
10 32
10 40
10 81
11 34
11 82
12 71
13 17
13 75
13 89
14 15
14 29
14 33
14 86
15 25
15 26
15 39
15 55
15 83
16 40
16 52
16 60
17 53
17 69
17 73
17 75
18 37
18 65
18 88
19 64
19 73
20 26
20 60
20 85
21 23
21 35
21 36
21 44
21 47
21 51
21 88
22 65
22 78
22 85
23 42
23 77
23 84
24 38
24 50
24 62
24 87
26 66
26 73
26 81
27 59
27 61
27 64
27 78
28 37
28 68
29 62
29 76
29 83
30 55
30 75
30 89
31 41
31 45
31 69
31 70
31 75
32 49
32 50
32 56
33 41
33 76
34 54
34 61
35 47
36 81
36 84
37 74
38 57
38 61
38 65
38 78
38 81
39 41
39 73
39 86
40 59
40 81
41 81
43 76
45 64
45 78
45 85
46 57
46 59
46 70
47 70
47 79
47 82
48 80
49 65
50 65
50 72
51 77
51 82
52 59
52 75
53 60
54 65
56 72
58 76
59 76
59 82
60 68
60 75
61 62
61 74
61 76
62 67
63 68
64 70
64 82
67 83
67 87
69 80
70 80
71 77
72 87
75 85
80 88
