60 128
3 5 5 13 13 7 12 5 4 14 0 4 1 8 11 4 7 7 14 3 2 7 10 0 3 3 1 8 15 1 1 12 0 11 13 14 11 13 1 4 13 0 8 6 6 12 6 0 2 5 0 10 1 12 8 15 7 7 9 3 
0 24
0 36
0 40
0 43
0 55
1 6
1 13
1 20
1 31
2 3
2 6
2 8
2 13
2 51
3 6
3 16
3 33
3 59
4 12
4 13
4 40
4 42
4 55
4 56
5 16
5 17
5 45
5 57
5 59
6 12
6 14
6 23
6 56
6 59
7 8
7 9
7 33
7 50
7 53
8 14
8 17
8 18
8 25
8 26
8 30
8 56
9 36
9 46
9 52
10 38
10 45
10 57
10 59
11 17
11 28
11 38
11 40
11 56
11 57
12 13
12 23
12 25
12 46
13 27
14 33
14 45
14 51
14 53
15 28
15 48
15 49
16 33
16 37
16 50
16 51
17 48
17 50
18 35
18 37
18 46
18 54
18 58
19 23
19 24
19 40
19 45
19 53
19 54
19 57
20 30
20 51
20 53
21 35
21 52
22 39
23 33
24 28
24 49
24 52
26 33
26 48
27 38
27 46
27 54
27 59
28 45
29 31
29 41
29 48
29 57
30 37
30 59
32 59
33 44
34 39
34 41
35 51
36 49
36 58
37 39
40 47
41 58
42 47
42 52
46 55
47 58
48 52
55 58
