60 126
3 7 12 9 13 3 4 11 8 0 8 15 13 5 7 1 15 10 13 12 15 7 4 4 7 12 0 13 2 15 4 0 1 15 8 5 1 11 8 8 4 11 5 2 14 5 3 7 3 4 2 4 13 7 1 6 12 13 14 9 
0 1
0 2
0 15
0 27
0 34
0 46
0 56
1 31
1 41
1 51
1 53
2 20
2 31
2 37
2 53
3 37
3 53
4 11
4 14
4 18
4 19
4 45
4 48
5 7
5 16
5 25
5 27
5 46
6 12
6 26
7 15
7 23
7 30
7 35
7 59
8 10
8 13
8 36
8 45
8 52
9 14
9 24
9 42
10 18
10 22
10 34
10 48
10 55
11 35
11 44
12 20
12 21
13 37
13 50
14 17
14 53
15 21
15 39
15 41
15 47
16 32
16 52
16 55
16 57
16 59
17 37
17 43
17 45
18 23
18 26
18 28
18 39
18 40
19 28
19 36
19 37
19 45
19 47
19 48
20 33
20 46
20 49
20 51
21 47
22 23
24 40
24 50
24 51
24 53
25 57
26 42
27 30
27 51
27 52
28 39
29 30
29 44
30 54
31 48
32 38
32 52
33 38
34 50
34 58
35 46
35 49
36 52
36 55
37 40
37 56
38 39
39 41
39 45
40 42
40 45
40 47
40 58
41 52
42 56
43 56
44 57
47 51
47 52
48 53
55 58
58 59
