80 157
9 6 5 2 13 5 12 15 7 11 9 0 10 11 7 2 11 0 5 0 2 0 12 11 1 5 6 11 4 7 6 13 3 1 5 14 6 12 13 3 12 3 14 1 7 1 9 11 1 11 9 7 2 2 10 3 5 10 15 9 7 9 5 0 8 4 1 1 13 9 13 15 2 12 11 2 10 7 5 13 
0 31
0 62
0 63
1 14
1 42
1 47
1 61
1 71
2 13
2 28
2 44
2 48
2 54
3 4
3 24
3 54
3 55
4 11
4 38
4 43
4 49
4 55
4 57
4 61
5 43
5 45
6 12
6 26
6 60
6 77
7 44
7 79
8 18
8 32
8 44
9 21
9 46
9 62
9 72
9 76
10 18
10 22
11 46
11 47
11 59
11 72
11 75
12 13
12 29
12 44
13 54
14 23
14 25
15 29
15 44
15 62
15 76
15 79
16 26
16 42
16 57
16 59
17 18
17 46
17 55
17 62
17 65
18 35
18 40
18 45
18 78
19 33
19 77
20 64
20 67
20 71
21 30
21 37
22 55
23 66
24 50
24 74
24 78
25 32
25 40
25 61
25 66
26 50
26 64
26 74
27 42
27 55
27 57
27 61
28 35
28 45
28 53
29 60
30 34
30 51
30 68
31 45
31 51
31 52
31 72
31 73
31 76
33 34
33 51
33 59
33 72
34 69
35 44
35 45
35 62
36 57
36 70
36 72
37 51
37 52
37 73
38 46
39 50
39 67
40 63
40 65
40 75
41 49
41 52
43 54
44 68
45 63
46 55
49 59
49 70
49 74
50 51
52 60
53 73
54 76
55 65
56 64
56 70
56 74
57 74
58 73
58 74
58 75
59 69
60 67
60 76
61 65
63 66
65 77
68 73
69 70
78 79
