70 462
3 7 6 9 11 4 11 15 15 9 8 0 3 8 2 10 10 2 15 4 12 12 10 6 12 0 10 12 6 4 1 11 10 1 4 14 8 15 4 10 9 8 12 2 4 13 10 9 2 12 5 2 14 9 2 2 4 6 5 6 12 10 11 3 12 7 9 6 15 6 
0 2
0 9
0 13
0 26
0 27
0 30
0 33
0 38
0 48
0 55
0 56
0 61
0 63
1 14
1 15
1 16
1 17
1 19
1 27
1 29
1 31
1 33
1 46
1 49
1 50
1 58
1 60
1 68
2 4
2 7
2 15
2 20
2 22
2 25
2 27
2 28
2 29
2 49
2 54
2 66
3 5
3 9
3 10
3 11
3 15
3 17
3 18
3 24
3 26
3 30
3 42
3 54
3 56
3 65
3 66
4 12
4 15
4 18
4 29
4 47
4 59
4 61
4 62
5 8
5 17
5 18
5 21
5 24
5 25
5 28
5 30
5 31
5 40
5 41
5 54
5 58
5 59
5 66
6 17
6 21
6 27
6 28
6 30
6 32
6 34
6 37
6 38
6 39
6 42
6 44
6 56
6 59
6 60
6 63
6 64
6 67
6 68
6 69
7 9
7 20
7 22
7 24
7 28
7 31
7 33
7 39
7 40
7 48
7 53
7 56
7 64
7 68
7 69
8 15
8 18
8 27
8 32
8 44
8 51
9 10
9 13
9 35
9 38
9 43
9 44
9 60
9 63
9 64
9 69
10 12
10 28
10 29
10 33
10 36
10 40
10 44
10 57
10 58
10 60
10 63
10 69
11 14
11 22
11 23
11 26
11 31
11 37
11 41
11 44
11 46
11 49
11 50
12 23
12 24
12 30
12 33
12 44
12 55
12 60
12 66
13 17
13 20
13 21
13 22
13 23
13 25
13 30
13 40
13 42
13 46
13 48
13 49
13 52
13 55
13 57
13 60
13 61
13 63
14 24
14 26
14 31
14 32
14 34
14 41
14 42
14 49
14 58
14 64
14 67
15 25
15 26
15 28
15 45
15 48
15 54
15 57
15 61
15 65
16 17
16 26
16 30
16 38
16 40
16 42
16 46
16 51
16 56
16 57
16 64
17 23
17 36
17 45
17 47
17 49
17 54
17 60
17 64
17 69
18 21
18 22
18 26
18 32
18 39
18 40
18 46
18 57
19 20
19 22
19 23
19 25
19 26
19 29
19 30
19 37
19 49
19 54
19 58
20 28
20 45
20 50
20 63
21 26
21 30
21 34
21 42
21 44
21 48
21 50
21 55
21 57
21 60
21 66
21 68
21 69
22 24
22 28
22 36
22 42
22 51
22 52
22 58
22 64
22 66
23 24
23 26
23 28
23 38
23 42
23 43
23 46
23 50
23 51
23 57
24 29
24 31
24 44
24 47
24 59
24 65
25 27
25 39
25 47
25 53
26 29
26 32
26 35
26 44
26 54
26 60
26 61
26 62
27 31
27 41
27 45
27 54
27 57
27 65
27 66
28 29
28 31
28 33
28 34
28 37
28 42
28 49
28 62
28 65
28 68
29 37
29 38
29 50
29 51
29 52
29 55
29 68
30 44
30 48
30 50
30 51
30 55
30 68
31 34
31 35
31 42
31 44
31 46
31 51
31 62
31 69
32 33
32 36
32 38
32 42
32 59
32 60
32 67
32 68
33 37
33 50
33 56
34 40
34 46
34 48
34 50
34 55
34 58
34 63
34 69
35 43
35 45
35 54
35 55
35 56
35 60
35 64
35 65
36 41
36 47
36 52
36 60
36 61
36 69
37 40
37 42
37 44
37 53
37 55
38 45
38 51
38 54
38 55
38 66
38 67
39 44
39 49
39 61
39 67
40 42
40 43
40 46
40 60
40 66
40 68
40 69
41 44
41 48
41 49
41 53
41 59
41 66
41 69
42 43
42 45
42 55
42 58
42 66
42 68
43 52
43 59
43 66
44 48
44 51
44 55
44 58
44 63
44 65
44 69
45 50
45 52
45 67
45 68
46 51
46 52
46 56
46 58
46 61
47 48
47 53
47 55
47 59
48 50
48 53
48 54
49 52
49 60
49 62
49 65
50 59
50 60
51 60
51 62
51 68
52 53
52 54
52 60
52 64
53 57
53 60
53 62
53 64
54 63
55 58
55 62
55 64
56 57
56 60
56 62
57 60
57 64
58 61
58 64
58 66
59 62
59 63
59 68
60 67
60 69
62 65
64 65
65 68
67 69
68 69
