50 122
3 1 0 6 6 4 0 2 4 6 0 6 6 3 1 1 5 2 2 2 4 3 0 0 5 4 3 2 5 4 0 5 2 1 3 7 5 6 0 2 6 7 7 3 2 5 0 0 1 2 
0 31
0 34
0 42
1 16
1 18
1 20
1 41
2 13
2 17
2 47
3 29
3 30
3 38
4 20
4 25
5 12
5 16
5 45
6 14
6 21
6 24
6 25
6 31
6 45
7 27
8 18
8 27
9 14
9 16
9 18
9 24
9 43
9 45
10 19
10 31
10 44
10 46
10 49
11 35
11 38
11 42
11 44
11 45
12 15
12 42
12 48
12 49
13 16
13 25
13 42
13 46
14 40
14 46
15 23
15 43
15 49
16 29
16 32
16 36
16 43
16 45
16 46
17 27
17 33
17 40
17 45
17 48
18 32
18 37
18 41
19 27
20 24
20 28
20 34
20 40
21 29
21 37
21 48
21 49
22 41
23 25
23 33
23 41
23 44
23 45
24 31
24 37
24 49
25 38
25 40
25 45
26 28
26 36
27 28
27 29
27 47
28 42
28 44
29 33
30 44
30 47
32 36
32 45
33 40
33 44
34 39
34 41
34 44
34 46
34 47
35 39
35 41
36 47
38 39
38 41
38 44
38 45
38 49
40 47
40 49
41 48
42 43
