60 636
8 4 13 7 14 7 6 6 5 8 2 7 7 14 11 4 13 2 3 4 8 11 7 1 11 2 13 11 4 2 3 6 4 0 13 10 2 10 13 5 6 9 13 4 6 15 15 9 5 7 4 8 15 3 14 8 10 5 14 1 
0 1
0 4
0 6
0 7
0 8
0 9
0 12
0 15
0 16
0 19
0 22
0 23
0 24
0 27
0 29
0 38
0 40
0 41
0 43
0 44
0 50
0 53
0 58
1 11
1 13
1 14
1 15
1 17
1 18
1 19
1 20
1 22
1 25
1 26
1 27
1 28
1 30
1 37
1 40
1 42
1 44
1 45
1 46
1 48
1 52
1 55
2 4
2 5
2 7
2 9
2 19
2 23
2 24
2 32
2 37
2 38
2 41
2 42
2 43
2 45
2 52
2 58
2 59
3 4
3 5
3 7
3 8
3 9
3 13
3 14
3 17
3 18
3 19
3 21
3 28
3 30
3 31
3 32
3 35
3 36
3 39
3 41
3 44
3 47
3 48
3 56
3 58
4 5
4 9
4 12
4 14
4 19
4 21
4 23
4 25
4 28
4 30
4 32
4 37
4 40
4 42
4 43
4 50
4 51
4 54
4 57
4 58
4 59
5 6
5 7
5 9
5 10
5 11
5 12
5 13
5 15
5 18
5 20
5 23
5 26
5 27
5 38
5 44
5 45
5 46
5 48
5 51
5 57
6 7
6 8
6 9
6 10
6 11
6 12
6 13
6 20
6 21
6 22
6 24
6 25
6 26
6 28
6 29
6 30
6 35
6 37
6 38
6 40
6 42
6 43
6 44
6 50
6 52
6 54
6 58
7 11
7 12
7 17
7 23
7 24
7 25
7 35
7 38
7 39
7 41
7 46
7 48
7 50
7 52
7 58
8 13
8 14
8 23
8 27
8 32
8 38
8 41
8 43
8 45
8 52
8 59
9 12
9 13
9 19
9 21
9 22
9 25
9 36
9 37
9 39
9 42
9 43
9 47
9 48
9 49
9 50
9 52
9 57
9 58
10 11
10 13
10 29
10 31
10 34
10 35
10 39
10 41
10 42
10 43
10 48
10 49
10 57
11 20
11 24
11 26
11 28
11 31
11 35
11 36
11 42
11 46
11 47
11 48
11 50
11 54
11 56
11 58
12 17
12 21
12 23
12 25
12 27
12 30
12 32
12 35
12 36
12 39
12 40
12 41
12 42
12 43
12 47
12 52
12 59
13 14
13 16
13 17
13 20
13 24
13 25
13 26
13 28
13 32
13 38
13 39
13 40
13 43
13 48
13 49
13 50
13 53
13 54
13 55
14 16
14 18
14 20
14 21
14 23
14 26
14 28
14 29
14 30
14 31
14 32
14 36
14 40
14 41
14 42
14 44
14 46
14 47
14 49
14 50
14 51
14 53
14 55
14 56
14 58
15 18
15 26
15 27
15 31
15 32
15 33
15 38
15 45
15 47
15 52
15 53
15 56
16 17
16 18
16 19
16 20
16 21
16 23
16 24
16 25
16 38
16 39
16 40
16 43
16 44
16 49
16 50
16 51
16 53
16 57
16 58
17 18
17 20
17 27
17 31
17 35
17 36
17 37
17 38
17 46
17 48
17 49
17 51
17 52
17 54
18 20
18 22
18 23
18 24
18 25
18 26
18 34
18 35
18 36
18 43
18 44
18 46
18 48
18 55
18 57
18 59
19 20
19 22
19 25
19 30
19 32
19 33
19 38
19 41
19 44
19 48
19 50
19 51
19 52
19 53
19 56
20 21
20 23
20 24
20 26
20 28
20 29
20 30
20 32
20 38
20 40
20 43
20 44
20 46
20 47
21 24
21 27
21 32
21 34
21 35
21 37
21 40
21 42
21 43
21 44
21 49
21 51
22 23
22 26
22 27
22 28
22 32
22 35
22 36
22 37
22 38
22 44
22 45
22 52
22 53
22 59
23 24
23 27
23 28
23 29
23 33
23 34
23 35
23 36
23 40
23 43
23 45
23 47
23 48
23 54
23 58
23 59
24 25
24 28
24 29
24 31
24 32
24 33
24 36
24 40
24 50
24 52
24 53
24 54
24 59
25 26
25 33
25 38
25 39
25 42
25 43
25 51
25 54
25 55
25 58
26 28
26 31
26 35
26 36
26 42
26 44
26 45
26 48
26 49
26 51
26 53
26 55
26 57
26 59
27 28
27 30
27 31
27 37
27 38
27 40
27 49
27 54
28 29
28 30
28 32
28 38
28 39
28 44
28 45
28 46
28 51
28 55
28 57
28 59
29 31
29 32
29 37
29 40
29 41
29 42
29 46
29 51
29 54
29 57
30 32
30 36
30 38
30 40
30 41
30 42
30 44
30 46
30 55
30 56
30 59
31 32
31 33
31 35
31 36
31 46
31 48
31 49
31 50
31 57
32 33
32 41
32 50
32 51
32 56
32 57
33 39
33 40
33 41
33 47
33 58
34 37
34 39
34 40
34 45
34 49
34 52
34 54
34 59
35 37
35 38
35 40
35 43
35 46
35 48
35 53
35 58
36 43
36 51
36 52
36 54
36 56
36 57
37 42
37 44
37 45
37 48
37 51
37 54
37 58
38 41
38 45
38 50
38 52
38 57
38 59
39 41
39 43
40 41
40 43
40 47
40 52
40 56
40 59
41 42
41 45
41 49
41 55
41 57
41 58
42 43
42 48
42 50
42 51
42 53
42 59
43 44
43 47
43 48
43 50
43 51
43 52
43 59
44 45
44 48
44 49
44 55
44 57
45 46
45 48
45 49
45 50
45 51
45 57
45 59
46 48
46 49
46 51
46 55
46 56
47 49
47 50
47 54
47 56
47 57
48 49
48 50
48 53
48 54
48 56
48 57
49 50
49 51
49 54
49 55
49 57
49 58
49 59
50 51
50 55
50 56
50 58
51 52
51 54
51 58
52 53
52 55
52 56
52 57
53 55
53 56
53 59
54 59
55 56
55 57
55 59
56 57
56 58
57 58
