80 212
9 1 7 3 15 15 10 10 5 11 9 5 14 0 11 10 9 2 9 7 9 7 7 0 13 13 2 10 9 7 2 2 1 8 12 15 6 13 4 10 14 6 10 10 3 3 3 10 6 2 15 13 4 11 12 13 12 12 4 9 12 5 5 0 10 6 1 15 9 3 4 13 10 9 10 13 11 10 11 4 
0 6
0 9
0 15
0 21
0 41
0 56
0 66
0 69
0 74
1 6
1 16
1 21
1 36
1 43
1 46
1 69
2 6
2 12
2 50
2 58
2 65
2 73
3 17
3 39
3 40
3 57
3 59
3 61
3 68
4 16
4 18
4 20
4 37
4 45
4 51
4 53
4 59
5 30
5 39
5 45
5 47
5 48
5 66
6 22
6 54
6 56
6 74
7 8
7 27
7 66
7 76
8 12
8 16
8 77
9 38
9 60
9 76
10 15
10 53
10 68
11 14
11 20
11 55
11 56
12 14
12 23
13 21
13 34
13 53
13 54
13 60
13 74
14 27
14 39
14 41
14 57
14 58
14 65
14 67
14 73
14 79
15 17
15 20
15 26
15 27
15 28
15 35
15 58
15 62
15 67
16 24
16 32
16 36
16 48
17 18
17 36
17 79
18 32
18 46
18 50
18 52
19 43
19 50
20 26
20 77
21 27
21 61
21 67
22 24
22 31
22 32
22 34
22 38
22 51
22 55
23 31
24 72
24 76
25 29
25 34
26 32
26 44
26 60
26 63
26 71
26 72
26 76
26 78
27 30
27 31
27 32
27 52
27 54
27 56
27 75
28 32
28 34
28 42
28 53
28 54
28 70
28 72
29 38
30 44
31 40
31 75
32 49
32 57
32 61
32 62
33 58
33 77
34 42
34 45
34 61
36 45
36 50
36 54
36 63
37 66
38 39
38 45
38 51
39 55
39 78
40 43
40 56
40 68
41 46
41 55
41 71
42 72
42 77
43 49
44 47
44 57
44 58
44 68
45 60
46 60
48 53
49 58
49 62
49 65
49 75
50 63
50 74
50 77
51 52
51 60
51 72
52 54
52 76
54 73
55 69
56 62
56 65
57 64
57 70
57 73
60 71
60 72
61 78
62 66
63 66
66 67
67 78
68 78
69 79
70 73
73 79
75 76
