80 212
3 11 6 7 9 1 10 1 3 13 8 6 0 2 10 6 11 8 15 14 0 9 2 7 14 11 11 4 1 9 2 0 9 2 5 9 10 13 15 0 10 8 5 3 2 12 8 12 11 9 2 14 2 9 9 12 12 7 6 7 13 8 1 1 10 1 11 9 9 7 1 6 10 1 4 6 5 11 4 4 
0 8
0 24
0 31
0 65
0 79
1 16
1 18
1 26
1 34
1 38
1 66
2 35
2 51
3 7
3 9
3 59
3 65
4 20
4 33
4 40
4 67
4 69
5 17
5 25
5 31
5 33
5 53
5 62
5 65
5 68
5 70
5 78
5 79
6 14
6 29
6 34
6 38
6 57
6 66
6 68
6 69
7 49
8 13
8 17
8 67
9 12
9 15
9 17
9 33
9 52
9 62
9 76
10 11
10 12
10 41
10 61
10 63
11 16
11 42
11 46
12 21
12 22
12 28
12 48
12 77
13 22
13 30
14 15
14 17
14 34
14 38
14 53
14 72
15 50
15 60
15 71
16 54
16 57
16 60
16 61
16 66
17 20
17 28
17 47
17 68
17 71
18 24
18 52
18 55
18 67
19 32
19 46
19 50
20 31
20 40
20 48
20 75
20 76
21 49
21 55
21 60
21 65
22 26
22 56
22 59
23 31
23 39
23 41
23 49
23 50
23 65
23 67
24 25
24 36
25 26
25 31
25 33
25 56
25 62
25 66
25 69
26 46
26 48
26 53
26 59
27 34
28 38
28 70
28 77
29 43
29 59
29 74
29 75
30 33
30 59
31 59
31 74
32 48
32 70
33 54
33 61
35 57
36 52
36 62
36 79
37 43
37 56
38 43
38 56
38 75
39 74
40 45
41 58
41 67
41 76
42 45
42 47
42 55
42 71
43 53
43 54
43 58
43 60
43 66
43 70
44 47
44 65
45 58
45 78
46 55
46 77
47 64
47 72
48 52
48 61
48 62
48 70
49 54
49 59
49 67
50 66
50 68
50 71
50 75
51 61
51 70
52 68
52 79
53 57
53 71
53 73
53 74
54 71
54 75
55 61
56 75
57 65
57 79
58 71
58 75
59 70
59 72
60 75
62 76
63 70
63 73
63 75
63 76
65 74
68 79
71 73
72 78
