70 238
6 5 12 9 11 1 5 6 11 5 2 7 2 14 4 11 0 4 12 14 2 13 8 6 11 3 10 9 8 9 6 15 11 7 10 3 7 15 5 2 5 1 0 9 8 13 10 6 1 3 12 6 6 7 1 1 12 10 0 10 14 11 10 11 1 8 8 6 6 5 
0 22
0 26
0 37
0 55
1 7
1 9
1 29
1 33
1 40
1 43
1 46
1 48
1 52
1 65
1 69
2 4
2 18
2 39
2 46
3 5
3 18
3 39
3 40
3 62
3 68
4 7
4 12
5 24
5 26
5 38
5 39
5 42
5 63
6 13
6 25
6 30
6 34
6 44
6 56
7 27
7 34
7 35
7 38
7 40
7 42
7 46
7 63
8 18
8 20
8 30
8 37
8 57
8 67
8 68
9 19
9 29
9 35
9 37
9 48
9 52
9 60
10 12
10 37
10 48
10 50
11 16
11 28
11 29
11 36
11 49
11 50
11 57
11 63
11 64
12 14
12 19
12 20
12 27
12 52
12 55
13 16
13 22
13 26
13 32
13 37
13 38
13 56
13 57
13 66
14 19
14 32
14 33
14 34
14 50
14 53
14 56
14 62
15 34
15 42
15 59
15 60
15 62
16 26
16 34
16 46
16 50
16 55
17 19
17 31
17 47
17 48
17 50
17 62
18 30
18 35
18 43
18 44
18 51
18 53
18 54
18 60
19 39
19 42
19 51
19 62
19 65
19 67
20 21
20 51
20 53
20 58
21 24
21 40
21 52
22 24
22 36
22 40
22 48
22 51
22 66
23 31
23 32
23 36
23 38
23 39
23 55
24 27
24 40
24 42
24 56
24 58
24 69
25 51
25 52
25 53
26 35
26 45
26 55
26 57
26 58
26 59
27 51
28 33
28 45
28 48
28 60
28 61
28 66
29 50
30 31
30 40
30 57
30 61
31 36
31 39
31 55
31 58
32 50
32 60
32 69
33 36
33 37
33 42
33 51
33 64
34 38
34 48
34 51
35 53
35 55
36 47
36 58
37 39
37 50
37 51
37 62
37 67
38 41
38 58
39 40
39 54
39 57
39 69
40 44
40 51
41 50
41 63
41 65
41 69
42 45
42 61
42 64
42 67
44 61
45 50
46 50
46 58
47 52
47 58
47 64
49 56
49 62
52 68
53 61
53 63
54 60
54 62
55 56
55 63
55 64
57 62
57 67
62 67
63 66
64 65
64 67
64 69
65 67
