40 117
5 6 2 3 6 5 4 0 3 6 4 5 6 6 4 6 4 5 2 7 2 3 1 5 5 6 1 1 6 4 1 5 0 3 7 2 1 1 7 2 
0 3
0 9
0 13
0 15
0 21
0 24
0 29
0 32
0 33
1 6
1 9
1 14
1 18
1 24
2 7
2 9
2 10
2 24
2 30
2 35
2 38
2 39
3 26
3 32
3 36
3 37
3 38
4 10
4 17
4 23
5 10
5 11
5 23
6 12
6 14
6 16
6 32
6 33
7 8
7 17
7 19
7 22
7 24
7 27
7 30
8 19
8 20
8 24
8 27
8 30
8 37
9 10
9 23
9 24
9 28
9 29
9 30
9 31
9 35
10 12
10 14
10 24
10 29
10 35
10 37
11 17
11 18
11 21
11 25
11 37
12 15
12 16
12 28
13 16
13 29
13 37
14 31
15 26
15 29
15 30
15 32
15 37
16 29
16 35
16 38
17 18
17 38
19 27
19 29
19 30
19 37
19 38
20 34
21 26
21 30
22 32
23 27
23 32
23 34
24 30
24 34
24 39
25 27
25 38
26 31
27 29
27 35
27 37
29 35
29 37
30 39
31 33
31 35
32 34
32 39
35 36
35 37
