50 220
3 2 0 7 2 5 6 1 5 0 3 1 0 7 7 3 1 0 6 2 4 3 6 4 1 7 2 1 1 3 1 4 1 3 2 6 6 6 7 1 7 7 2 7 5 1 7 3 7 4 
0 2
0 6
0 11
0 13
0 21
0 22
0 24
0 25
0 36
0 42
1 2
1 41
1 45
2 6
2 9
2 10
2 13
2 21
2 25
2 27
2 46
2 47
2 49
3 11
3 17
3 23
3 24
3 29
3 35
4 6
4 8
4 25
4 27
4 30
4 32
4 35
4 36
4 37
4 46
4 47
4 49
5 8
5 14
5 21
5 22
5 25
5 34
5 38
5 39
5 42
5 45
6 9
6 10
6 14
6 16
6 21
6 25
6 27
6 30
6 36
6 39
7 9
7 12
7 20
7 21
7 23
7 29
7 33
7 43
8 22
8 30
8 33
8 37
8 40
8 42
9 11
9 12
9 23
9 25
9 33
9 40
9 41
9 45
10 17
10 23
10 25
10 27
10 36
10 38
10 42
10 48
11 20
11 23
11 26
11 32
11 33
11 35
11 43
11 45
12 13
12 19
12 20
12 23
12 26
12 29
12 32
12 43
13 14
13 21
13 24
13 25
13 37
13 39
13 44
14 21
14 24
14 32
14 37
14 39
15 16
15 17
15 24
15 31
15 35
15 44
16 26
17 29
17 45
17 46
18 28
18 32
18 36
18 41
18 44
19 20
19 32
19 34
19 35
19 38
19 39
19 43
19 46
19 47
20 25
20 35
20 46
21 24
21 25
21 26
21 27
21 28
21 31
21 34
21 36
21 39
22 23
22 33
22 34
22 36
22 40
23 31
23 33
23 43
24 25
24 30
24 39
24 40
25 31
25 36
25 43
26 27
26 41
26 47
26 48
27 28
27 35
27 36
27 38
27 42
27 45
28 43
28 45
29 44
29 45
29 47
30 31
30 35
30 37
30 39
30 40
30 42
30 48
32 34
32 35
32 38
32 43
32 46
33 36
33 40
34 42
35 38
35 41
35 46
35 47
36 47
37 42
37 46
37 49
38 40
38 46
38 47
40 42
41 44
41 49
42 47
43 46
44 46
44 48
45 48
46 47
