60 90
1 6 1 3 11 4 8 4 13 14 12 9 2 7 0 12 7 5 2 1 1 0 2 1 6 3 7 6 4 11 15 11 5 0 2 1 1 5 6 9 2 3 8 1 15 12 14 8 7 12 6 13 13 2 12 2 3 3 10 0 
0 11
0 18
0 25
0 26
0 39
0 53
0 56
0 58
1 17
1 29
1 40
2 22
2 24
2 29
2 37
2 38
3 7
3 19
3 20
3 24
3 33
3 51
3 54
4 52
4 53
5 8
5 36
5 48
6 28
6 46
7 9
7 54
8 16
8 22
8 32
9 55
10 56
11 15
11 39
11 45
12 33
12 40
13 29
13 50
13 56
14 38
14 58
15 18
15 21
16 30
17 59
18 22
18 23
18 53
19 23
20 31
22 24
22 27
22 30
22 42
24 40
24 56
25 59
26 41
26 44
26 51
29 42
29 53
31 43
33 36
33 43
33 48
34 39
35 46
36 41
36 51
36 54
37 47
38 46
39 41
39 50
40 54
41 46
41 47
44 57
45 55
47 58
48 51
49 58
51 55
