90 194
12 8 7 1 4 7 14 4 6 11 12 4 3 9 6 0 13 3 4 4 1 1 0 13 5 11 13 6 13 8 6 8 1 5 13 10 7 7 12 12 8 1 7 8 6 2 2 8 7 8 7 12 13 11 6 13 15 1 8 10 12 4 2 2 4 0 10 2 11 10 12 10 1 1 15 3 7 15 2 11 9 1 4 9 12 0 10 0 3 14 
0 31
0 66
0 74
0 88
1 9
1 39
1 42
1 44
1 50
1 53
2 9
2 31
2 36
2 63
2 84
3 6
3 10
3 13
3 17
3 47
3 63
3 75
3 86
4 81
4 86
5 8
5 25
5 47
5 66
5 88
6 27
7 28
7 65
7 77
7 87
8 36
8 37
8 49
8 83
9 16
9 22
9 37
9 58
10 48
10 58
10 64
11 18
11 31
11 84
11 88
12 31
12 60
12 73
13 21
13 29
13 61
13 81
14 24
14 53
14 59
14 69
15 16
15 19
15 34
15 40
15 42
15 79
16 26
16 53
16 63
16 69
16 72
17 29
17 58
18 21
18 32
18 35
18 38
18 60
18 87
19 31
19 33
19 63
19 74
19 78
20 50
20 51
21 75
21 82
22 42
22 75
22 79
22 84
23 35
23 54
23 73
24 34
24 40
24 50
24 67
25 62
25 72
26 81
27 29
27 75
28 62
28 83
28 86
29 50
29 55
29 89
30 61
30 63
30 69
30 78
32 75
32 79
32 84
34 41
34 59
34 82
35 43
35 56
35 67
35 68
36 50
36 58
36 71
37 87
38 47
38 82
38 88
39 41
39 63
39 80
40 48
40 61
40 64
41 42
42 52
43 54
43 72
44 50
44 55
44 65
44 70
44 87
45 66
46 65
47 50
47 62
47 83
48 50
48 51
48 67
48 70
49 81
51 57
51 58
51 61
51 88
53 80
54 66
54 74
55 81
56 89
57 61
58 69
58 76
59 80
60 61
61 87
61 89
62 68
62 73
64 75
64 79
65 74
66 72
67 76
67 89
68 71
68 74
69 85
73 74
73 78
73 85
74 82
75 77
78 80
81 82
81 87
82 83
83 87
