100 449
20 31 5 3 10 15 20 21 10 21 26 15 20 30 24 8 24 26 6 0 0 0 15 8 19 2 26 12 6 11 14 21 22 3 24 0 13 9 31 21 26 7 11 15 2 20 5 13 18 9 16 6 28 22 7 20 0 20 12 22 4 22 21 4 28 29 12 4 25 24 0 8 30 28 24 15 20 5 1 26 16 27 1 5 27 31 24 2 9 4 24 3 26 17 31 15 3 12 20 9 
0 6
0 23
0 43
0 50
0 55
0 57
0 58
0 63
0 98
1 6
1 13
1 30
1 31
1 33
1 41
1 57
1 58
1 90
1 95
1 97
2 19
2 33
2 34
2 41
2 66
2 82
2 87
2 93
2 95
3 8
3 18
3 23
3 79
3 91
3 97
4 14
4 21
4 23
4 38
4 43
4 49
4 53
4 78
4 88
4 98
5 20
5 22
5 27
5 51
5 56
5 68
5 83
5 86
5 99
6 7
6 23
6 30
6 50
6 57
6 58
6 63
6 73
7 28
7 85
7 92
7 98
8 17
8 25
8 31
8 55
8 57
8 72
8 73
8 75
8 84
9 18
9 20
9 34
9 51
9 69
9 71
9 74
9 82
9 83
9 99
10 11
10 32
10 37
10 38
10 46
10 62
10 65
10 67
10 88
11 12
11 32
11 46
11 47
11 59
11 64
11 65
11 89
11 96
12 24
12 32
12 46
12 47
12 59
12 65
12 81
12 89
13 17
13 19
13 21
13 30
13 33
13 41
13 57
13 58
13 95
14 23
14 38
14 43
14 53
14 62
14 63
14 78
14 98
15 22
15 26
15 36
15 45
15 48
15 52
15 56
15 70
15 76
15 92
16 59
16 60
16 61
16 64
16 79
16 80
16 81
16 91
16 94
17 18
17 25
17 31
17 40
17 44
17 77
17 84
18 19
18 40
18 44
18 69
18 71
18 77
18 82
19 33
19 34
19 41
19 66
19 87
19 95
20 27
20 29
20 51
20 69
20 71
20 83
20 85
20 99
21 42
21 74
22 27
22 28
22 60
22 68
22 83
22 86
22 97
22 99
23 42
23 43
23 50
23 63
23 98
24 26
24 47
24 48
24 59
24 70
24 76
24 89
24 94
24 97
25 30
25 31
25 40
25 73
25 75
25 77
25 84
26 45
26 47
26 48
26 56
26 68
26 70
26 76
27 28
27 45
27 68
27 83
27 86
27 99
28 48
28 60
28 61
28 68
28 80
28 86
28 94
29 34
29 36
29 45
29 52
29 56
29 66
29 87
29 93
30 33
30 41
30 50
30 57
30 58
31 40
31 44
31 73
31 77
31 84
32 37
32 46
32 49
32 65
32 67
32 88
33 41
33 58
33 74
33 77
33 95
34 36
34 52
34 66
34 87
34 93
35 48
35 61
35 67
35 74
36 45
36 52
36 56
36 66
36 83
36 90
36 93
36 96
37 46
37 54
37 62
37 65
37 67
37 78
37 88
38 49
38 53
38 64
38 78
38 79
38 91
38 92
39 42
39 54
39 55
39 62
39 67
39 72
39 75
39 88
39 98
40 41
40 44
40 71
40 77
40 82
41 87
41 95
42 54
42 55
42 62
42 72
42 73
42 75
42 88
43 53
43 54
43 63
43 78
43 98
44 69
44 71
44 77
44 82
44 95
45 48
45 52
45 56
45 70
46 59
46 65
46 67
46 79
47 48
47 59
47 61
47 76
47 89
47 97
48 70
48 76
48 89
49 53
49 64
49 78
49 79
49 81
49 91
50 57
50 58
50 63
50 75
50 98
51 69
51 71
51 82
51 83
51 93
51 99
52 56
52 70
52 93
52 99
53 67
53 74
53 78
53 79
53 96
53 98
54 55
54 62
54 67
54 72
54 88
55 72
55 73
55 75
55 84
55 92
56 70
56 93
56 96
57 58
57 63
58 74
58 84
59 65
59 76
59 85
59 89
60 61
60 68
60 76
60 80
60 86
60 94
61 64
61 68
61 80
61 81
61 94
62 67
62 72
62 88
62 92
63 72
63 98
64 79
64 80
64 81
64 91
65 89
65 91
66 69
66 87
66 93
66 95
66 96
67 88
68 86
68 94
69 71
69 82
69 83
70 76
70 86
71 82
71 87
72 73
72 75
73 75
73 84
74 86
74 92
75 84
76 89
77 82
77 84
78 79
78 91
79 81
79 91
80 81
80 89
80 91
80 94
81 91
81 94
83 99
86 94
86 99
87 93
87 95
88 97
90 99
