50 73
3 6 7 6 3 7 3 6 1 2 6 2 0 7 0 7 0 5 6 6 6 7 5 1 4 2 2 7 3 6 6 4 7 3 3 2 2 0 1 3 2 3 4 5 6 0 1 5 5 6 
0 4
0 21
1 8
1 12
1 13
2 10
2 39
2 46
3 19
3 20
3 21
3 25
3 40
3 43
3 48
4 8
4 18
4 32
4 35
5 12
5 27
6 20
7 28
7 30
7 31
8 15
9 11
9 24
9 43
10 32
11 32
12 21
12 26
12 29
12 39
12 44
13 20
13 31
13 39
13 43
13 47
14 23
14 34
14 46
14 48
15 19
16 44
17 33
18 35
19 21
19 29
19 48
20 28
20 32
20 39
20 49
21 48
22 24
22 45
23 36
23 41
24 48
25 42
27 35
27 38
27 45
28 38
28 45
31 33
36 37
36 38
36 44
37 47
