40 95
5 2 7 4 6 6 2 1 7 6 7 6 7 3 4 7 7 5 2 4 1 4 4 4 7 2 5 1 1 0 5 6 0 1 4 0 3 1 3 6 
0 4
0 11
0 15
0 19
0 29
0 32
0 38
1 10
1 11
1 21
1 34
2 5
2 28
2 35
2 39
3 4
3 10
3 14
3 15
3 21
3 34
3 35
4 12
4 13
4 22
5 12
5 14
5 21
5 23
5 32
5 36
6 16
6 19
6 25
6 37
7 14
7 32
7 34
8 13
9 16
9 18
9 20
9 22
9 30
9 31
9 33
9 34
10 17
10 22
10 24
10 25
10 34
11 21
11 30
12 23
12 29
12 31
12 38
13 21
13 28
13 32
13 34
13 36
15 20
15 23
16 19
16 32
17 19
17 24
17 26
17 34
18 24
19 26
20 22
20 24
20 35
20 39
21 32
21 35
22 24
22 30
23 25
24 34
25 38
26 30
27 34
27 36
28 30
29 38
30 33
32 38
35 37
35 39
36 37
36 39
