50 126
6 4 2 1 7 4 1 5 7 3 1 6 3 1 3 0 2 0 7 4 1 1 5 7 2 6 4 0 1 7 4 2 3 0 0 0 0 3 2 1 0 0 0 0 4 3 3 1 0 2 
0 1
0 5
0 12
0 29
0 38
0 45
1 7
1 34
1 41
1 44
1 48
2 3
2 7
2 9
2 17
2 22
2 47
3 11
3 16
3 32
3 40
4 33
4 38
5 9
5 10
5 11
5 17
5 32
5 40
5 41
5 49
6 10
6 11
6 16
6 26
6 28
6 30
7 24
7 40
7 41
8 10
8 23
8 30
8 41
9 13
9 21
9 43
9 45
10 21
10 29
10 33
11 24
11 26
11 35
11 38
12 25
12 42
12 46
12 48
13 27
13 39
13 40
13 47
14 28
14 31
14 49
15 19
15 24
15 33
15 38
15 48
15 49
16 29
16 32
17 28
17 35
17 36
18 21
18 33
18 47
19 40
19 46
20 21
20 49
21 23
21 27
21 43
21 49
22 36
22 43
22 46
23 40
23 43
24 30
24 41
24 46
25 46
25 48
26 42
27 29
27 44
28 32
28 40
28 47
28 48
29 34
29 40
31 38
31 39
31 47
32 35
32 48
33 49
34 49
35 46
36 40
36 41
36 46
37 40
37 43
37 45
39 40
41 43
42 47
42 48
47 49
