50 118
4 4 7 7 7 3 5 1 7 6 4 1 0 2 1 7 5 4 0 7 0 0 5 2 2 4 0 6 0 4 2 3 3 3 4 0 3 1 7 0 4 5 5 6 5 4 2 4 0 0 
0 2
0 3
0 5
0 14
0 22
0 25
0 29
0 46
0 49
1 2
1 3
1 7
1 22
1 39
1 40
1 43
1 45
2 9
2 21
2 38
2 44
3 5
3 7
3 11
3 40
4 8
4 10
4 25
4 42
5 39
6 19
6 24
6 26
7 14
8 25
8 42
8 45
8 47
9 17
9 32
9 34
9 38
9 39
10 32
10 38
11 13
11 33
12 19
12 20
12 22
12 31
12 37
13 15
13 41
13 46
14 30
14 36
14 41
14 43
15 23
15 35
16 20
16 22
16 46
16 48
17 19
17 29
17 30
17 37
17 40
17 44
17 49
18 36
18 41
18 46
19 20
19 32
19 42
19 45
19 46
20 26
20 28
20 37
20 47
21 35
21 48
22 37
22 46
23 38
24 28
24 43
24 44
24 45
24 49
25 28
25 29
25 33
25 37
25 43
26 35
27 30
27 36
27 40
27 48
28 29
28 45
29 31
30 47
31 42
32 39
32 49
33 48
34 36
34 49
35 37
43 46
43 47
45 48
