35 102
0 0 2 0 2 1 5 6 1 3 7 1 3 7 2 7 3 0 3 2 2 5 0 3 2 6 6 1 6 5 7 5 0 7 3 
0 8
0 10
0 11
0 15
0 24
0 30
0 31
1 5
1 14
1 17
1 34
2 19
2 23
3 8
3 14
3 27
3 28
3 29
3 31
3 32
3 34
4 7
4 11
4 17
4 18
4 20
4 21
4 28
4 30
5 7
5 9
5 10
5 14
5 15
5 20
5 21
5 24
6 9
6 12
6 13
6 20
7 9
7 17
7 20
7 23
7 28
7 34
8 11
8 19
8 27
8 29
8 31
9 15
9 20
9 23
9 28
10 11
10 15
10 24
10 31
11 17
11 24
11 25
11 29
11 31
12 16
12 24
13 18
13 21
13 24
13 34
14 16
14 17
15 20
15 24
16 19
17 25
19 20
19 21
19 23
19 25
19 32
20 23
20 24
21 25
21 31
21 34
22 30
22 34
23 27
23 28
23 33
23 34
24 25
26 30
27 28
27 29
27 34
28 34
29 31
29 34
30 33
