35 104
1 6 1 1 1 3 3 0 7 4 3 3 5 2 5 4 1 1 6 4 5 5 3 5 2 2 5 6 7 0 2 7 3 5 0 
0 1
0 3
0 7
0 11
0 13
0 14
0 31
0 32
1 7
1 10
1 11
1 27
1 31
1 32
2 8
2 9
2 10
2 25
2 27
2 28
2 30
3 7
3 12
3 14
3 17
3 20
3 29
3 34
4 19
4 25
5 11
5 13
5 18
6 8
6 9
6 10
6 22
6 23
6 26
6 29
6 32
7 11
7 12
7 14
7 15
7 21
7 29
8 12
8 17
8 23
8 25
8 28
8 34
9 14
9 19
10 22
10 27
10 28
10 30
10 32
11 14
11 23
11 27
11 32
12 14
12 17
12 34
13 20
13 22
13 30
13 32
14 16
14 17
14 21
15 21
15 22
15 25
15 33
16 21
16 32
17 24
17 25
17 31
17 34
18 19
18 24
19 29
19 33
20 24
21 23
22 29
23 24
23 30
24 30
25 28
25 30
25 34
26 33
27 30
27 32
28 30
28 34
30 32
30 33
