50 148
5 2 1 3 7 7 7 6 4 6 2 2 4 0 0 7 3 3 3 0 6 3 7 1 2 2 4 2 2 1 1 3 7 1 7 3 4 6 2 2 5 5 0 7 2 3 5 6 4 4 
0 14
0 23
0 34
0 39
0 43
1 7
1 9
1 17
1 22
1 24
1 31
1 37
2 32
2 42
2 43
2 45
2 47
3 19
3 21
3 36
3 43
3 44
3 48
4 5
4 7
4 9
4 14
4 22
4 27
4 31
4 36
4 44
5 7
5 9
5 18
5 27
5 33
5 35
6 12
6 23
6 40
6 43
7 22
7 23
7 27
7 31
8 9
8 18
8 25
8 29
8 33
8 37
9 18
9 33
10 18
10 21
10 39
10 45
10 49
11 12
11 15
11 42
12 17
12 22
12 23
12 24
12 31
12 37
12 42
12 49
13 15
13 22
13 32
13 34
13 35
13 37
13 44
13 45
13 47
14 29
14 42
14 46
14 49
15 24
16 30
17 22
17 43
17 45
17 47
18 20
18 25
18 32
18 33
19 49
20 21
20 37
21 23
21 34
22 24
22 25
22 31
22 44
23 24
23 28
23 29
23 37
23 46
24 37
24 42
24 45
24 47
25 26
25 31
25 33
25 39
25 44
25 49
26 39
27 31
27 36
27 38
27 43
28 47
29 34
29 37
29 42
29 46
29 47
30 36
31 36
32 39
32 49
33 35
33 48
34 39
34 40
34 44
34 46
34 49
36 40
37 42
38 47
39 45
41 46
42 46
43 47
46 47
46 49
