60 136
13 8 13 13 9 15 2 11 8 3 10 9 0 2 7 11 13 12 8 0 0 1 14 14 1 1 9 14 1 3 4 2 12 14 14 2 12 0 15 8 6 7 11 2 0 12 15 8 0 4 11 5 4 3 4 9 3 2 2 8 
0 36
1 3
1 5
1 37
1 42
1 52
1 58
2 20
2 36
2 56
3 39
3 56
3 57
4 6
4 12
4 20
4 32
4 38
5 24
5 32
5 35
5 44
5 46
6 7
6 31
6 47
7 13
7 15
7 28
7 44
7 53
8 14
8 30
9 40
9 43
10 15
10 30
10 41
10 52
11 15
11 18
11 23
11 30
12 21
12 43
12 53
12 58
13 38
13 42
13 43
14 56
15 20
15 38
15 50
15 53
16 26
16 27
16 31
16 34
16 48
16 50
16 57
16 58
17 51
17 57
18 33
18 38
18 46
18 48
18 58
19 48
20 23
20 24
20 51
21 26
21 56
22 58
22 59
23 38
23 56
23 57
24 26
24 36
24 46
24 50
24 57
25 34
25 41
25 49
25 52
25 56
26 29
26 37
27 34
27 57
28 42
29 33
29 35
29 54
30 50
31 42
31 59
32 37
32 39
32 47
32 53
32 59
33 49
33 56
34 36
34 39
34 47
34 55
36 42
36 47
37 45
37 58
38 42
38 49
38 56
39 53
40 53
41 59
42 55
43 46
44 46
45 51
45 53
46 51
46 54
46 55
49 56
49 57
50 52
50 59
51 56
