80 142
11 8 8 6 1 13 14 12 11 12 8 4 11 13 3 2 6 5 1 14 5 13 3 10 6 6 11 12 14 5 1 10 10 14 9 7 2 13 1 1 6 13 1 8 12 5 11 2 2 3 8 4 1 7 15 1 6 8 9 3 5 3 9 3 9 9 6 9 10 8 2 15 14 6 3 4 14 6 10 2 
0 35
1 18
1 19
1 46
1 72
2 17
2 65
3 17
3 23
3 38
3 48
3 51
3 64
3 72
4 65
4 75
5 18
5 22
5 26
5 52
5 58
5 63
5 70
6 27
6 30
6 61
6 62
7 37
7 43
8 14
8 22
8 36
8 37
9 17
9 22
9 30
9 51
9 52
9 55
9 73
10 18
10 22
10 42
10 51
11 27
11 35
11 60
12 30
12 40
12 41
13 53
13 57
13 60
14 16
14 68
15 51
16 31
16 37
16 66
16 71
17 19
17 26
17 42
17 65
17 66
18 67
18 77
19 22
19 33
19 68
19 79
20 35
20 48
20 53
20 63
20 74
21 25
21 54
23 75
24 30
24 48
24 61
25 35
25 75
26 70
26 79
28 55
28 57
29 30
29 50
29 57
30 41
31 56
32 57
32 64
34 75
35 36
35 51
35 52
36 69
36 70
37 47
39 52
39 64
40 59
40 69
40 73
42 50
42 60
43 69
43 76
44 45
44 52
44 75
45 70
46 52
46 59
46 67
46 72
48 73
49 56
49 70
50 60
50 77
51 74
51 77
52 64
52 67
52 68
52 78
53 67
53 76
54 68
55 69
56 68
56 70
57 58
57 74
62 68
62 78
64 68
70 76
