60 135
2 15 4 1 8 11 4 0 10 1 14 11 0 7 15 0 9 8 11 14 8 13 15 8 5 3 13 2 0 4 14 2 5 6 10 11 9 14 15 6 2 1 7 9 2 6 10 15 4 1 5 11 8 6 9 2 5 0 4 4 
0 8
0 25
0 33
0 51
0 55
1 13
1 24
1 32
1 51
2 4
2 36
3 12
3 57
4 36
4 37
4 38
4 47
5 15
5 44
6 8
6 17
6 27
6 28
6 29
6 30
6 38
6 47
6 59
7 8
7 30
7 31
7 36
7 49
8 15
8 16
8 28
8 37
8 38
8 39
8 47
9 17
9 28
9 37
9 38
9 39
9 40
9 46
9 58
9 59
10 24
10 31
10 49
10 56
10 57
11 46
12 16
12 43
13 49
13 57
14 17
14 18
14 23
14 27
14 39
15 22
15 58
16 27
17 21
17 26
17 28
17 38
17 39
17 41
17 57
18 26
18 38
18 41
18 45
19 21
20 32
20 38
20 41
20 43
21 26
21 41
21 44
21 57
22 26
22 27
22 32
22 33
22 35
22 57
23 25
23 29
23 52
24 31
24 32
25 43
25 56
26 38
27 37
27 53
28 36
28 52
28 56
29 42
29 44
30 33
30 45
32 55
33 41
34 38
34 40
35 53
35 56
36 52
37 41
37 48
37 57
38 44
38 49
38 50
39 41
39 57
41 48
43 53
44 48
45 46
45 50
45 56
46 56
47 54
49 56
51 59
