60 137
0 3 10 1 4 6 8 15 15 7 1 0 9 15 15 6 1 8 13 14 3 11 14 13 14 15 15 6 0 12 11 5 8 11 5 13 0 10 14 8 10 11 11 10 14 8 2 13 15 3 7 7 3 5 11 1 11 5 15 9 
0 11
0 29
0 39
0 41
0 51
0 59
1 2
1 4
1 12
1 20
2 4
2 5
2 8
2 11
2 15
2 26
2 44
3 15
3 33
3 40
3 44
3 45
3 47
4 8
4 11
4 26
4 27
4 45
5 58
6 8
6 26
6 44
6 54
7 17
7 54
8 14
8 27
8 42
9 11
9 15
9 24
9 31
10 11
10 15
10 26
10 44
10 45
10 57
11 30
11 45
11 48
11 59
12 18
12 30
12 34
12 42
13 25
13 52
14 21
14 32
14 59
15 25
15 36
15 45
15 49
16 25
18 29
18 51
18 53
18 58
19 35
19 42
20 26
21 50
21 53
22 23
23 26
23 33
23 42
23 45
23 47
23 51
23 57
24 31
24 37
24 48
24 51
24 56
25 33
25 45
25 53
26 29
26 33
26 45
26 51
26 52
26 54
26 56
27 30
28 50
29 34
29 43
29 48
29 50
30 42
31 41
31 59
32 35
32 47
33 46
33 59
35 46
35 57
36 44
36 45
36 47
37 54
37 57
38 40
38 47
38 48
39 48
39 53
40 58
40 59
42 53
43 55
45 47
46 48
48 49
50 53
50 56
51 56
52 56
54 55
54 56
54 57
