30 89
6 7 3 2 5 7 0 2 1 0 6 3 1 2 7 5 3 6 1 2 5 6 7 2 3 1 5 3 6 1 
0 5
0 9
0 16
0 19
0 23
0 28
1 4
1 6
1 9
1 11
1 21
1 22
1 29
2 10
2 13
2 16
2 20
2 23
2 24
2 27
3 7
3 8
3 15
3 17
3 25
3 26
4 6
4 9
4 19
4 21
4 28
5 16
5 19
5 20
5 23
5 28
6 11
6 17
6 21
6 22
7 8
7 15
7 17
7 22
7 26
8 15
8 18
8 25
8 26
9 19
9 21
9 28
10 14
10 18
10 20
10 24
10 27
11 17
11 21
11 22
11 26
12 18
13 18
13 27
13 28
14 15
14 18
14 24
14 25
14 27
15 18
15 25
15 29
16 20
16 23
16 24
17 22
17 26
18 25
18 27
19 23
19 28
20 23
20 24
21 28
21 29
22 26
24 27
25 27
