90 133
1 3 15 11 8 15 14 10 13 2 0 6 8 0 12 4 5 15 10 2 11 0 6 3 12 5 2 3 4 5 7 15 7 8 10 14 9 4 11 9 6 14 8 13 3 11 8 1 0 13 10 11 5 11 9 9 7 8 7 8 9 13 14 4 9 7 15 1 10 6 4 10 9 13 9 11 3 6 15 9 3 6 15 7 12 2 0 4 6 12 
0 6
0 13
0 40
0 61
0 68
1 5
1 68
1 78
2 23
2 33
2 45
2 52
2 58
3 5
3 55
3 75
4 5
4 40
4 64
5 25
6 27
6 36
6 74
7 12
7 52
7 69
7 86
8 40
8 52
8 58
8 67
9 47
9 77
10 11
10 14
10 67
10 73
10 85
12 18
12 38
12 72
13 39
13 44
13 47
13 76
13 77
14 53
14 81
14 83
15 26
15 29
15 61
15 63
16 31
16 50
17 78
18 22
18 49
19 37
19 44
19 56
20 37
20 71
21 81
21 89
22 28
22 38
24 74
25 26
25 32
26 46
26 59
26 79
27 89
28 33
28 43
28 52
28 71
29 48
30 35
30 42
30 75
31 56
31 82
32 44
33 37
33 41
33 46
34 42
34 48
34 49
36 83
37 66
38 46
39 62
40 76
42 62
42 72
43 54
43 60
43 76
45 54
45 73
46 50
47 68
48 62
48 64
48 88
49 66
49 72
50 71
51 80
51 87
51 89
53 61
53 74
55 77
56 80
57 89
62 84
63 81
64 84
65 74
69 71
70 77
74 87
74 89
75 84
80 82
82 87
83 84
84 85
85 86
