100 150
22 18 16 26 17 11 14 15 0 10 3 23 0 10 24 26 22 0 21 1 10 25 0 15 18 27 4 8 21 18 22 20 27 22 7 28 29 12 29 13 17 0 22 8 29 8 24 6 20 14 24 20 19 2 20 8 4 1 21 27 14 8 19 12 16 31 22 8 13 16 8 17 18 19 30 8 14 14 17 30 26 18 28 0 4 31 24 17 24 24 28 1 3 15 3 30 15 7 13 14 
0 13
0 91
0 96
1 83
1 88
2 54
2 56
2 68
3 12
3 16
3 22
3 29
3 53
3 80
4 12
4 15
4 38
4 55
4 68
4 98
5 12
5 25
6 98
7 35
7 38
7 40
7 90
7 96
8 82
8 99
9 59
9 66
10 42
10 60
10 62
10 98
11 29
11 84
12 23
12 32
12 57
12 64
12 92
12 94
12 99
13 19
13 31
13 94
14 64
14 78
14 93
15 46
15 67
16 79
16 80
17 21
17 50
17 81
18 30
18 71
18 90
19 39
19 74
19 87
20 31
20 42
20 49
21 50
21 53
21 85
22 34
22 83
22 84
22 86
23 42
23 66
23 68
23 88
24 63
24 98
25 90
26 32
26 36
26 46
26 52
26 98
27 65
28 58
30 65
30 94
31 42
32 39
33 74
35 66
36 79
37 39
37 44
37 59
38 76
39 86
39 89
40 68
40 81
41 49
41 73
41 91
42 85
42 94
43 53
43 61
43 63
44 56
44 99
45 66
45 97
46 72
46 98
47 69
47 99
48 59
48 92
50 95
50 98
51 88
51 93
52 77
53 58
54 55
54 94
57 65
59 73
60 73
60 87
60 94
62 75
62 90
67 90
68 73
70 90
72 76
73 98
74 98
77 99
78 90
78 94
83 86
85 92
87 93
92 98
96 98
