100 448
2 15 1 12 17 11 2 16 1 24 18 27 29 21 20 12 26 31 3 18 10 6 5 18 21 27 13 6 7 3 0 10 7 1 15 3 8 9 8 11 21 19 18 22 18 26 22 19 24 7 7 13 30 26 31 28 10 6 15 23 14 11 26 26 8 22 11 8 15 13 30 12 4 8 25 5 27 3 24 22 25 7 25 17 7 30 6 28 24 7 13 2 5 27 27 14 1 27 9 21 
0 7
0 43
0 49
0 96
1 31
1 41
1 52
1 60
1 68
1 76
1 77
1 82
1 86
1 90
1 94
2 8
2 14
2 21
2 22
2 34
2 40
2 46
2 49
2 62
2 69
3 4
3 5
3 10
3 16
3 18
3 29
3 35
3 43
3 61
3 63
4 12
4 21
4 48
4 50
4 55
4 65
4 69
4 91
4 98
4 99
5 9
5 14
5 18
5 29
5 61
5 69
5 85
5 92
6 25
6 30
6 33
6 39
6 51
6 53
6 72
6 84
6 92
7 26
7 61
7 70
7 94
8 19
8 22
8 39
8 40
8 49
8 54
8 62
8 72
8 87
8 91
9 14
9 22
9 29
9 38
9 39
9 51
9 61
9 79
9 85
9 92
10 11
10 12
10 16
10 24
10 35
10 43
10 64
10 78
10 81
11 16
11 24
11 38
11 43
11 56
11 64
11 81
11 89
11 94
12 20
12 26
12 28
12 36
12 48
12 50
12 89
12 99
13 43
13 55
13 67
13 78
13 79
13 87
14 33
14 38
14 39
14 46
14 51
14 61
14 82
14 85
14 92
15 27
15 56
15 64
16 18
16 24
16 35
16 43
16 48
16 81
17 20
17 26
17 28
17 31
17 42
17 71
17 89
17 93
17 94
17 95
18 29
18 35
18 43
18 61
18 65
18 77
18 85
19 25
19 49
19 52
19 72
19 75
19 82
19 87
19 90
19 97
20 35
20 80
21 22
21 32
21 34
21 61
21 65
21 69
21 73
21 91
21 98
21 99
22 34
22 40
22 62
22 69
22 74
22 98
23 34
23 63
23 67
23 77
23 79
23 81
23 85
23 86
23 88
24 35
24 36
24 43
24 56
24 64
24 81
25 30
25 33
25 37
25 39
25 45
25 53
25 59
25 84
26 28
26 36
26 42
26 64
26 71
26 89
26 95
27 31
27 32
27 37
27 53
27 54
27 59
27 71
27 83
27 86
27 93
27 95
28 36
28 42
28 48
28 81
28 89
28 95
29 35
29 43
29 55
29 61
29 66
29 85
29 98
30 33
30 37
30 53
30 59
30 66
30 75
30 83
30 84
31 37
31 59
31 71
31 83
31 93
31 95
32 47
32 54
32 69
32 97
33 39
33 49
33 51
33 63
33 80
33 84
33 92
34 40
34 62
34 63
34 65
34 69
34 85
34 98
35 38
35 43
35 61
35 78
35 80
35 99
36 42
36 48
36 50
36 89
36 99
37 52
37 53
37 59
37 70
37 74
37 83
37 93
38 43
39 51
39 57
39 84
39 92
40 49
40 62
40 69
40 72
40 88
40 92
40 96
41 56
41 60
41 63
41 64
41 68
41 71
41 76
41 86
41 94
42 56
42 71
42 89
42 93
42 95
43 50
44 53
44 69
44 96
45 55
45 58
45 69
45 84
46 50
46 65
46 82
46 85
46 97
47 57
47 64
47 87
48 50
48 65
48 80
48 89
48 99
49 55
49 57
49 62
49 72
49 75
49 82
49 87
50 65
50 89
50 98
50 99
51 62
51 84
51 85
51 92
52 60
52 68
52 75
52 86
52 90
52 97
53 59
53 67
53 83
53 84
53 97
54 57
54 80
54 82
55 68
55 76
56 64
56 68
56 76
56 79
56 81
56 94
57 61
57 69
57 91
58 78
58 80
59 83
59 84
59 90
60 68
60 75
60 79
60 80
60 83
60 86
60 90
60 97
61 63
61 66
61 78
61 85
62 72
62 87
62 91
63 73
63 90
64 76
64 81
64 82
64 94
65 69
65 70
65 88
65 98
65 99
68 76
68 86
68 93
68 94
69 98
71 83
71 93
71 95
72 75
72 87
72 97
73 90
74 94
75 87
75 90
75 97
76 81
76 86
76 94
76 95
77 85
77 91
78 97
79 80
79 82
79 87
79 96
80 89
80 90
80 97
81 94
82 92
83 91
83 93
84 87
85 92
86 90
86 97
87 90
87 97
88 93
90 96
90 97
91 96
93 95
98 99
