30 133
6 2 3 4 3 0 6 7 6 4 6 1 5 5 5 6 5 1 2 4 4 2 4 1 3 6 6 0 6 3 
0 7
0 12
0 13
0 14
1 4
1 6
1 10
1 19
1 20
1 21
1 23
1 27
1 28
1 29
2 4
2 5
2 6
2 13
2 15
2 16
2 18
2 20
2 23
2 24
2 25
3 7
3 8
3 12
3 20
3 27
3 29
4 14
4 17
4 19
4 21
4 22
4 27
4 28
5 6
5 8
5 10
5 11
5 13
5 14
5 15
5 17
5 22
5 24
5 27
6 8
6 9
6 12
6 13
6 14
6 22
6 24
6 25
7 11
7 13
7 14
7 16
7 18
8 10
8 13
8 14
8 17
8 22
8 24
8 28
8 29
9 16
9 20
10 15
10 18
11 18
11 22
12 16
12 18
12 26
12 27
12 29
13 16
13 19
13 23
13 24
13 25
14 15
14 17
14 20
14 22
14 24
14 28
15 26
15 27
16 17
16 20
16 23
16 24
16 25
16 27
16 29
17 19
17 21
17 22
17 28
18 21
18 24
19 21
19 22
19 27
19 28
19 29
20 21
20 23
20 25
20 26
20 27
20 29
21 24
21 27
21 28
21 29
22 23
22 28
23 25
23 27
23 29
24 25
25 26
25 28
25 29
26 28
27 29
