30 90
2 5 6 4 1 0 7 1 3 1 6 3 1 0 7 2 5 5 0 5 4 0 0 5 0 6 7 4 7 4 
0 1
0 8
0 10
0 13
0 15
0 29
1 4
1 12
1 13
1 15
1 26
1 29
2 6
2 7
2 19
2 21
2 22
2 23
3 5
3 9
3 24
4 12
4 15
4 16
4 25
4 27
5 6
5 14
5 17
5 21
5 22
5 25
5 27
5 28
6 14
6 21
6 22
6 23
7 8
7 10
7 11
7 13
7 17
7 19
7 23
8 10
8 11
8 13
8 19
8 29
9 12
9 17
9 18
10 13
10 19
10 23
10 28
11 23
11 25
11 29
12 15
12 16
12 27
12 29
13 26
13 29
14 16
14 21
14 25
14 27
15 16
15 26
15 28
15 29
16 20
16 25
16 27
17 19
17 21
18 29
19 22
19 23
20 25
21 22
21 25
22 23
24 27
24 28
25 27
27 28
