50 118
6 2 4 2 7 7 1 5 4 3 7 0 2 7 4 0 2 7 5 4 4 2 3 6 4 6 3 1 1 4 1 6 7 0 3 3 1 1 4 0 4 6 4 6 1 1 4 0 0 1 
0 8
0 17
1 2
1 20
1 37
2 39
2 40
2 43
3 17
3 21
3 22
3 25
3 40
4 13
4 15
4 20
4 26
4 32
4 45
5 6
5 16
5 35
6 22
6 24
6 41
6 42
6 46
6 48
6 49
7 15
7 38
7 41
7 42
7 44
8 11
8 12
8 14
8 19
8 29
8 31
9 10
10 11
10 15
10 17
10 28
10 30
10 39
10 44
10 47
11 20
11 22
11 26
11 34
11 44
12 14
12 18
12 39
12 43
12 44
12 48
13 16
13 48
15 17
15 26
15 36
15 37
15 42
16 21
16 22
16 42
17 29
17 39
17 49
18 28
18 31
19 25
19 29
19 38
19 42
20 26
20 32
20 41
20 47
21 25
22 49
23 35
24 35
24 45
24 46
25 34
26 44
27 28
27 34
27 41
28 32
29 41
29 45
29 48
30 32
30 33
30 34
30 45
31 49
32 35
32 40
33 34
33 42
34 46
34 49
35 36
35 37
37 42
38 45
38 46
39 41
42 47
42 48
47 48
