40 87
4 3 3 6 6 6 1 5 6 1 1 3 4 3 7 3 2 6 6 3 6 4 6 3 5 2 2 5 7 2 4 4 7 7 4 4 3 4 0 2 
0 12
0 16
0 23
0 29
1 12
1 29
2 3
2 24
2 28
3 4
3 8
3 11
3 17
3 22
3 30
4 15
4 18
4 21
4 25
4 38
5 8
5 11
5 22
5 37
6 10
6 12
6 16
7 8
7 11
7 14
7 25
7 28
8 32
9 17
9 20
9 26
9 27
9 34
9 37
10 19
10 24
10 31
10 37
10 38
11 15
11 22
11 23
11 24
12 33
12 39
13 18
13 28
13 35
14 15
14 18
14 21
14 31
15 26
15 36
16 19
16 36
17 21
17 24
18 37
19 35
19 38
20 33
20 39
21 26
22 23
22 29
23 36
24 27
25 31
25 32
25 34
26 31
28 30
30 35
30 36
30 38
31 32
33 34
33 39
35 37
36 38
37 39
