70 150
5 8 2 4 8 11 10 9 2 3 9 11 1 2 13 3 12 10 2 9 7 2 15 13 12 8 2 4 1 15 3 2 12 12 10 13 13 5 4 3 7 3 3 3 15 14 4 9 14 9 6 8 4 7 13 4 6 9 11 11 5 3 15 14 13 5 3 0 3 11 
0 19
0 68
1 2
1 13
1 37
1 40
2 13
2 22
2 26
2 55
2 57
3 15
3 20
3 28
3 41
4 16
4 65
5 49
5 54
5 59
5 61
6 7
6 13
6 24
6 40
6 43
6 56
6 68
7 17
7 36
8 32
8 43
8 44
8 66
9 12
9 24
9 48
9 49
9 60
9 63
9 68
10 13
10 49
10 66
11 14
11 68
12 34
12 60
12 67
12 69
13 39
13 45
13 61
13 68
14 43
14 55
14 67
15 43
15 54
15 55
15 59
15 67
16 17
16 51
17 33
17 69
18 55
18 56
18 66
19 21
19 39
19 44
20 63
21 32
21 57
22 31
22 51
22 55
22 56
22 64
22 65
23 32
23 50
23 68
24 30
24 34
25 41
25 57
27 30
28 38
28 42
28 59
29 30
29 42
29 44
29 49
29 52
29 68
30 32
30 46
30 54
30 55
30 60
30 69
31 41
31 42
31 65
32 45
32 63
32 67
32 68
33 54
33 63
34 35
34 60
34 65
35 37
35 47
35 62
36 40
36 44
36 53
36 59
37 38
37 48
37 52
37 65
38 52
38 55
39 49
39 59
40 53
40 66
41 58
42 43
42 45
43 50
43 59
43 69
44 61
45 48
45 54
48 51
48 56
49 64
52 54
52 60
55 63
57 62
67 68
