100 299
23 13 5 7 5 0 26 13 16 27 18 5 11 13 28 19 17 14 19 25 5 11 18 5 14 1 7 24 4 9 17 27 24 10 12 17 6 27 15 17 9 23 10 31 6 21 2 26 17 12 5 9 13 1 22 27 13 1 18 6 16 9 22 8 22 29 23 12 22 14 24 11 30 27 26 21 21 11 16 20 9 26 25 14 29 23 29 26 1 27 27 5 5 12 30 0 26 14 1 0 
0 2
0 33
0 59
0 68
0 83
0 92
1 3
1 6
1 39
1 63
1 64
1 82
1 96
2 20
2 26
2 31
2 33
2 59
2 68
2 88
2 95
3 6
3 34
3 39
3 82
3 84
3 99
4 24
4 53
4 81
4 83
4 84
4 91
4 92
5 12
5 27
5 32
5 66
5 79
5 86
6 34
6 39
6 58
6 82
6 96
7 11
7 16
7 22
7 36
7 44
7 54
7 85
8 16
8 22
8 45
8 56
8 61
8 77
9 46
9 53
9 64
9 71
9 81
10 18
10 30
10 90
10 96
11 22
11 23
11 44
11 74
11 98
12 14
12 32
12 48
12 66
12 79
12 86
13 16
13 36
13 38
13 42
13 51
13 89
14 50
14 90
15 46
15 66
15 75
15 92
15 95
15 96
16 36
16 38
16 44
16 54
17 19
17 26
17 28
17 30
17 35
17 52
17 73
17 99
18 62
19 28
19 30
19 35
19 52
19 76
21 36
22 44
22 54
22 74
22 98
23 27
23 37
23 43
23 74
23 86
23 98
24 45
24 47
24 53
24 65
24 81
24 91
25 31
25 33
25 55
25 56
25 80
25 95
26 36
26 37
26 45
27 43
27 66
27 86
27 98
28 46
28 51
28 52
28 72
28 76
29 60
29 65
29 73
29 88
30 34
30 35
30 39
30 99
31 33
31 55
31 65
31 68
31 95
32 48
32 56
32 79
32 80
33 68
33 95
34 35
34 39
34 58
34 99
35 52
35 77
35 99
36 38
36 40
36 42
36 46
36 54
36 77
36 85
37 47
37 87
37 91
38 42
38 54
38 89
39 49
39 99
40 43
40 51
40 59
40 73
40 84
41 62
41 64
41 69
41 78
41 82
41 96
42 51
42 57
42 72
42 89
43 61
43 66
43 74
43 86
43 98
44 54
44 74
45 47
45 61
45 70
45 81
45 85
45 91
45 97
46 71
46 82
47 50
47 70
47 91
47 97
48 55
48 56
48 73
48 79
48 80
49 96
50 62
50 70
50 93
50 94
50 97
51 72
51 76
51 89
52 72
52 76
52 84
53 59
53 81
53 83
53 92
54 84
55 56
55 80
55 95
56 79
56 80
57 77
58 60
58 71
58 74
59 68
59 83
59 88
59 92
60 96
62 69
62 78
62 93
62 94
64 69
64 78
64 82
64 96
65 77
66 79
66 86
67 87
67 89
68 92
69 78
69 94
69 96
70 88
70 90
70 91
70 93
70 97
71 72
72 76
72 87
72 89
74 98
76 89
78 93
78 94
80 95
81 83
81 91
82 96
83 92
87 91
90 92
90 95
90 99
93 94
93 97
94 97
