100 194
16 29 7 28 2 28 25 17 26 21 11 0 21 6 27 25 27 17 6 28 28 14 16 21 26 4 6 18 24 10 26 19 3 20 4 18 17 15 24 9 27 1 11 4 2 28 11 26 3 4 5 8 12 8 29 23 0 26 24 11 25 9 21 16 9 5 7 16 10 28 8 15 25 19 30 0 17 27 6 8 25 19 22 29 23 0 4 23 12 6 7 21 26 2 9 30 19 29 24 14 
0 42
0 43
0 96
1 4
1 56
2 51
2 62
2 79
2 83
2 86
3 43
4 11
4 18
4 48
4 49
4 88
4 92
5 22
5 29
5 97
6 21
6 41
6 49
6 53
6 80
6 88
7 11
7 32
7 40
7 53
7 60
7 79
7 86
7 99
8 12
8 27
8 44
8 75
8 90
9 10
9 41
11 23
11 27
11 35
11 42
11 52
11 53
11 97
12 58
12 78
12 83
12 90
13 26
13 83
14 22
14 62
15 53
15 66
15 69
16 28
16 62
16 64
16 73
17 32
17 48
17 53
17 76
18 50
19 35
19 37
19 49
19 67
19 94
19 96
20 44
20 46
21 41
21 52
21 55
22 28
22 47
22 53
22 54
23 63
23 79
23 83
23 91
23 95
23 98
24 35
24 75
24 84
25 55
25 58
25 84
26 40
26 45
26 92
27 52
27 80
27 81
28 43
28 69
29 65
29 78
29 99
30 89
31 43
31 61
31 85
32 61
32 88
33 35
34 52
34 72
34 95
35 87
36 37
36 52
37 50
37 76
38 76
39 41
39 57
40 97
41 44
41 53
41 74
41 79
41 80
42 53
42 83
42 86
43 82
43 88
44 50
44 63
44 66
45 47
45 82
45 85
46 88
46 91
46 96
47 74
48 53
48 80
49 53
49 73
50 95
52 82
53 55
53 60
53 80
53 86
53 88
53 91
55 57
55 72
56 70
56 99
57 60
57 77
58 70
59 76
59 83
59 93
60 87
61 86
61 92
63 76
64 68
65 79
65 89
65 95
66 78
67 84
67 97
68 72
68 94
70 71
70 76
70 85
72 86
73 97
77 92
77 98
78 93
80 88
80 98
81 85
84 93
87 94
92 95
