70 459
1 1 4 9 8 6 11 2 7 5 0 11 6 11 2 6 5 3 7 8 13 15 6 1 15 6 6 11 6 8 14 2 3 6 11 1 15 14 0 0 12 15 9 6 4 15 11 2 4 15 3 13 7 15 15 7 9 11 0 6 9 6 14 6 11 11 7 13 11 5 
0 9
0 11
0 16
0 21
0 29
0 60
0 63
0 66
1 3
1 4
1 7
1 11
1 14
1 15
1 18
1 19
1 21
1 22
1 23
1 45
1 49
1 53
1 65
1 68
2 4
2 18
2 25
2 27
2 28
2 32
2 39
2 69
3 5
3 7
3 10
3 12
3 16
3 19
3 23
3 32
3 42
3 55
3 63
3 69
4 7
4 8
4 11
4 15
4 20
4 23
4 27
4 29
4 41
4 44
4 45
4 46
4 64
5 21
5 23
5 26
5 36
5 56
5 60
5 61
5 62
5 64
5 66
6 11
6 12
6 18
6 20
6 22
6 23
6 27
6 33
6 39
6 42
6 43
6 47
6 51
6 52
6 60
6 66
6 68
6 69
7 10
7 15
7 17
7 23
7 30
7 32
7 40
7 42
7 45
7 48
7 53
7 62
7 65
8 9
8 10
8 15
8 22
8 33
8 34
8 42
8 46
8 47
8 49
8 51
8 53
8 55
8 60
8 65
8 67
9 19
9 22
9 23
9 31
9 33
9 34
9 37
9 40
9 46
9 49
9 50
9 64
9 65
9 69
10 11
10 24
10 46
10 55
10 58
10 62
11 14
11 15
11 16
11 20
11 29
11 31
11 33
11 34
11 47
11 58
11 62
11 63
11 65
11 66
12 20
12 22
12 24
12 30
12 31
12 36
12 50
12 51
12 52
12 53
12 59
12 61
12 66
13 15
13 18
13 19
13 24
13 30
13 33
13 42
13 47
13 63
13 66
14 16
14 35
14 40
14 41
14 44
14 49
14 52
15 21
15 23
15 28
15 29
15 34
15 52
15 54
15 60
15 63
15 64
15 67
15 68
15 69
16 18
16 22
16 26
16 32
16 34
16 37
16 38
16 54
16 62
16 69
17 27
17 37
17 38
17 44
17 49
17 57
17 60
18 19
18 27
18 35
18 46
18 60
18 64
18 65
19 20
19 22
19 26
19 28
19 29
19 30
19 35
19 36
19 37
19 41
19 42
19 46
19 54
19 57
19 63
19 64
20 22
20 28
20 30
20 32
20 35
20 36
20 44
20 46
20 51
20 52
20 54
20 59
20 62
20 63
20 65
20 66
21 31
21 51
21 54
22 27
22 31
22 38
22 52
22 62
22 67
23 29
23 41
23 42
23 43
23 45
23 46
23 48
23 51
24 25
24 30
24 38
24 43
24 46
24 50
24 56
25 27
25 28
25 29
25 30
25 42
25 61
26 37
26 43
26 60
27 32
27 36
27 40
27 41
27 42
27 50
27 63
28 29
28 35
28 39
28 40
28 43
28 46
28 47
28 50
28 51
28 62
28 68
29 37
29 41
29 52
29 56
29 60
29 62
29 64
30 33
30 34
30 37
30 39
30 40
30 52
30 53
30 60
30 61
30 62
30 63
30 64
30 68
31 32
31 33
31 37
31 39
31 44
31 52
31 56
31 61
31 63
31 64
31 65
32 33
32 36
32 47
32 48
32 55
32 57
32 58
32 63
33 37
33 38
33 51
33 53
33 61
33 66
33 67
34 40
34 44
34 46
34 47
34 63
34 68
35 39
35 41
35 42
35 65
35 68
36 46
36 57
36 60
36 61
36 64
36 67
36 69
37 38
37 52
37 56
37 62
37 67
38 39
38 43
38 48
38 49
38 59
38 60
38 69
39 41
39 42
39 58
39 59
40 44
40 46
40 47
40 48
40 53
40 66
40 67
41 45
41 49
41 51
42 52
42 54
42 55
42 58
42 59
42 63
42 65
42 68
43 46
43 52
43 55
43 59
43 61
44 58
44 59
45 54
45 66
45 67
46 48
46 51
46 54
46 58
46 60
46 64
46 65
46 69
47 57
47 62
47 65
47 66
48 55
48 58
48 60
48 61
48 65
48 67
48 68
49 53
49 55
49 63
49 68
50 51
50 54
50 58
50 63
51 58
51 62
51 68
52 54
53 59
53 62
54 59
55 62
55 67
55 68
58 59
58 60
59 64
60 64
61 62
61 66
61 67
61 68
62 66
63 68
64 66
64 67
64 68
65 67
65 69
67 69
