80 239
14 11 6 15 5 5 14 10 2 6 5 12 8 3 3 12 0 3 5 2 11 7 10 3 11 11 10 8 8 11 4 8 2 3 11 11 13 8 10 1 7 4 11 14 1 8 11 6 14 0 1 13 8 11 11 8 7 14 1 1 14 14 15 4 6 10 14 1 5 6 13 6 12 10 6 11 7 1 13 13 
0 11
0 20
0 24
0 26
0 47
0 57
0 61
0 71
0 79
1 13
1 19
1 23
1 35
1 51
1 54
1 62
1 73
2 24
2 31
2 46
2 79
3 38
3 48
3 58
4 7
4 12
4 15
4 42
4 49
4 55
5 9
5 34
5 50
5 69
5 75
6 7
6 33
6 48
6 67
7 59
8 12
8 21
8 33
8 36
8 39
8 41
8 44
8 49
8 66
8 75
8 79
9 10
9 41
9 44
9 56
9 67
9 72
9 78
10 14
10 49
11 13
11 20
11 23
11 24
11 47
11 51
12 16
12 18
12 21
12 25
12 34
12 44
12 49
12 75
13 23
13 24
13 45
13 47
13 62
14 18
14 26
14 48
14 49
14 72
15 30
15 42
16 39
16 50
16 51
17 26
17 40
17 42
17 43
17 60
17 66
18 43
18 51
18 59
18 63
19 54
20 27
20 28
20 47
20 50
20 52
20 61
20 71
20 72
21 25
21 33
21 43
21 44
21 50
21 61
21 79
22 38
22 47
22 59
22 60
22 70
23 24
23 48
23 54
23 62
24 32
24 47
24 60
24 62
25 48
25 71
26 37
26 70
27 29
27 42
27 46
28 30
28 43
28 76
29 30
29 72
30 40
30 55
30 66
31 54
31 61
31 64
31 74
31 78
32 58
32 65
32 66
32 67
32 70
33 44
33 48
33 50
33 60
33 61
33 71
34 35
34 38
34 49
34 73
34 75
35 38
35 42
35 54
35 73
35 75
36 40
37 40
37 43
37 76
38 49
38 54
38 73
38 75
39 42
39 53
39 55
39 61
39 70
40 42
40 66
40 69
41 56
41 60
41 71
41 77
42 67
42 73
43 77
44 49
44 50
44 55
45 70
45 79
46 54
46 59
46 71
47 71
48 74
49 64
49 72
49 75
50 61
50 71
50 78
51 59
51 79
52 66
53 63
53 72
53 75
54 62
54 73
54 78
55 60
56 71
56 77
57 61
57 66
57 71
58 67
58 74
58 76
59 68
60 64
60 69
60 76
61 63
61 70
61 71
62 73
63 64
68 79
69 75
72 77
73 74
