90 765
9 10 15 8 13 8 12 2 13 1 6 9 9 1 11 10 13 3 2 15 4 2 10 3 13 13 7 12 2 5 2 10 15 4 14 2 0 4 1 10 10 6 4 11 7 8 15 5 4 11 12 2 15 10 4 6 0 15 4 4 1 9 7 4 3 11 9 10 2 4 9 1 6 13 1 12 8 15 14 6 11 12 12 10 15 13 7 8 14 0 
0 1
0 7
0 8
0 13
0 20
0 24
0 26
0 28
0 34
0 38
0 45
0 46
0 55
0 59
0 67
0 69
0 72
0 77
0 81
0 87
0 89
1 2
1 7
1 13
1 17
1 18
1 26
1 27
1 32
1 35
1 37
1 38
1 43
1 45
1 49
1 54
1 61
1 71
2 8
2 9
2 11
2 14
2 17
2 33
2 34
2 38
2 41
2 44
2 58
2 61
2 72
2 74
2 82
2 89
3 9
3 10
3 14
3 15
3 16
3 18
3 22
3 24
3 30
3 40
3 43
3 45
3 67
3 68
3 69
3 74
3 77
3 83
4 9
4 12
4 15
4 19
4 21
4 22
4 26
4 36
4 42
4 45
4 53
4 64
4 65
4 70
4 74
4 78
4 82
4 84
5 13
5 17
5 18
5 19
5 20
5 21
5 27
5 28
5 35
5 40
5 43
5 49
5 57
5 63
5 66
5 77
5 79
6 12
6 15
6 26
6 31
6 40
6 46
6 53
6 54
6 62
6 74
6 81
6 83
7 11
7 14
7 20
7 21
7 24
7 26
7 33
7 34
7 41
7 43
7 45
7 53
7 60
7 71
7 75
7 81
7 84
7 86
8 12
8 21
8 27
8 30
8 31
8 37
8 44
8 45
8 50
8 53
8 68
8 72
8 75
8 79
8 87
9 15
9 22
9 23
9 45
9 51
9 57
9 58
9 59
9 60
9 67
9 70
9 72
9 74
9 81
9 82
9 84
9 85
9 87
9 88
10 22
10 26
10 28
10 30
10 31
10 41
10 42
10 48
10 74
10 76
10 88
10 89
11 15
11 22
11 24
11 32
11 34
11 35
11 41
11 46
11 48
11 54
11 56
11 57
11 67
11 72
11 79
12 13
12 17
12 22
12 24
12 29
12 36
12 38
12 39
12 40
12 45
12 49
12 52
12 53
12 61
12 63
12 64
12 70
12 85
12 86
12 87
12 89
13 19
13 24
13 26
13 28
13 39
13 40
13 48
13 52
13 60
13 64
13 65
13 69
13 70
13 78
13 80
14 19
14 29
14 33
14 34
14 43
14 46
14 47
14 49
14 58
14 67
14 70
15 28
15 33
15 58
15 66
15 87
15 89
16 25
16 27
16 30
16 32
16 37
16 39
16 57
16 67
16 70
16 75
17 26
17 29
17 35
17 41
17 50
17 53
17 54
17 62
17 73
18 25
18 28
18 30
18 31
18 32
18 35
18 36
18 37
18 39
18 55
18 60
18 66
18 67
18 77
18 79
18 86
19 23
19 31
19 33
19 40
19 53
19 60
19 62
19 64
19 69
19 70
19 73
19 74
19 76
19 78
19 88
20 31
20 33
20 36
20 37
20 38
20 44
20 49
20 57
20 67
20 82
20 87
20 89
21 35
21 39
21 43
21 46
21 53
21 65
21 67
21 71
21 72
21 74
21 80
21 86
22 24
22 27
22 40
22 57
22 59
22 61
22 75
22 78
22 83
22 85
23 33
23 51
23 56
23 65
23 69
23 71
23 81
23 87
24 28
24 36
24 44
24 51
24 53
24 55
24 62
24 72
24 75
24 76
24 87
25 26
25 30
25 34
25 37
25 39
25 47
25 51
25 53
25 66
25 68
25 75
25 81
25 82
25 85
26 36
26 37
26 39
26 40
26 41
26 47
26 48
26 59
26 61
26 74
26 77
26 78
26 79
26 84
27 41
27 42
27 45
27 55
27 70
27 72
27 73
27 84
28 38
28 39
28 42
28 43
28 51
28 56
28 57
28 59
28 70
28 73
28 83
28 87
29 34
29 41
29 42
29 43
29 53
29 59
29 79
29 81
29 86
29 88
29 89
30 32
30 38
30 48
30 49
30 55
30 61
30 69
30 85
31 55
31 66
31 69
31 70
31 71
31 83
31 85
31 88
32 33
32 34
32 36
32 37
32 40
32 41
32 45
32 46
32 53
32 59
32 71
32 74
32 75
32 77
32 84
32 87
33 37
33 38
33 39
33 40
33 62
33 63
33 66
33 75
33 78
33 79
33 81
33 87
34 42
34 51
34 58
34 64
34 67
34 76
34 78
34 83
34 89
35 42
35 43
35 45
35 46
35 47
35 48
35 54
35 59
35 60
35 72
35 74
35 77
35 78
35 83
36 37
36 48
36 57
36 58
36 59
36 62
36 66
36 74
36 82
36 85
36 89
37 39
37 40
37 41
37 52
37 60
37 66
37 73
37 78
37 79
37 81
37 85
37 86
37 89
38 53
38 59
38 65
38 73
38 79
38 81
38 84
38 87
39 41
39 50
39 56
39 61
39 65
39 69
39 71
39 74
39 75
39 79
39 83
39 84
40 45
40 54
40 61
40 63
40 69
40 74
40 75
40 81
40 82
41 46
41 53
41 65
41 70
41 71
41 72
41 76
41 77
42 43
42 45
42 57
42 58
42 61
42 64
42 67
42 70
42 72
42 73
42 80
42 84
42 88
42 89
43 48
43 53
43 55
43 66
43 70
43 78
43 79
43 83
43 85
43 89
44 53
44 54
44 73
44 85
44 88
45 52
45 55
45 56
45 58
45 62
45 75
45 81
45 85
45 87
46 47
46 49
46 53
46 62
46 66
46 69
46 73
46 74
46 80
46 87
46 88
47 48
47 59
47 62
47 69
47 72
47 78
47 82
47 87
47 88
47 89
48 51
48 55
48 62
48 77
48 84
49 57
49 70
49 72
49 73
49 76
49 82
50 57
50 60
50 75
50 84
51 55
51 70
51 73
51 81
51 87
52 54
52 59
52 62
52 65
52 68
52 70
52 74
52 78
52 79
53 55
53 57
53 60
53 70
53 76
53 85
53 86
53 87
54 58
54 63
54 70
54 71
54 72
54 74
54 81
54 82
54 87
55 59
55 61
55 69
55 73
55 78
55 86
55 88
56 75
56 79
56 82
56 84
56 87
56 89
57 73
57 78
57 79
57 84
57 86
57 87
58 64
58 65
58 69
58 85
58 87
59 63
59 67
59 71
59 72
59 75
59 76
59 78
59 81
59 87
60 67
60 70
60 72
60 73
60 75
60 77
60 79
60 81
60 83
61 62
61 63
61 66
61 70
61 81
61 86
62 65
62 66
62 76
62 79
62 81
62 88
62 89
63 69
63 76
63 80
63 81
64 68
64 84
65 71
65 74
65 84
65 87
66 67
66 70
66 72
66 79
66 83
67 69
67 85
67 86
68 76
68 77
68 81
68 83
68 89
69 76
69 77
69 87
69 89
70 72
70 73
70 86
70 88
71 77
71 81
71 86
72 74
72 87
73 79
73 80
73 87
74 77
74 81
74 87
76 81
76 82
76 84
76 86
77 81
77 82
77 84
77 85
79 83
79 87
80 81
80 86
81 82
81 86
81 87
82 83
82 89
83 89
84 85
84 89
85 86
86 89
