50 224
3 4 4 6 0 4 6 1 5 0 0 4 5 1 0 0 5 7 1 4 1 0 5 4 3 2 2 5 2 2 0 2 6 1 2 4 0 2 4 4 4 3 3 7 1 5 0 0 2 3 
0 11
0 14
0 17
0 20
0 25
0 33
0 42
1 2
1 14
1 23
1 30
1 35
1 43
1 45
1 47
1 49
2 6
2 23
2 28
2 30
2 43
2 45
2 47
2 49
3 7
3 10
3 11
3 20
3 22
3 27
3 41
3 42
3 46
3 48
4 11
4 16
4 21
4 22
4 32
4 34
5 6
5 10
5 12
5 13
5 24
5 25
5 27
5 29
5 31
5 40
6 12
6 13
6 23
6 29
6 37
6 43
6 49
7 10
7 15
7 16
7 22
7 24
7 41
7 46
7 48
8 11
8 18
8 20
8 28
8 32
8 35
8 37
8 38
8 39
8 49
9 18
9 21
9 26
9 28
9 34
9 35
9 36
9 38
9 45
10 20
10 22
10 37
10 42
10 46
10 48
11 24
11 39
12 13
12 24
12 27
12 29
12 31
12 43
12 46
13 20
13 23
13 27
13 29
13 43
13 49
14 15
14 16
14 17
14 21
14 30
14 41
14 45
14 47
15 16
15 17
15 22
15 36
15 41
15 44
15 45
15 48
16 17
16 26
16 41
16 45
16 47
16 48
17 25
17 30
17 34
17 41
17 45
17 47
17 48
18 21
18 28
18 30
18 34
18 35
18 38
18 39
19 21
19 31
19 44
20 32
20 37
20 39
20 42
20 46
21 26
21 33
21 34
21 35
21 36
21 38
22 31
22 41
22 42
22 46
22 48
23 29
23 30
23 39
23 43
23 49
24 26
24 27
24 31
24 33
24 36
24 40
25 44
25 46
26 33
26 34
26 36
26 38
26 40
27 29
27 31
27 33
27 40
28 32
28 35
28 37
28 38
28 39
29 31
29 42
29 43
30 45
30 47
30 49
31 33
31 36
31 40
32 35
32 37
32 39
32 42
32 43
32 46
33 34
33 36
33 40
33 41
34 36
34 38
34 40
35 38
35 39
36 40
36 44
37 39
37 42
37 46
38 47
39 42
40 48
41 48
42 46
43 49
45 47
47 49
