40 81
3 7 2 1 0 7 1 7 3 0 2 0 2 4 2 3 3 2 5 0 7 7 0 3 3 0 4 4 5 0 3 2 0 5 6 6 0 3 1 1 
0 4
0 14
0 15
0 22
0 23
0 34
1 4
1 36
1 37
2 27
2 28
3 37
4 15
4 19
4 21
4 27
5 10
5 13
5 25
5 27
6 8
6 10
6 23
6 27
6 39
7 14
7 19
7 21
7 23
7 30
7 32
8 12
8 16
8 24
8 34
8 37
8 38
9 27
9 34
9 37
10 11
10 23
12 15
12 20
12 31
13 34
14 38
15 20
15 26
15 30
15 35
16 18
16 22
17 20
17 21
17 32
18 27
18 34
19 21
21 22
21 30
21 38
22 27
22 29
22 37
22 38
23 24
23 32
23 34
23 35
24 31
24 38
25 39
26 38
27 29
29 37
30 33
30 38
31 32
32 39
33 35
