60 175
2 4 11 5 11 6 8 10 10 15 4 9 15 14 1 8 15 11 15 4 3 5 5 0 4 13 13 14 5 1 11 6 12 15 4 1 15 0 6 8 11 10 8 8 6 10 8 7 7 7 7 8 2 2 3 6 5 7 10 10 
0 7
0 11
0 14
0 22
0 47
0 55
0 58
1 15
1 17
1 22
1 25
1 48
1 51
1 57
2 18
2 19
3 18
3 29
3 31
3 41
4 12
4 15
4 28
4 44
4 47
5 7
5 18
5 20
5 31
5 36
5 42
6 25
6 36
6 45
6 50
7 19
7 40
7 56
8 17
8 33
8 48
8 50
8 56
9 16
9 20
9 21
9 22
9 32
9 40
9 42
10 22
10 40
10 42
10 43
10 44
10 49
10 57
10 59
11 27
11 28
11 34
11 39
12 18
12 38
12 42
12 52
13 20
13 33
13 56
14 15
14 16
14 23
14 47
14 59
15 23
15 29
15 34
15 39
15 41
15 44
15 48
15 59
16 21
16 29
16 38
16 43
16 45
16 49
17 32
17 46
17 51
17 57
18 46
18 51
19 23
19 45
19 49
19 59
20 35
20 52
21 23
21 28
21 54
22 24
22 36
22 54
23 24
23 35
23 38
23 45
23 49
23 53
24 31
24 50
24 52
25 27
25 54
25 58
26 29
27 35
27 39
27 44
27 45
27 55
27 59
28 33
28 36
28 37
28 52
29 30
29 32
29 33
29 36
29 57
30 34
30 39
30 51
30 55
31 48
32 38
32 53
33 45
33 52
34 38
34 40
35 43
36 45
36 50
36 59
37 57
38 48
39 41
39 43
39 53
40 48
41 43
41 48
42 45
42 51
43 54
44 55
45 47
45 50
46 53
47 53
48 56
48 58
49 58
50 52
50 54
50 56
51 52
52 56
53 55
54 57
