90 135
0 1 15 7 4 13 3 5 12 1 0 10 0 2 3 13 12 7 5 4 7 12 1 13 9 6 9 4 15 2 10 3 15 12 0 7 9 10 9 15 8 3 4 10 12 8 1 3 5 2 11 2 13 7 1 15 11 9 10 14 9 4 13 3 4 1 10 4 1 3 2 2 15 4 4 4 11 9 7 3 1 13 8 1 14 14 2 2 8 6 
0 57
0 77
0 87
1 52
1 69
1 83
2 5
2 44
2 58
3 19
3 25
3 26
4 55
4 61
4 78
5 42
5 56
6 17
6 37
7 34
7 39
7 86
8 21
9 39
10 36
10 40
10 49
11 13
11 31
11 43
11 85
12 43
13 17
13 45
13 79
14 39
14 86
15 63
15 75
15 89
16 57
16 76
16 87
17 78
18 40
18 78
19 46
19 67
20 63
20 64
20 77
21 27
21 34
21 51
22 23
22 35
22 41
22 45
22 58
23 24
23 48
23 64
23 75
23 80
24 58
25 46
25 72
26 29
26 72
28 56
29 51
29 53
29 77
30 53
30 67
31 52
31 83
32 46
32 59
32 67
33 34
33 67
33 77
34 50
35 49
35 53
35 68
35 74
36 51
36 57
36 77
37 64
38 51
39 63
39 69
39 81
39 83
40 50
41 66
42 61
42 78
43 52
43 79
44 59
44 67
45 48
45 70
45 75
45 85
47 61
48 79
49 62
50 58
51 72
52 66
54 66
55 68
55 75
55 80
56 58
56 61
56 71
58 59
60 81
61 88
63 76
63 87
65 83
69 76
73 75
75 84
78 80
78 86
79 89
82 83
