90 135
9 8 10 13 9 3 7 10 5 4 5 10 1 10 0 12 13 1 0 10 10 10 14 15 0 8 1 4 15 0 7 0 11 13 9 14 10 15 1 0 6 9 4 11 12 5 11 7 3 0 1 15 9 8 3 1 6 13 10 14 15 6 11 6 3 15 2 13 0 7 0 9 13 9 8 9 11 11 13 10 15 1 11 7 7 4 6 3 7 0 
0 27
0 65
0 75
1 47
1 48
1 55
1 70
2 4
2 7
2 70
3 35
3 68
4 21
4 29
5 76
6 20
6 37
6 87
7 66
7 75
8 13
8 69
8 80
9 57
9 64
9 79
10 43
10 45
10 61
11 17
11 28
11 41
11 84
12 25
12 34
12 46
13 73
13 83
14 37
14 80
15 33
15 61
15 88
16 38
16 77
17 76
17 85
18 19
18 22
18 68
19 78
20 74
20 76
21 37
21 50
21 54
21 58
22 25
22 29
23 34
23 38
23 77
24 27
24 42
24 54
24 81
25 59
26 48
26 58
27 52
28 78
28 89
29 33
29 34
29 39
29 69
29 70
30 40
30 85
31 32
32 59
32 68
33 53
34 47
35 46
35 77
36 63
36 76
36 87
37 65
37 75
38 44
38 71
39 75
39 88
40 63
40 82
40 88
40 89
42 74
42 76
42 86
44 49
44 86
45 57
45 64
46 59
47 63
48 83
49 53
50 79
50 80
51 76
52 63
52 88
53 61
54 56
55 79
56 59
57 67
60 70
60 86
62 67
64 75
67 79
68 89
69 83
70 72
70 81
72 84
73 80
73 85
74 81
78 84
85 87
