35 211
0 7 1 2 2 7 4 6 3 4 7 6 7 7 0 1 7 4 2 6 0 5 1 3 6 5 0 0 4 4 3 3 6 1 6 
0 4
0 7
0 8
0 13
0 15
0 21
0 24
0 29
0 30
0 33
1 4
1 5
1 6
1 11
1 12
1 14
1 15
1 16
1 18
1 22
1 23
1 25
2 5
2 10
2 11
2 14
2 17
2 18
2 20
2 24
2 32
2 33
2 34
3 4
3 7
3 13
3 15
3 18
3 21
3 22
3 27
3 34
4 7
4 12
4 16
4 19
4 20
4 23
4 26
4 33
5 9
5 12
5 15
5 20
5 25
5 27
5 28
5 32
6 7
6 8
6 9
6 13
6 17
6 23
6 24
6 26
6 27
6 30
6 31
7 10
7 15
7 16
7 17
7 18
7 21
7 22
7 26
7 27
7 28
7 29
7 32
8 9
8 11
8 13
8 14
8 16
8 17
8 19
8 21
8 23
8 29
8 30
8 31
8 32
9 11
9 12
9 13
9 14
9 18
9 19
9 23
9 24
9 25
9 29
9 30
9 31
9 33
9 34
10 12
10 19
10 24
10 26
10 27
10 28
10 30
10 33
10 34
11 12
11 14
11 19
11 22
11 24
11 26
11 29
11 34
12 14
12 15
12 31
12 33
13 16
13 17
13 21
13 22
13 23
13 26
13 28
13 33
14 15
14 16
14 17
14 19
14 20
14 21
14 24
14 28
14 32
15 16
15 17
15 22
15 25
15 31
15 33
16 18
16 22
16 27
16 28
16 32
16 33
16 34
17 23
17 26
17 28
17 31
17 34
18 24
18 28
18 30
19 26
19 28
19 31
19 32
20 23
20 24
20 29
20 30
21 27
21 28
21 30
21 31
22 24
22 28
22 29
22 30
22 34
23 24
23 26
23 32
23 34
24 26
24 34
25 26
25 27
25 29
25 30
25 32
25 33
25 34
26 27
26 29
26 30
26 31
26 32
27 33
28 30
28 31
28 32
28 33
29 32
30 34
31 34
32 34
