35 214
2 7 6 7 7 4 1 6 0 1 2 6 1 6 4 6 4 5 4 6 7 3 2 7 4 0 7 5 0 1 0 2 1 0 3 
0 1
0 3
0 5
0 7
0 9
0 10
0 14
0 23
1 3
1 5
1 6
1 9
1 19
1 23
1 24
1 25
1 27
1 28
1 29
1 31
2 4
2 5
2 7
2 9
2 10
2 12
2 15
2 19
2 21
2 26
2 27
2 29
2 31
3 4
3 6
3 12
3 15
3 18
3 22
3 23
3 27
3 33
4 6
4 12
4 13
4 14
4 19
4 20
4 22
4 24
4 25
4 29
4 32
4 33
4 34
5 7
5 11
5 15
5 16
5 18
5 20
5 21
5 23
5 27
5 29
5 32
5 33
5 34
6 8
6 10
6 12
6 13
6 14
6 21
6 23
6 27
6 32
6 33
7 8
7 9
7 12
7 14
7 15
7 18
7 26
7 28
7 30
7 33
8 13
8 14
8 16
8 17
8 20
8 22
8 29
8 32
8 34
9 14
9 15
9 19
9 26
9 28
9 31
9 32
9 33
10 12
10 13
10 17
10 20
10 22
10 25
10 31
11 15
11 19
11 21
11 22
11 24
11 26
11 29
11 30
11 33
11 34
12 13
12 15
12 16
12 20
12 24
13 16
13 17
13 18
13 19
13 22
13 24
13 25
13 26
13 30
14 17
14 23
14 26
14 31
15 16
15 23
15 30
15 33
15 34
16 19
16 27
16 28
16 30
16 31
16 34
17 20
17 21
17 24
17 25
17 31
17 33
17 34
18 20
18 21
18 25
18 29
18 30
18 31
18 34
19 24
19 27
19 30
19 31
19 33
19 34
20 24
20 30
20 31
20 32
20 34
21 23
21 24
21 30
21 31
21 34
22 23
22 28
22 29
22 30
22 32
23 26
23 32
23 33
24 26
24 29
24 31
24 32
24 33
25 26
25 27
25 29
25 30
25 31
25 32
26 29
26 30
26 31
26 32
27 29
27 30
27 32
28 29
28 31
28 33
29 32
31 32
31 33
33 34
