50 237
6 3 4 3 7 5 4 1 2 1 4 3 7 0 2 7 3 7 1 6 7 3 2 3 2 3 3 5 4 4 2 0 6 2 3 5 0 7 2 1 3 0 7 2 0 5 6 4 0 4 
0 4
0 7
0 10
0 14
0 16
0 21
0 22
0 36
1 2
1 7
1 9
1 28
1 36
1 38
1 43
1 46
1 47
2 3
2 6
2 21
2 22
2 31
2 32
2 36
2 41
2 47
3 6
3 12
3 13
3 16
3 17
3 26
3 44
4 8
4 9
4 10
4 12
4 15
4 20
4 22
4 33
4 36
4 41
4 46
5 6
5 8
5 13
5 14
5 28
5 35
5 41
5 42
6 16
6 39
7 12
7 21
7 26
7 33
7 48
8 15
8 19
8 27
8 31
8 32
8 33
8 34
8 37
8 39
8 44
8 49
9 20
9 23
9 25
9 43
9 46
9 47
9 48
10 11
10 13
10 19
10 24
10 32
10 39
10 47
11 12
11 27
11 34
11 35
11 42
12 18
12 24
12 26
12 30
13 17
13 18
13 28
13 30
13 31
13 34
13 36
13 44
13 49
14 15
14 16
14 24
14 26
14 27
14 30
14 34
14 36
14 37
14 38
15 19
15 23
15 24
15 26
15 27
15 35
15 37
15 43
16 18
16 28
16 32
16 33
16 38
16 49
17 19
17 20
17 21
17 29
17 32
17 36
17 43
17 44
17 47
18 20
18 25
18 26
18 28
18 33
18 38
18 42
18 45
18 46
19 24
19 43
19 46
19 48
19 49
20 26
20 27
20 29
20 32
20 33
20 35
20 37
20 38
20 40
21 28
21 29
21 30
21 34
21 41
22 24
22 33
23 28
23 31
23 37
23 40
23 42
24 25
24 28
24 30
24 33
24 35
24 36
24 45
24 47
25 31
25 42
25 49
26 33
26 42
26 47
26 49
27 31
27 35
27 45
28 36
28 44
28 46
28 47
29 30
29 31
29 32
29 38
29 43
29 45
30 37
31 32
31 40
31 42
32 36
32 40
32 41
33 35
33 37
33 38
33 42
33 47
34 37
34 38
34 41
34 42
34 44
34 46
35 45
36 40
36 43
36 45
36 46
36 49
37 40
37 41
37 46
38 39
38 40
38 46
39 41
39 45
41 47
41 48
42 43
43 48
45 49
46 47
48 49
