100 300
16 7 16 14 4 3 3 26 30 31 11 0 3 10 24 26 31 9 30 21 2 17 22 16 26 14 27 26 21 29 25 15 23 20 29 19 18 18 18 30 6 1 12 3 27 0 14 21 18 29 30 5 20 1 5 8 26 10 27 18 30 24 29 26 19 13 16 6 31 30 30 2 22 20 23 22 9 11 7 0 4 7 6 28 15 9 11 24 3 16 28 18 20 9 30 11 11 6 5 14 
0 43
0 58
0 77
0 93
0 97
0 98
1 7
1 41
1 95
2 17
2 18
2 24
2 34
2 56
2 61
3 15
3 46
3 49
3 53
3 59
3 68
4 14
4 30
4 31
4 44
4 88
4 92
5 9
5 25
5 33
5 62
5 86
5 94
6 26
6 50
6 60
6 78
6 89
6 95
7 25
7 33
7 69
7 71
7 82
7 94
8 10
8 12
8 20
8 38
8 39
8 51
9 25
9 62
9 81
9 86
9 94
10 12
10 20
10 38
10 40
10 51
11 12
11 38
11 40
11 52
11 54
11 77
12 20
12 38
12 40
12 55
13 48
13 63
13 78
13 89
13 93
13 95
14 29
14 30
14 44
14 50
14 60
15 49
15 53
15 67
15 68
15 73
16 21
16 27
16 58
16 62
16 81
16 96
17 34
17 36
17 46
17 61
17 98
18 24
18 34
18 56
18 57
18 61
18 90
19 28
19 35
19 43
19 47
19 75
19 80
19 97
20 37
20 39
20 51
21 27
21 58
21 62
21 81
21 86
22 27
22 41
22 58
22 76
22 93
22 96
23 28
23 45
23 66
23 72
23 75
23 80
24 56
24 57
24 82
24 87
25 33
25 86
25 94
26 29
26 50
26 60
26 78
26 89
27 41
27 58
27 96
27 99
28 45
28 66
28 75
28 80
28 85
29 30
29 44
29 50
29 60
29 84
30 31
30 44
30 50
31 44
31 79
31 88
31 92
32 67
32 73
32 74
32 83
32 91
32 97
33 69
33 71
33 94
34 36
34 61
34 98
35 89
35 99
36 46
36 59
36 61
36 98
37 39
37 42
37 51
37 70
37 72
38 40
38 77
39 42
39 51
39 70
40 52
40 77
41 63
41 76
41 93
41 96
42 45
42 51
42 70
42 72
43 47
43 75
43 80
43 83
43 97
44 64
44 92
45 66
45 70
45 72
46 53
46 59
46 98
47 74
47 80
47 83
47 97
48 63
48 76
48 78
48 93
48 95
49 53
49 59
49 68
49 73
50 60
50 65
52 54
52 77
52 79
52 88
53 59
53 98
54 77
54 79
54 88
54 92
55 86
56 57
56 61
56 87
57 69
57 82
57 87
57 99
58 81
58 96
59 98
60 89
62 81
62 86
63 76
63 93
63 95
64 77
64 79
64 91
65 79
65 82
65 90
66 70
66 72
66 75
67 68
67 73
67 74
67 91
68 73
68 91
69 71
69 82
69 87
70 72
71 82
71 87
71 94
73 91
74 83
74 91
74 97
75 80
75 90
76 93
76 96
77 79
78 89
78 95
79 88
79 92
81 86
82 87
82 90
83 91
83 97
88 92
89 95
89 99
