40 178
4 2 6 2 6 3 0 6 2 7 2 2 0 0 7 2 2 1 1 4 2 2 3 0 1 6 2 7 5 0 1 3 3 2 5 4 2 2 4 0 
0 2
0 3
0 5
0 17
0 33
1 2
1 4
1 10
1 12
1 30
1 35
1 36
1 39
2 6
2 14
2 17
2 19
2 24
2 25
2 28
2 31
2 32
2 33
2 34
3 6
3 9
3 10
3 11
3 16
3 22
3 23
3 24
3 25
3 34
4 27
4 35
4 37
4 38
5 6
5 13
5 23
5 30
5 32
5 33
6 7
6 9
6 11
6 16
6 20
6 22
6 23
6 26
6 27
7 12
7 20
7 31
7 37
8 16
8 19
8 21
8 24
8 25
8 26
8 33
9 10
9 11
9 15
9 16
9 17
9 22
9 26
9 27
10 11
10 16
10 24
10 25
10 28
10 30
10 31
10 36
10 37
10 38
11 13
11 16
11 24
11 25
11 28
11 30
11 32
12 17
12 19
12 25
12 33
12 39
13 15
13 16
13 30
13 36
14 19
14 33
14 34
15 21
15 28
15 29
15 37
16 19
16 22
16 25
16 27
16 39
17 19
17 21
17 24
17 28
17 31
17 32
17 34
17 36
17 38
18 21
18 24
18 28
18 34
18 39
19 20
19 28
19 31
19 32
19 34
19 37
19 38
20 22
20 25
20 26
20 27
20 32
20 34
20 38
21 23
21 37
22 26
22 27
22 31
22 38
23 39
24 25
24 26
24 28
24 31
24 35
25 28
25 31
26 27
26 32
26 34
26 38
27 28
27 30
27 32
27 33
27 36
27 38
28 29
28 31
29 31
29 32
29 36
30 33
30 35
31 34
31 35
32 33
32 34
32 36
32 38
34 38
36 39
37 38
