60 176
3 12 11 8 11 0 5 8 0 9 0 7 10 12 9 0 8 12 2 2 0 10 3 1 15 12 10 4 15 14 5 15 0 1 14 10 13 9 8 8 4 4 0 14 8 0 2 6 12 6 7 3 4 1 10 2 10 14 14 0 
0 2
0 10
0 16
0 24
0 30
0 50
1 15
1 25
1 37
1 38
2 8
2 12
2 13
2 17
2 30
2 47
2 58
3 34
3 37
3 38
3 40
3 47
3 55
3 59
4 8
4 11
4 15
4 33
4 46
4 53
5 14
5 48
5 53
6 31
6 44
7 11
7 23
7 32
7 35
7 38
7 45
7 47
8 15
8 24
8 34
8 36
8 38
8 47
8 49
8 52
8 57
9 16
9 26
9 48
9 59
10 21
10 26
11 14
11 16
11 29
11 36
11 38
11 50
11 55
12 21
12 36
12 37
12 40
12 45
12 51
13 15
13 29
13 32
13 35
13 49
13 59
14 40
15 38
15 43
15 48
16 24
16 32
16 36
16 48
16 58
17 35
17 49
17 53
18 33
18 34
18 43
18 52
18 55
18 56
18 58
19 25
19 31
19 33
19 42
19 48
20 30
20 41
20 52
21 24
21 27
21 41
21 50
21 55
22 40
22 43
22 48
22 58
23 32
23 35
24 32
24 40
24 45
24 51
25 32
25 33
25 52
25 56
26 31
26 43
26 49
26 51
26 57
26 59
27 37
27 38
27 44
27 53
27 56
28 30
28 32
28 52
29 35
29 37
30 42
30 43
30 47
30 54
30 55
31 52
31 57
31 58
32 46
32 59
33 56
34 42
34 56
35 42
35 43
36 43
36 49
36 53
37 48
37 53
38 42
38 43
38 48
39 52
41 42
43 44
46 56
46 58
48 54
48 56
49 50
49 54
49 55
50 54
52 53
53 55
53 57
54 57
