40 170
6 5 0 6 7 1 4 5 7 0 3 0 1 1 6 1 5 3 4 7 6 6 1 6 5 3 7 6 2 7 4 6 4 6 5 7 0 0 6 1 
0 2
0 4
0 6
0 7
0 8
0 9
0 11
0 14
0 16
0 19
0 24
1 6
1 11
1 23
1 28
1 29
1 37
2 3
2 4
2 6
2 8
2 9
2 14
2 16
2 19
2 21
2 30
2 32
3 7
3 9
3 12
3 18
3 19
3 22
3 30
3 37
4 6
4 8
4 12
4 14
4 16
4 18
4 31
4 32
5 10
5 11
5 16
5 17
5 27
5 39
6 9
6 12
6 13
6 16
6 17
6 19
6 31
6 36
7 8
7 13
7 17
7 29
7 33
8 9
8 12
8 14
8 16
8 19
8 29
8 35
8 37
9 11
9 12
9 14
9 15
9 16
9 17
9 30
9 38
10 11
10 22
10 26
10 28
10 31
10 34
11 17
11 22
11 23
11 33
11 37
12 14
12 16
12 19
12 22
12 26
12 31
12 32
12 38
13 18
13 23
13 36
14 16
14 19
14 31
14 38
15 19
15 20
15 21
15 25
15 27
15 31
16 24
16 25
16 30
16 32
17 19
17 32
17 35
17 38
18 20
18 23
18 28
18 31
18 38
19 21
19 31
19 32
19 37
20 25
20 26
20 27
20 29
20 31
20 32
20 33
20 39
21 33
22 23
22 25
22 26
22 27
22 29
23 25
23 26
23 32
23 39
24 26
24 33
24 34
24 39
26 32
26 36
26 39
27 29
28 30
28 36
29 33
29 39
30 33
30 34
30 39
31 32
33 34
33 36
34 35
34 36
34 37
35 37
36 38
37 39
