50 119
3 2 4 1 5 0 0 6 7 4 1 3 1 2 1 0 3 6 4 3 1 0 3 2 2 4 7 6 7 6 2 4 6 6 1 2 0 7 3 1 0 6 3 0 5 2 7 4 1 0 
0 14
0 20
0 23
0 27
0 29
0 46
1 16
1 31
1 34
1 43
1 49
2 8
2 19
2 31
2 44
2 46
3 22
3 25
3 49
4 11
4 32
4 46
5 13
5 15
5 17
5 25
5 46
5 48
6 14
6 21
6 24
6 47
7 21
8 15
8 20
8 45
9 25
9 35
10 39
11 12
11 30
11 43
12 15
12 19
12 26
12 38
12 44
12 46
13 15
13 17
13 19
13 33
13 44
14 18
14 21
14 30
14 32
14 39
14 49
15 24
15 29
15 30
15 33
16 26
16 32
16 39
18 23
18 24
19 28
19 29
19 35
20 25
20 41
21 23
21 32
21 42
22 35
23 30
23 37
23 38
23 41
23 44
24 30
24 43
24 44
24 46
24 49
25 27
25 29
26 33
27 34
27 41
27 43
27 46
28 31
28 43
28 44
29 43
30 33
30 40
31 42
32 33
32 41
33 38
33 48
34 42
34 45
35 43
36 38
37 45
39 40
39 45
40 46
40 48
42 44
42 49
43 48
45 46
45 49
