100 480
16 19 7 16 22 6 0 18 7 11 29 8 26 16 26 4 9 13 4 31 20 13 23 19 21 15 0 25 20 17 5 22 29 12 23 20 8 22 2 22 14 11 2 19 24 25 21 0 23 31 5 3 19 3 21 11 8 18 19 3 29 26 8 25 23 17 21 8 3 25 17 22 10 9 11 15 25 29 31 19 4 31 21 15 4 16 26 17 30 26 2 12 22 19 14 3 24 11 30 11 
0 3
0 6
0 21
0 35
0 36
0 54
0 58
0 82
0 84
0 85
0 96
1 9
1 13
1 28
1 36
1 43
1 67
1 82
1 89
1 92
2 5
2 8
2 19
2 21
2 22
2 52
2 64
3 8
3 13
3 25
3 30
3 34
3 62
3 63
3 65
3 79
3 90
3 98
4 12
4 40
4 50
4 59
4 63
4 67
4 91
4 95
5 10
5 13
5 15
5 16
5 21
5 26
5 29
5 55
5 65
5 77
5 85
5 91
5 99
6 15
6 26
6 30
6 45
6 57
6 75
6 82
6 83
6 85
6 88
6 92
6 99
7 22
7 47
7 68
7 70
7 72
7 88
8 13
8 16
8 36
8 38
8 42
8 46
8 53
8 72
8 74
9 20
9 26
9 40
9 47
9 51
9 81
9 90
9 99
10 25
10 28
10 43
10 49
10 56
10 66
10 71
10 72
10 73
10 86
11 23
11 42
11 48
11 67
11 73
11 78
11 96
11 99
12 27
12 28
12 29
12 43
12 53
12 66
12 78
12 79
12 85
12 91
13 20
13 41
13 61
13 68
13 69
13 71
13 75
13 78
13 83
14 35
14 38
14 74
14 90
14 92
14 99
15 16
15 17
15 26
15 30
15 31
15 55
15 64
15 70
15 85
15 88
16 27
16 56
16 64
16 73
16 78
16 85
17 18
17 20
17 27
17 32
17 36
17 49
17 59
17 66
17 83
17 97
17 98
18 25
18 45
18 52
18 59
18 68
18 73
18 77
18 87
18 88
19 27
19 28
19 29
19 36
19 40
19 55
19 59
19 76
19 85
19 86
19 91
19 94
20 22
20 38
20 39
20 49
20 55
20 62
20 70
20 87
21 24
21 26
21 27
21 34
21 46
21 48
21 50
21 54
21 68
21 87
21 99
22 58
22 65
22 81
22 89
22 94
23 60
23 70
23 83
24 31
24 32
24 44
24 66
24 68
24 69
24 72
25 40
25 41
25 43
25 52
25 56
25 80
25 90
25 91
25 98
26 31
26 33
26 34
26 45
26 54
26 64
26 67
26 75
26 76
26 77
26 81
26 84
26 92
26 99
27 42
27 47
27 48
27 61
27 73
27 89
28 44
28 45
28 51
28 64
28 67
28 69
28 75
28 77
28 82
29 49
29 55
29 70
29 71
29 83
29 87
29 88
30 45
30 90
31 32
31 47
32 39
32 81
32 95
32 99
33 40
33 41
33 61
33 93
34 37
34 40
34 48
34 62
34 67
34 77
34 92
34 98
35 53
35 54
35 64
35 66
35 85
36 45
36 67
36 76
36 86
37 47
37 74
37 87
37 96
38 64
38 71
38 78
38 98
39 63
39 70
39 94
40 42
40 53
40 63
40 86
40 95
41 53
41 66
41 69
41 73
41 82
41 97
42 44
42 87
43 53
43 80
43 82
43 84
43 97
44 68
44 77
44 86
44 89
44 91
45 46
45 47
45 55
45 73
45 79
45 80
45 82
45 87
45 94
45 99
46 51
46 61
46 65
46 66
46 72
46 82
46 85
46 86
46 92
47 66
47 71
47 98
48 61
48 64
48 74
48 80
48 90
49 52
49 77
49 81
49 91
49 96
50 57
50 61
50 87
51 69
51 99
52 54
52 64
52 70
52 87
53 56
53 60
53 64
53 67
53 71
53 81
53 85
53 88
53 94
53 97
54 62
54 70
54 77
54 82
54 95
55 60
55 69
55 73
55 75
55 96
56 58
56 77
56 82
56 94
57 58
57 59
57 64
57 65
57 71
57 77
57 86
57 89
57 99
58 66
58 89
58 94
59 65
59 73
59 97
60 97
61 67
62 70
62 75
62 88
62 91
63 73
63 77
63 90
63 96
64 69
64 80
64 81
64 84
64 95
64 96
65 69
65 79
65 83
65 94
65 96
65 97
66 82
66 84
67 76
68 85
69 72
69 85
69 87
69 96
70 76
70 89
70 98
71 75
71 77
71 97
72 75
72 81
72 88
72 89
72 93
72 94
72 98
73 92
74 75
75 79
75 81
75 82
75 85
75 95
76 77
76 92
77 89
77 96
78 97
78 99
79 84
81 94
82 91
83 87
83 96
84 96
85 88
85 92
85 97
86 94
87 94
88 91
88 96
90 93
91 92
92 96
95 98
