90 194
9 10 0 13 15 11 13 0 8 14 10 9 0 11 2 6 6 3 11 13 3 7 8 9 11 3 0 6 6 13 5 9 6 15 11 1 4 4 6 4 12 3 3 5 1 8 9 0 9 12 12 14 7 8 8 11 9 0 11 4 6 14 10 4 0 8 6 14 0 7 14 8 0 4 10 9 7 5 7 10 14 2 10 5 7 10 0 4 1 7 
0 22
0 52
0 56
0 69
1 12
2 14
2 16
2 33
2 39
2 51
2 58
2 63
3 24
3 30
3 31
3 32
4 15
4 38
4 57
4 69
4 76
5 11
5 64
5 76
6 28
6 39
6 67
6 70
6 89
7 52
7 68
7 74
7 84
8 9
8 24
8 40
8 80
9 17
9 48
9 66
10 28
10 29
10 56
10 66
11 36
11 59
11 78
11 88
12 16
12 37
12 56
12 58
12 83
13 24
13 49
14 17
14 45
14 46
14 54
14 66
15 21
15 23
15 26
15 30
15 44
17 23
17 31
17 46
17 77
18 20
18 71
19 24
19 26
20 55
21 22
21 54
21 81
21 84
21 88
22 28
22 36
22 38
22 49
23 34
23 49
23 53
23 65
24 37
24 43
24 48
24 53
24 67
24 75
24 79
25 41
25 58
25 77
25 82
26 53
26 67
26 70
27 30
27 32
27 35
27 74
28 39
29 44
29 50
30 52
30 67
30 69
30 85
31 43
31 48
31 49
31 58
31 71
32 48
32 73
33 53
34 72
35 60
35 69
37 47
37 54
37 83
37 87
38 49
38 88
39 72
39 76
41 44
41 68
41 74
42 59
42 62
43 46
43 56
44 57
44 58
44 79
45 78
46 50
46 54
46 62
46 88
47 66
47 70
48 78
48 83
49 54
49 56
49 64
49 71
51 63
51 86
52 64
52 77
53 56
53 59
54 74
55 65
55 66
55 72
55 74
55 87
56 88
58 81
59 64
59 74
59 83
61 72
61 73
61 84
62 64
63 80
67 86
68 71
68 75
69 81
69 87
71 74
71 80
72 88
73 77
74 87
75 76
75 87
76 84
77 78
78 83
79 86
79 88
82 89
