40 88
5 7 1 7 4 1 4 1 4 2 4 2 2 4 2 3 5 4 3 7 6 5 0 5 5 7 7 1 7 6 6 7 4 6 0 0 2 5 7 6 
0 10
0 22
0 23
0 28
0 39
1 7
1 15
1 25
1 30
1 33
2 20
2 24
3 6
3 8
3 9
3 10
4 7
4 14
4 19
4 24
4 29
5 32
5 34
5 39
6 15
6 20
6 27
6 29
6 32
6 39
7 10
7 11
7 16
7 19
7 26
7 27
7 39
8 10
8 11
8 18
8 21
8 23
8 26
8 31
8 37
9 12
9 20
9 25
10 25
11 26
12 28
12 31
13 19
13 23
13 28
13 32
14 15
14 30
15 17
15 20
15 25
15 35
17 21
17 25
17 31
17 35
19 20
19 34
19 35
19 38
20 22
20 24
21 37
22 28
23 27
23 38
23 39
24 30
24 35
25 27
25 37
27 30
29 36
29 37
30 31
32 38
33 36
36 37
