90 213
8 14 10 10 8 6 8 3 13 7 8 7 5 15 5 7 12 9 4 3 10 12 5 5 5 8 2 13 2 15 4 13 8 4 1 8 9 14 11 7 14 6 8 10 11 12 2 4 14 4 9 13 4 3 4 14 15 4 15 15 9 13 10 12 14 14 5 13 7 2 14 13 0 14 4 11 11 3 2 9 6 0 2 9 0 10 0 0 1 15 
0 14
0 39
0 44
0 46
0 65
0 79
0 87
1 8
1 30
1 59
1 62
2 6
2 20
2 31
2 55
2 70
2 77
3 4
3 49
3 50
3 66
3 73
3 74
3 87
3 88
4 5
4 22
4 34
4 45
4 46
5 11
5 34
5 54
6 33
6 47
6 77
6 81
6 84
7 33
7 51
7 80
7 84
7 86
8 55
8 58
8 60
9 11
9 12
9 48
9 68
10 36
10 41
10 82
10 83
11 53
11 59
11 83
12 47
12 63
12 72
12 75
12 89
13 47
13 68
13 75
14 17
14 21
14 33
14 51
14 57
15 37
15 80
15 85
16 38
16 42
16 69
16 76
17 68
17 71
18 47
18 48
18 68
18 86
19 20
19 22
19 28
19 30
19 49
19 63
19 77
20 23
20 27
20 44
20 61
20 79
21 30
21 55
21 67
21 87
22 36
22 41
22 76
23 45
24 32
24 47
24 72
24 86
25 27
25 32
25 44
25 72
26 37
26 46
26 57
27 28
27 43
27 48
28 29
28 40
29 41
29 63
29 73
29 74
30 45
30 58
30 78
30 89
31 63
31 67
31 70
32 43
32 46
32 62
33 55
33 62
33 69
34 45
34 58
35 41
35 82
35 85
36 38
36 69
37 38
37 75
37 88
38 67
38 81
38 83
39 47
39 50
39 61
39 66
40 43
40 49
40 74
42 81
42 84
43 78
44 55
44 63
44 67
45 49
45 80
46 47
46 54
46 88
47 70
48 53
48 59
49 78
49 88
51 79
52 53
52 72
52 76
52 80
53 60
54 57
54 70
56 59
56 77
58 67
59 60
59 69
59 86
59 89
61 74
61 79
62 78
62 86
63 82
63 83
64 66
64 75
64 89
66 87
67 72
67 79
67 89
69 76
70 84
71 81
73 80
73 82
73 85
74 80
77 81
77 83
78 87
80 88
86 88
87 89
