50 147
3 3 4 5 7 1 2 2 1 4 4 0 7 4 3 0 0 3 0 2 0 7 4 0 6 7 1 6 3 3 5 5 2 0 5 4 4 6 6 2 1 2 7 2 5 2 4 0 3 2 
0 1
0 3
1 20
1 33
1 37
1 40
1 46
2 4
2 8
2 10
2 21
2 27
2 43
2 44
2 47
3 6
3 24
3 30
3 32
3 35
3 37
4 31
4 33
4 34
4 38
4 48
4 49
5 6
5 21
5 24
5 30
5 33
5 34
6 22
6 24
6 30
6 32
6 40
7 18
7 21
7 31
7 38
7 47
7 49
8 12
8 16
8 32
8 37
9 21
9 33
9 36
9 43
9 44
9 49
10 15
10 17
10 18
10 19
10 22
10 23
10 26
10 36
10 44
11 12
11 32
12 16
12 19
12 39
12 42
12 46
13 24
14 29
15 19
15 26
15 27
15 42
15 46
16 29
16 37
16 39
17 43
18 23
18 25
18 33
18 35
18 46
19 25
19 46
20 31
21 23
21 35
21 44
21 47
21 49
22 31
22 32
22 33
22 34
22 36
23 49
24 33
24 34
24 48
25 26
25 39
25 41
25 42
25 46
26 27
27 40
27 44
27 47
28 40
28 42
28 45
29 34
29 35
29 37
29 39
29 40
29 41
29 42
30 32
30 37
31 32
31 34
31 38
31 41
31 47
31 48
31 49
33 34
33 38
34 38
34 43
34 48
36 49
37 40
38 48
38 49
39 43
39 46
41 42
41 47
42 46
43 47
44 47
