100 443
24 24 19 25 19 6 17 30 12 26 8 13 15 17 25 1 2 23 5 14 31 19 23 11 16 8 22 1 20 8 23 20 10 25 27 29 12 15 29 9 3 18 5 11 19 13 24 0 19 22 19 22 21 28 30 31 26 7 14 3 19 10 17 7 2 5 21 5 16 23 9 7 8 19 10 3 28 2 28 15 25 19 2 25 17 29 8 29 3 1 22 26 19 26 3 14 19 3 27 10 
0 9
0 13
0 19
0 44
0 63
0 65
0 66
0 69
0 71
0 75
1 16
1 17
1 21
1 28
1 43
1 75
1 80
2 41
2 57
2 59
2 94
3 6
3 8
3 10
3 18
3 23
3 29
3 37
3 56
3 68
3 71
3 75
3 78
3 99
4 34
4 44
4 46
4 55
4 75
4 85
4 97
5 9
5 13
5 18
5 35
5 42
5 47
5 62
5 98
6 15
6 16
6 17
6 26
6 28
6 51
6 59
6 86
7 39
7 57
7 58
7 62
7 66
7 70
7 78
7 91
8 10
8 15
8 26
8 32
8 41
8 64
8 68
8 77
8 79
8 81
8 88
9 13
9 18
9 35
9 41
9 42
9 44
9 47
9 65
10 17
10 23
10 30
10 71
10 75
10 83
10 85
10 93
11 18
11 21
11 22
11 23
11 39
11 43
11 56
11 58
11 75
11 89
12 26
12 33
12 40
12 51
12 61
12 67
12 68
12 77
12 81
12 94
13 26
13 44
13 47
13 55
13 65
13 72
13 87
14 20
14 28
14 37
14 55
14 67
14 76
14 94
15 16
15 25
15 28
15 29
15 32
15 51
15 59
15 85
15 98
16 18
16 28
16 29
16 43
16 90
16 99
17 28
17 59
17 67
17 69
17 73
18 21
18 31
18 32
18 35
18 51
18 54
18 56
18 71
18 75
18 85
18 89
19 55
19 64
19 71
19 76
19 93
20 22
20 24
20 41
20 58
20 64
20 74
20 76
20 85
21 22
21 24
21 39
21 40
21 48
21 56
21 58
21 60
21 74
21 89
21 99
22 24
22 31
22 32
22 56
22 58
22 60
22 82
22 85
23 28
23 46
23 71
23 75
24 41
24 49
24 58
24 74
24 82
24 92
25 31
25 38
25 45
25 60
25 74
25 75
25 92
25 99
26 51
26 59
26 61
26 67
27 30
27 31
27 35
27 37
27 38
27 42
27 46
27 47
27 98
28 29
28 43
28 59
29 36
29 43
29 89
29 90
29 99
30 32
30 39
30 78
30 82
30 91
30 95
31 41
31 45
31 46
31 56
31 79
31 98
32 35
32 38
32 49
32 66
33 61
33 67
33 72
33 77
33 80
33 81
33 94
33 97
34 54
34 55
34 58
34 63
34 80
34 93
34 97
35 37
35 42
35 44
35 47
35 78
35 98
36 53
36 77
36 83
37 38
37 45
37 46
37 76
37 98
38 42
38 45
38 46
38 48
38 98
39 47
39 62
39 87
39 95
39 96
40 50
40 53
40 66
40 72
40 87
40 88
41 44
41 48
41 56
41 76
42 47
42 91
42 98
43 84
43 90
43 99
44 47
44 63
44 65
45 60
45 84
45 92
46 60
46 82
46 92
47 57
47 88
47 98
48 74
48 76
48 82
48 91
48 95
49 55
49 98
50 66
50 69
50 70
50 72
50 73
50 96
50 97
51 59
51 61
51 67
51 88
52 55
52 74
53 74
53 77
53 82
54 63
54 64
54 68
54 69
54 79
54 81
54 93
55 65
55 93
55 96
56 65
56 75
56 76
56 85
56 89
56 90
56 95
57 62
57 66
57 70
57 87
58 75
58 89
59 61
59 67
59 71
60 89
60 90
60 92
61 64
61 67
61 81
61 94
62 66
62 87
62 91
62 95
63 68
63 69
63 77
63 79
63 80
63 86
63 89
63 90
63 93
64 68
64 79
64 88
65 69
65 70
66 70
66 89
66 96
67 83
67 94
68 79
68 80
68 83
68 88
69 93
70 82
70 85
70 96
70 97
71 81
71 83
71 85
71 88
72 77
72 81
72 94
72 96
72 97
73 93
73 99
74 82
74 83
75 80
75 83
75 89
76 78
76 82
76 91
77 94
77 96
77 97
78 79
78 91
79 80
79 93
79 94
80 83
80 93
81 94
81 97
83 88
84 90
84 92
84 99
85 88
85 89
87 96
90 91
90 92
90 99
91 95
92 99
95 98
