60 172
12 7 3 2 2 2 7 10 6 1 13 11 1 6 5 10 5 15 15 15 6 3 15 1 12 15 15 2 0 3 12 10 2 10 3 15 6 7 5 14 3 4 11 4 9 2 10 7 8 8 3 4 8 4 7 0 8 11 6 11 
0 6
0 12
0 24
0 31
0 44
0 59
1 7
1 9
1 29
1 52
1 59
2 8
2 31
2 45
2 48
2 54
3 4
3 5
3 26
3 35
3 58
4 31
4 33
4 34
4 39
5 29
5 33
5 43
5 53
5 56
5 59
6 7
6 19
6 30
6 42
6 44
6 46
6 47
6 48
6 54
6 56
6 59
7 31
7 52
7 58
8 17
8 51
9 17
9 32
9 43
10 28
10 30
10 35
10 37
10 47
11 14
11 32
11 44
11 50
11 56
12 28
12 50
13 16
13 19
13 46
13 56
14 17
14 24
14 25
14 32
14 42
14 58
14 59
15 20
15 40
15 43
15 56
16 23
16 39
16 42
16 57
17 19
17 26
17 36
17 43
17 56
17 57
18 26
18 47
19 31
19 52
20 23
20 25
20 26
20 33
20 48
20 54
21 25
21 47
21 54
21 55
21 58
22 23
22 39
22 42
22 44
23 27
23 34
23 52
23 53
25 32
25 35
25 50
25 58
26 28
26 42
26 49
26 52
27 31
27 48
27 49
28 30
28 40
28 45
28 50
29 30
29 32
30 33
30 55
31 33
31 42
31 44
31 53
32 39
32 56
33 50
33 54
34 53
34 57
35 41
36 40
36 53
36 54
37 53
37 55
37 56
38 48
39 43
39 50
40 51
40 55
41 53
42 50
42 55
43 50
44 46
44 58
45 54
45 55
46 54
46 56
46 58
46 59
48 55
50 56
51 54
51 57
53 56
54 58
55 57
55 59
57 59
