70 454
3 6 14 15 5 14 2 4 1 6 9 5 1 13 8 0 11 5 0 11 15 5 11 11 5 2 7 7 11 11 5 0 7 14 6 12 5 11 2 13 0 2 5 10 11 5 10 10 4 0 5 12 10 0 13 5 7 7 15 4 12 14 1 9 0 5 7 0 5 7 
0 12
0 16
0 25
0 26
0 37
0 46
0 47
0 49
0 60
0 65
1 8
1 15
1 18
1 22
1 27
1 29
1 55
1 59
1 60
1 66
2 11
2 17
2 18
2 29
2 33
2 35
2 36
2 39
2 46
2 57
2 61
2 69
3 6
3 7
3 11
3 12
3 17
3 20
3 24
3 44
3 45
3 48
3 52
3 54
3 60
3 63
3 65
3 67
4 8
4 23
4 25
4 27
4 32
4 33
4 35
4 37
4 40
4 43
4 47
4 51
4 54
4 55
4 60
4 62
5 6
5 16
5 21
5 45
5 49
5 50
5 54
5 62
5 65
6 12
6 21
6 28
6 31
6 33
6 38
6 39
6 42
6 43
6 51
6 54
6 55
6 63
7 13
7 16
7 17
7 21
7 27
7 32
7 36
7 43
7 44
7 51
7 55
7 59
7 60
7 69
8 15
8 18
8 37
8 39
8 41
8 42
8 43
8 46
8 52
8 61
8 66
9 15
9 18
9 21
9 28
9 30
9 49
9 57
9 60
9 65
9 68
10 15
10 20
10 42
10 45
10 53
10 61
10 63
10 69
11 14
11 16
11 17
11 21
11 25
11 26
11 28
11 30
11 36
11 39
11 45
11 52
11 62
11 68
12 26
12 48
12 62
12 68
13 15
13 20
13 21
13 24
13 29
13 30
13 35
13 43
13 45
13 48
13 49
13 51
13 56
13 61
13 63
14 23
14 28
14 32
14 43
14 45
14 56
14 61
14 64
14 67
15 20
15 23
15 28
15 32
15 33
15 36
15 38
15 48
15 50
15 57
15 65
15 66
15 67
16 18
16 22
16 26
16 34
16 35
16 37
16 40
16 42
16 43
16 46
16 48
16 49
16 53
16 59
16 60
17 19
17 23
17 33
17 42
17 47
17 54
17 55
17 62
17 64
18 19
18 31
18 40
18 44
18 53
18 60
18 63
19 26
19 28
19 32
19 36
19 45
19 50
19 51
19 53
19 57
19 61
19 68
20 27
20 37
20 39
20 53
20 55
20 58
20 61
20 68
21 23
21 37
21 47
21 55
21 57
21 60
21 69
22 28
22 30
22 31
22 32
22 45
22 47
22 51
22 54
22 61
22 64
23 29
23 37
23 47
23 54
23 57
23 59
23 60
23 61
23 66
24 25
24 26
24 33
24 35
24 45
24 49
24 62
24 63
24 66
24 69
25 27
25 29
25 34
25 39
25 44
25 49
25 60
26 28
26 29
26 40
26 49
26 52
26 58
26 61
27 33
27 38
27 39
27 40
27 46
27 60
27 62
27 67
28 31
28 36
28 48
28 56
28 58
28 59
28 60
28 62
28 64
28 69
29 39
29 47
29 48
29 51
29 53
29 63
29 69
30 31
30 32
30 42
30 43
30 46
30 54
30 62
30 63
31 47
31 48
31 49
31 50
31 55
31 59
31 60
31 61
31 62
32 33
32 43
32 55
32 57
32 63
33 60
33 67
34 41
34 42
34 44
34 51
34 60
34 66
35 46
35 47
35 48
35 51
35 57
35 62
35 64
35 67
36 38
36 44
36 46
36 48
36 54
36 64
37 38
37 40
37 48
37 59
37 62
37 63
37 68
37 69
38 42
38 46
38 50
38 54
38 58
38 69
39 41
39 49
39 53
39 58
39 60
39 65
39 66
40 41
40 42
40 45
40 54
40 67
41 52
42 44
42 52
42 59
42 67
43 45
43 56
43 60
43 61
43 64
43 69
45 52
45 58
45 66
45 67
46 49
46 53
46 62
46 67
46 68
47 64
47 65
47 68
48 50
48 51
48 54
48 66
48 68
49 50
49 54
49 59
49 60
49 61
50 55
50 57
50 59
50 61
50 63
50 68
51 62
52 53
52 55
52 59
52 61
52 69
53 61
53 63
53 66
53 67
54 57
54 63
54 64
54 65
54 66
55 56
55 61
55 62
56 64
56 65
57 61
57 67
57 68
58 63
59 64
60 66
60 68
61 63
62 64
62 66
64 65
64 66
64 68
64 69
65 66
65 68
