90 197
3 10 15 5 0 2 11 5 0 0 0 0 12 10 5 6 13 9 7 2 15 1 1 14 2 15 5 5 8 1 1 2 13 4 12 5 10 1 4 5 15 3 11 4 0 14 3 4 11 4 10 1 6 10 0 0 5 10 2 14 12 14 4 13 15 5 1 5 12 1 13 11 5 4 1 11 3 2 4 1 4 15 9 2 10 13 1 12 12 4 
0 10
0 37
0 70
0 73
1 7
1 34
1 75
1 78
2 35
2 36
2 55
2 56
2 74
3 28
3 51
3 68
3 87
4 9
4 55
5 14
6 11
6 28
6 50
6 66
6 68
7 19
7 31
7 46
7 50
7 69
8 60
8 77
9 11
9 39
9 81
10 29
10 67
10 73
11 22
11 33
11 39
11 56
11 75
11 86
11 87
12 35
12 42
12 74
12 77
12 88
13 23
13 36
13 37
13 48
13 56
14 38
14 45
14 78
15 48
15 62
16 41
16 46
16 50
16 53
16 55
16 59
17 45
17 75
17 81
18 24
18 30
18 43
18 48
18 60
18 70
19 21
19 29
19 37
19 71
19 78
20 21
20 23
20 57
20 67
20 71
21 25
21 46
22 27
22 49
22 54
23 41
23 58
23 62
23 67
24 36
24 39
24 42
24 80
24 84
25 32
25 49
25 56
25 57
25 74
25 89
26 27
26 76
27 33
27 69
27 70
27 76
27 86
28 61
28 77
28 89
29 38
29 49
29 53
29 61
29 63
29 88
29 89
30 36
30 48
32 35
32 80
33 41
33 53
33 61
33 85
34 52
34 58
34 67
35 62
35 65
35 78
36 49
36 70
36 79
36 86
37 41
37 59
37 86
39 57
39 80
40 43
41 52
41 81
42 60
42 69
43 54
43 55
43 65
44 72
44 84
45 52
45 67
46 49
46 80
47 55
47 67
47 83
48 58
48 81
49 51
49 55
49 59
50 75
50 81
52 73
53 59
53 86
54 70
57 66
57 72
58 84
59 76
59 81
60 62
60 67
60 88
61 65
61 87
62 66
63 87
64 89
66 89
67 81
69 70
69 87
71 76
74 84
74 85
76 78
78 82
81 82
87 88
