30 81
5 4 7 7 4 1 5 1 6 5 6 7 7 2 2 1 7 4 3 0 2 6 5 4 0 7 1 4 0 7 
0 1
0 7
0 10
0 15
0 21
0 28
1 4
1 6
1 8
1 12
1 14
1 27
1 28
2 10
2 11
2 18
2 23
3 7
3 9
3 12
3 20
3 22
3 29
4 8
4 12
4 14
4 18
4 26
5 19
5 20
5 29
6 15
6 17
7 9
7 11
7 15
7 18
8 19
9 11
9 20
9 21
9 25
10 26
11 15
11 23
11 24
11 26
11 27
12 15
12 21
12 22
12 23
12 27
13 16
13 18
13 21
13 28
14 20
14 21
14 27
14 28
15 16
15 19
15 20
15 23
15 28
16 26
16 27
17 24
18 26
18 29
19 20
19 22
20 24
22 28
22 29
23 25
23 27
24 25
24 29
25 29
