80 177
7 8 3 7 1 1 0 6 13 3 15 2 5 8 8 4 9 1 14 0 13 13 4 15 15 15 15 0 0 10 7 10 7 15 12 15 13 13 4 6 14 15 1 5 13 0 14 2 0 3 9 14 11 15 13 3 11 11 14 5 11 11 8 5 13 13 11 15 2 11 15 4 4 11 14 1 2 10 6 14 
0 6
0 18
0 20
0 23
0 31
0 40
0 57
0 59
0 65
0 75
0 77
0 79
1 5
1 19
1 31
1 55
1 70
2 12
2 29
2 38
2 42
2 60
2 62
2 64
3 7
3 49
4 5
4 12
4 15
4 28
4 43
5 16
5 49
7 17
7 27
7 52
8 13
8 43
8 45
8 54
8 68
8 75
9 29
9 36
9 70
9 76
10 60
11 64
12 26
12 27
12 61
12 71
13 43
13 70
13 71
14 33
14 36
14 46
14 57
14 72
15 26
16 63
16 76
17 22
17 40
18 26
18 53
19 40
19 41
19 62
21 32
21 36
21 47
21 50
21 73
22 33
22 45
23 32
24 30
24 43
24 45
24 48
24 58
24 62
24 69
24 73
25 26
25 44
25 77
25 79
26 28
26 38
26 74
27 37
27 74
28 37
28 54
28 73
29 30
29 39
29 40
29 48
29 59
29 65
30 48
30 49
30 54
30 73
31 33
31 36
31 55
31 72
32 46
32 75
33 36
33 40
33 57
33 79
34 37
34 42
35 65
35 72
36 46
36 57
36 66
36 70
36 76
36 79
37 62
38 72
39 44
39 72
40 72
40 75
40 76
40 77
41 48
41 65
41 68
41 78
43 47
43 70
43 73
44 75
46 56
46 57
46 66
46 76
47 64
47 67
48 50
48 51
48 67
49 68
49 71
51 63
52 74
52 75
53 67
53 69
57 64
57 74
58 60
58 64
60 75
61 64
62 78
64 74
65 68
65 70
66 70
66 72
67 74
69 70
70 79
75 78
76 79
