40 116
0 2 5 1 4 4 0 5 6 1 5 7 7 0 0 2 7 5 2 4 0 5 4 0 5 1 3 3 5 4 1 5 5 2 4 2 0 7 1 7 
0 34
1 22
1 36
2 3
2 5
2 8
2 9
2 13
2 24
2 27
2 30
3 5
3 9
3 12
3 13
3 16
3 27
3 30
3 38
4 12
4 13
4 15
4 28
5 17
5 27
5 30
5 38
6 20
6 21
6 25
6 39
7 8
7 18
7 21
7 22
7 26
7 28
7 35
7 37
8 14
8 34
9 10
9 15
9 20
9 24
9 25
9 28
9 30
9 34
10 22
10 24
10 30
10 34
10 35
11 39
12 17
12 20
13 16
13 32
14 15
14 16
15 17
15 30
15 33
16 27
16 29
16 30
16 32
16 36
17 19
17 21
17 27
17 29
17 31
17 38
18 22
18 26
18 34
18 35
18 37
19 21
19 26
19 29
19 37
19 38
20 22
21 23
21 26
21 29
21 37
22 24
22 34
22 35
22 36
23 29
24 30
24 32
24 34
25 31
25 32
25 35
25 38
26 29
26 37
26 39
27 29
27 38
28 36
29 31
29 38
30 36
31 36
32 35
34 35
35 37
36 38
