30 159
6 0 2 1 0 6 1 0 5 0 2 7 1 7 0 4 1 3 4 6 6 1 2 7 1 2 7 6 3 3 
0 1
0 3
0 21
0 26
1 7
1 8
1 9
1 10
1 14
1 15
1 17
1 20
1 22
1 23
1 25
1 27
1 29
2 3
2 6
2 7
2 8
2 10
2 13
2 15
2 16
2 23
2 24
2 29
3 8
3 9
3 12
3 16
3 17
3 25
4 5
4 6
4 7
4 9
4 10
4 12
4 14
4 15
4 22
4 23
4 24
4 25
4 28
5 7
5 9
5 12
5 16
5 18
5 22
5 23
5 26
5 29
6 7
6 11
6 15
6 17
6 19
6 20
6 22
6 25
6 27
7 8
7 9
7 12
7 13
7 14
7 17
7 20
7 21
7 24
7 25
8 14
8 16
8 17
8 27
8 28
9 15
9 17
9 19
9 21
9 23
10 16
10 18
10 19
10 20
10 21
10 29
11 13
11 14
11 15
11 16
11 17
11 18
11 19
11 20
11 23
11 24
11 26
11 27
12 13
12 17
12 21
12 26
12 27
13 14
13 15
13 16
13 18
13 19
13 20
13 23
13 25
13 27
14 15
14 18
14 22
14 23
14 26
14 29
15 16
15 18
15 20
15 23
16 18
16 22
16 27
16 28
17 24
17 26
17 29
18 21
18 22
18 24
18 25
18 26
19 21
19 25
20 21
20 26
21 23
21 24
21 26
21 27
22 23
22 25
22 28
22 29
23 27
23 28
23 29
24 26
25 27
25 28
25 29
26 27
