50 117
1 1 3 0 3 0 1 1 7 0 2 1 1 1 1 2 3 0 1 4 2 2 2 7 5 6 7 5 0 5 1 6 1 3 7 3 1 6 4 4 6 4 0 0 4 2 3 5 5 2 
0 34
1 12
1 22
1 29
1 30
2 8
2 14
2 15
2 21
2 31
2 41
3 8
3 9
3 17
3 48
4 33
4 48
5 25
5 28
5 45
6 37
6 44
6 48
7 9
7 26
7 42
7 44
8 13
8 32
8 47
9 13
9 17
9 25
9 42
9 43
9 45
10 19
10 21
10 22
10 26
11 13
11 24
11 27
11 43
11 46
11 49
12 15
12 37
12 41
12 44
12 46
12 47
13 14
13 46
14 22
14 27
15 24
15 29
15 35
15 36
16 22
16 23
16 24
16 27
16 29
17 28
18 28
18 32
18 39
19 34
19 39
19 44
19 46
20 31
20 36
20 44
21 22
21 30
21 32
22 46
23 33
23 43
23 46
24 34
24 46
25 49
26 28
26 34
26 36
26 38
26 39
27 49
28 37
28 45
30 37
30 39
30 42
31 40
31 46
32 33
32 37
32 39
32 46
32 48
33 39
33 44
34 36
34 42
34 43
35 47
36 44
37 40
38 47
41 42
42 44
42 46
42 48
