50 230
2 5 5 0 2 1 7 6 3 3 7 0 4 6 7 6 6 5 3 0 0 5 5 6 4 2 2 0 1 3 2 2 4 5 4 5 5 2 2 6 2 6 0 5 7 2 7 3 7 0 
0 15
0 22
0 23
0 27
0 32
0 35
0 39
0 44
0 46
1 4
1 8
1 9
1 11
1 39
1 43
1 48
2 6
2 7
2 11
2 13
2 17
2 28
2 30
2 37
2 40
2 44
2 49
3 4
3 6
3 11
3 25
3 28
3 32
3 34
3 38
3 44
3 46
4 6
4 19
4 23
4 24
4 38
4 39
4 44
4 46
5 10
5 16
5 19
5 26
5 40
5 41
6 9
6 12
6 32
6 33
6 34
6 40
7 11
7 16
7 32
7 35
7 37
7 43
7 46
8 9
8 14
8 19
8 25
8 29
8 30
8 32
8 38
8 40
8 49
9 11
9 17
9 18
9 24
9 28
9 38
10 12
10 13
10 24
10 25
10 35
10 40
10 45
11 20
11 29
11 31
12 20
12 24
12 26
12 40
12 41
12 49
13 15
13 18
13 20
13 25
13 27
13 37
13 43
13 47
14 17
14 23
14 28
14 31
14 35
14 37
14 44
15 18
15 19
15 23
15 24
15 26
15 33
15 35
15 38
16 18
16 20
16 21
16 37
17 21
17 28
17 29
17 31
17 35
17 48
18 20
18 23
18 30
18 33
18 34
18 41
18 47
19 22
19 29
19 34
19 38
19 39
19 44
19 45
19 48
20 25
20 26
20 28
20 34
20 36
20 40
20 43
20 44
20 47
20 48
20 49
21 28
21 39
21 46
21 49
22 23
22 29
22 32
22 43
22 46
22 47
22 48
23 28
24 25
24 41
24 43
25 31
25 32
25 36
25 41
25 43
25 45
25 46
25 49
26 27
26 39
26 41
26 42
27 32
27 33
27 34
27 35
27 39
27 44
28 31
28 33
28 37
28 44
28 46
29 38
29 46
30 38
30 47
31 44
31 49
32 35
32 36
32 47
33 35
33 49
34 36
35 40
35 41
35 49
36 43
37 42
37 43
37 45
38 43
38 47
39 41
39 42
39 45
39 49
40 44
40 49
41 44
41 49
42 44
42 47
43 47
43 49
44 48
45 46
46 48
46 49
