80 162
7 7 0 13 9 10 7 2 1 0 4 5 7 7 1 4 1 2 5 5 2 11 13 13 7 2 5 7 7 14 11 8 0 14 15 9 1 11 7 10 7 3 15 0 15 4 3 7 8 12 2 3 13 7 11 13 11 14 6 8 4 8 3 8 4 12 8 1 7 14 3 6 2 3 13 15 7 13 15 10 
0 7
0 8
1 17
1 24
1 52
1 53
2 4
2 8
2 10
2 14
2 21
2 60
2 63
2 66
2 74
3 17
4 14
4 16
4 20
4 22
4 23
4 42
4 51
4 60
5 26
5 64
6 12
6 14
6 18
6 38
6 49
6 51
6 71
6 74
7 30
8 26
8 33
8 41
8 53
9 29
9 42
9 48
9 66
9 69
10 23
10 25
10 35
10 40
10 47
10 50
11 18
11 19
11 51
12 42
12 54
12 56
12 65
12 69
13 25
13 37
13 76
14 20
14 30
14 60
14 76
15 63
15 77
16 47
17 30
17 64
18 46
18 65
18 73
19 26
19 29
19 32
19 45
19 62
20 51
20 60
21 39
22 25
22 27
22 48
23 32
23 34
23 46
23 49
23 51
23 74
23 77
24 26
24 36
24 50
26 51
26 71
27 44
27 49
28 38
28 57
28 61
30 41
31 63
33 48
33 61
33 67
34 38
35 38
35 42
36 44
36 72
36 74
36 78
37 43
37 50
38 60
38 68
38 79
39 41
39 78
41 49
41 56
42 75
43 47
43 59
44 60
44 68
44 79
45 48
45 66
45 77
46 56
46 62
47 53
47 72
48 71
49 78
50 58
51 55
51 77
52 59
52 64
53 54
54 64
55 59
55 70
55 71
58 70
60 68
60 72
60 75
60 78
60 79
62 69
62 76
63 72
65 68
67 73
67 76
68 72
68 78
72 79
