100 253
19 20 2 2 30 31 8 10 30 30 20 16 28 4 17 24 16 25 24 29 16 23 22 25 27 11 1 30 21 7 6 0 2 0 8 14 16 24 18 3 16 19 24 31 5 31 21 25 28 6 12 12 17 5 29 16 7 21 11 21 24 30 7 21 29 26 10 23 6 20 8 3 18 8 3 11 20 19 22 16 22 11 4 19 23 25 8 2 13 18 21 21 13 1 15 16 18 14 19 9 
0 14
0 15
0 34
0 52
0 68
0 77
0 81
1 23
1 25
1 43
1 65
1 95
2 38
2 51
2 91
3 23
3 26
3 32
3 39
3 63
4 5
4 36
5 10
5 52
5 54
5 71
5 82
5 92
6 41
6 56
7 22
7 24
7 25
7 31
7 32
7 44
7 76
8 52
8 99
9 44
9 69
9 82
10 13
10 20
10 57
10 61
11 17
11 29
11 43
11 64
11 68
11 94
12 15
12 22
12 47
12 61
12 64
12 69
12 95
13 14
13 21
13 24
13 25
13 28
13 52
13 77
14 23
14 38
14 70
14 83
14 94
15 29
15 33
15 40
15 92
16 96
17 30
17 42
17 46
17 80
17 85
18 38
18 70
18 93
19 21
19 27
19 68
19 83
19 89
20 68
21 56
21 91
22 34
22 37
22 59
22 76
24 65
24 79
24 80
25 60
25 74
25 80
26 63
26 72
26 92
27 32
27 37
27 38
27 40
27 90
28 51
28 68
28 73
28 83
29 49
29 56
29 65
29 69
29 71
29 75
30 34
30 40
31 68
31 95
32 39
32 59
32 61
33 39
33 42
33 46
33 60
33 70
33 78
34 47
34 64
34 70
34 75
35 36
35 40
35 41
35 81
35 93
36 72
36 78
36 92
36 94
37 62
37 77
39 53
39 97
40 49
40 57
40 90
40 95
41 66
42 58
42 59
42 65
42 68
42 79
42 94
43 90
43 95
44 48
44 68
45 92
46 61
46 67
46 79
46 90
46 98
47 53
47 71
47 81
47 89
48 53
48 78
49 71
49 74
49 87
50 66
50 74
50 75
50 95
50 97
51 56
51 58
51 64
52 64
52 70
52 74
52 78
52 97
53 57
54 56
54 88
54 89
54 97
55 57
55 61
56 67
56 92
57 77
57 92
58 80
58 82
58 96
59 69
59 72
60 73
60 83
60 87
61 85
61 87
62 77
63 71
63 83
63 87
64 67
64 77
64 92
65 94
65 99
66 79
66 81
66 93
67 69
67 75
67 80
67 97
67 98
69 76
69 80
69 89
70 85
70 89
72 73
73 79
73 88
73 90
73 94
75 85
75 89
77 86
77 95
81 90
81 95
82 86
84 88
85 88
85 97
86 96
93 98
