35 155
0 2 0 4 0 7 4 0 4 1 4 6 2 6 0 4 7 7 4 0 5 1 6 6 1 6 5 5 0 3 7 1 0 2 1 
0 4
0 6
0 13
0 14
0 15
0 23
0 32
0 33
0 34
1 8
1 15
1 16
1 17
1 19
1 20
1 23
1 27
1 29
2 3
2 5
2 6
2 19
2 33
3 5
3 6
3 12
3 15
3 18
3 21
3 24
3 27
3 30
4 9
4 12
4 13
4 17
4 18
4 23
4 25
4 33
5 11
5 12
5 18
5 21
5 22
5 24
5 25
5 26
5 27
5 30
6 7
6 11
6 14
6 19
6 26
6 28
6 32
6 34
7 16
7 17
7 18
7 19
7 26
7 28
7 29
7 32
8 11
8 15
8 16
8 17
8 20
8 24
8 27
8 30
8 33
9 12
9 13
9 16
9 18
9 21
9 23
9 25
9 33
10 11
10 15
10 28
10 31
11 14
11 15
11 19
12 18
12 19
12 21
12 23
12 25
13 14
13 20
13 23
13 25
13 33
13 34
14 24
14 26
14 28
14 32
14 33
14 34
15 17
15 20
15 22
15 24
15 27
15 30
16 17
16 19
16 20
16 28
16 29
17 19
17 20
17 29
18 21
18 22
18 25
18 30
19 26
19 28
19 29
20 24
20 27
20 29
21 24
21 25
21 28
21 30
22 31
23 25
23 33
23 34
24 27
24 30
25 29
26 28
26 29
26 32
26 34
27 30
27 34
28 29
28 32
30 32
31 34
32 33
32 34
33 34
