100 297
25 15 7 23 0 13 25 31 0 21 0 22 9 4 15 13 26 5 25 26 4 12 17 24 23 9 22 17 27 5 0 26 12 22 23 16 11 7 18 11 4 17 10 21 10 17 28 0 17 12 30 21 25 15 2 15 16 14 6 7 6 23 30 5 4 13 6 15 29 25 23 6 15 19 3 18 12 1 26 25 1 12 15 0 2 10 9 29 6 31 2 27 1 11 20 26 7 3 20 24 
0 4
0 26
0 65
0 67
0 96
1 2
1 6
1 36
1 37
1 66
1 86
2 36
2 56
2 79
2 82
2 86
3 6
3 7
3 31
3 32
3 70
3 76
3 82
3 99
4 8
4 19
4 26
4 31
4 38
4 67
5 31
5 50
5 72
5 85
5 97
6 37
6 52
6 83
6 86
7 11
7 32
7 70
7 73
7 76
8 53
8 55
8 59
8 70
8 95
8 96
9 25
9 54
9 59
9 65
9 95
10 21
10 33
10 39
10 48
10 84
11 32
11 35
11 67
11 73
11 93
12 27
12 30
12 64
12 80
12 87
12 99
13 27
13 48
13 49
13 54
13 70
13 76
13 81
13 96
13 98
14 15
14 41
14 51
14 58
14 60
14 62
14 98
15 28
15 41
15 51
15 63
15 78
16 27
16 29
16 45
16 98
17 23
17 48
17 55
17 61
17 75
17 94
17 97
18 35
18 54
18 56
18 79
18 82
18 92
19 21
19 76
20 44
20 83
21 33
21 39
21 57
21 60
21 70
21 83
22 44
22 46
22 47
22 49
22 81
22 90
23 48
23 55
23 78
23 91
23 97
24 29
24 71
24 84
24 92
25 59
25 74
25 95
26 38
26 67
26 96
27 49
27 69
27 87
27 99
28 41
28 55
28 58
28 60
29 61
29 71
29 84
29 89
29 92
30 58
30 64
30 80
30 99
31 32
31 39
31 48
31 55
31 62
31 75
31 91
31 93
33 39
33 57
33 61
33 84
34 38
34 55
34 60
34 67
34 72
34 85
34 88
35 43
35 54
35 56
35 74
36 37
36 79
36 86
37 45
37 52
37 66
37 86
38 52
38 67
38 85
38 88
39 52
39 83
40 71
40 96
41 51
41 58
41 63
42 72
42 73
42 93
43 53
43 54
43 56
43 70
43 79
44 46
44 47
44 81
44 89
44 90
45 53
45 77
45 93
46 47
46 71
46 89
47 71
47 89
47 92
48 70
48 75
48 96
49 69
49 81
49 90
50 62
50 93
50 98
51 63
51 78
52 57
52 66
54 68
54 74
55 72
55 97
56 79
56 82
57 66
57 83
58 80
58 99
59 65
59 95
60 62
60 88
61 70
61 93
62 75
62 88
63 78
63 88
64 69
64 87
65 95
65 96
66 77
67 88
68 85
68 86
69 75
69 81
69 87
70 76
70 80
70 90
70 93
71 89
71 92
72 75
72 85
72 88
72 91
73 74
73 76
73 93
73 94
73 98
74 95
75 85
75 93
75 94
76 82
78 91
78 97
79 82
80 99
81 87
82 86
83 93
84 92
85 88
89 92
91 97
93 94
94 98
