70 131
4 3 11 4 2 3 4 10 9 10 8 8 8 1 6 6 9 12 6 3 2 9 11 9 9 14 11 0 0 11 3 6 7 15 8 15 6 4 2 11 11 6 8 6 2 0 10 5 6 5 6 12 0 8 8 10 11 15 12 2 0 14 8 6 2 14 1 10 14 12 
0 12
0 22
0 52
0 56
0 57
1 5
1 6
1 8
1 39
1 42
2 9
2 17
2 25
2 31
2 67
3 27
3 38
3 62
4 13
4 25
4 26
4 37
4 46
4 60
5 43
6 11
6 35
7 47
7 49
7 62
8 34
8 42
8 69
9 19
9 24
9 37
9 47
9 67
10 49
10 59
11 36
11 40
11 52
11 53
11 60
11 64
12 25
13 15
13 39
13 40
13 43
13 48
13 56
14 15
14 20
14 56
15 64
16 38
16 50
16 54
16 65
17 30
18 24
18 29
18 57
18 69
19 30
19 67
21 30
21 40
22 34
22 36
22 38
22 44
22 52
22 63
22 67
23 37
23 39
23 43
26 38
27 29
27 59
28 40
30 38
30 47
30 66
30 67
31 47
31 54
31 66
32 48
32 65
33 37
33 56
35 43
35 60
35 61
35 68
36 43
36 53
36 56
37 50
37 62
38 41
38 43
38 48
38 67
41 52
41 53
41 67
42 44
42 45
43 53
44 55
45 55
46 54
47 58
47 67
48 55
49 61
49 64
51 53
51 56
52 67
54 65
58 59
58 66
59 62
63 68
66 67
