70 131
12 2 8 3 2 14 11 14 1 2 11 12 3 4 11 8 6 2 12 13 1 9 12 10 7 8 14 0 1 12 5 6 3 6 8 13 3 13 6 6 4 10 1 9 10 6 1 10 8 11 5 7 12 3 14 15 6 6 14 3 12 8 1 3 7 14 0 12 9 1 
0 24
0 32
0 33
0 35
0 37
0 43
0 53
1 40
1 54
1 69
2 6
2 8
2 31
2 34
3 34
3 38
4 12
4 14
4 35
4 38
4 44
4 57
5 21
5 32
6 25
6 33
6 43
6 61
7 9
7 12
7 17
8 23
8 56
8 57
8 65
9 15
9 19
9 54
9 62
10 16
10 23
10 64
10 69
11 19
11 51
12 30
12 42
12 44
12 53
12 63
12 65
13 19
13 48
14 24
14 39
14 44
14 66
14 67
15 26
15 33
17 18
17 47
17 66
18 24
19 21
19 38
19 62
20 40
20 44
20 48
21 24
21 31
21 57
21 59
21 61
22 55
23 50
24 29
24 68
25 38
25 39
25 48
25 57
26 34
26 48
27 65
28 42
28 54
29 55
30 33
30 41
30 44
30 45
31 60
32 36
32 42
32 67
33 42
33 49
34 38
36 46
36 54
37 53
38 39
38 55
39 48
41 44
41 49
41 60
41 62
41 63
41 69
42 44
43 62
44 49
44 57
44 63
44 64
44 66
45 67
47 64
48 52
48 66
50 54
50 67
52 69
56 60
57 58
57 66
60 65
61 69
