80 120
3 11 11 3 10 13 8 5 7 15 11 9 5 6 1 2 14 13 11 2 10 11 12 14 7 3 7 0 10 0 10 6 5 10 3 0 5 1 6 14 10 11 5 0 14 6 12 3 1 12 7 4 5 9 11 0 13 12 15 2 12 10 9 6 13 1 0 7 3 1 11 13 15 11 6 10 5 6 9 7 
0 1
0 29
0 30
0 32
0 43
0 59
0 60
0 76
1 40
1 44
1 63
2 36
2 64
3 4
3 40
3 49
3 62
3 68
4 59
4 78
4 79
5 11
6 40
7 45
8 68
9 42
10 58
11 13
12 14
12 32
13 20
13 21
13 24
13 45
13 51
13 55
13 58
15 30
15 65
16 36
16 56
16 65
17 34
17 41
17 42
17 63
18 33
18 48
18 76
19 44
20 23
20 27
20 57
20 69
21 33
21 70
22 23
23 25
23 70
23 74
25 39
25 44
25 72
26 29
26 77
27 58
27 72
28 30
28 34
29 30
29 40
31 68
32 39
32 44
32 53
33 35
33 62
35 36
35 41
35 47
36 52
37 63
37 74
38 48
39 69
40 53
40 56
41 50
41 51
41 65
42 65
42 76
44 48
44 61
44 64
46 53
47 62
47 65
47 73
49 70
50 75
51 54
51 71
53 54
53 64
53 69
54 57
54 61
56 62
56 68
57 72
58 70
62 70
63 67
63 76
65 77
66 68
69 72
69 77
74 78
