100 1776
20 24 28 26 10 16 9 0 6 23 25 22 10 6 5 14 14 9 28 15 19 11 0 18 27 7 15 26 25 2 27 25 12 25 13 11 29 6 20 23 3 26 31 8 26 27 9 8 18 2 10 7 14 22 0 12 6 30 12 1 16 18 3 6 12 10 11 25 14 26 9 18 22 9 8 14 21 13 9 11 0 13 28 11 27 6 18 23 2 20 5 17 26 2 26 19 31 10 1 11 
0 1
0 3
0 4
0 9
0 11
0 12
0 14
0 18
0 19
0 23
0 28
0 29
0 30
0 34
0 38
0 39
0 40
0 42
0 50
0 56
0 57
0 62
0 64
0 65
0 68
0 71
0 74
0 75
0 81
0 84
0 89
0 90
0 91
0 92
0 93
0 94
0 95
0 97
1 2
1 3
1 4
1 5
1 10
1 12
1 15
1 17
1 18
1 21
1 22
1 26
1 32
1 33
1 35
1 36
1 38
1 39
1 41
1 43
1 45
1 46
1 51
1 53
1 58
1 63
1 64
1 68
1 75
1 76
1 89
1 91
1 93
1 94
1 97
2 3
2 8
2 10
2 11
2 14
2 15
2 21
2 27
2 29
2 32
2 33
2 34
2 42
2 43
2 44
2 46
2 50
2 51
2 53
2 54
2 57
2 66
2 68
2 70
2 78
2 80
2 86
2 88
2 92
2 96
2 97
2 98
2 99
3 8
3 9
3 10
3 12
3 14
3 16
3 18
3 20
3 23
3 29
3 30
3 31
3 33
3 36
3 40
3 42
3 45
3 47
3 53
3 55
3 60
3 63
3 64
3 71
3 72
3 73
3 76
3 80
3 83
3 87
3 88
3 91
3 95
3 96
3 97
4 5
4 11
4 12
4 14
4 17
4 20
4 21
4 29
4 31
4 33
4 37
4 38
4 39
4 42
4 43
4 44
4 45
4 48
4 49
4 51
4 53
4 54
4 55
4 56
4 59
4 60
4 62
4 65
4 67
4 71
4 74
4 78
4 79
4 87
4 89
4 93
4 94
4 98
5 6
5 13
5 14
5 18
5 19
5 21
5 22
5 24
5 28
5 29
5 32
5 33
5 37
5 38
5 45
5 53
5 54
5 56
5 58
5 60
5 62
5 63
5 64
5 67
5 70
5 71
5 73
5 75
5 76
5 77
5 80
5 84
5 95
5 96
6 8
6 9
6 11
6 12
6 14
6 16
6 17
6 20
6 28
6 30
6 31
6 32
6 33
6 35
6 36
6 39
6 44
6 46
6 47
6 48
6 55
6 60
6 62
6 67
6 69
6 72
6 74
6 79
6 80
6 84
6 86
6 88
6 89
6 91
6 93
6 98
6 99
7 12
7 13
7 14
7 19
7 24
7 25
7 26
7 28
7 32
7 37
7 43
7 45
7 47
7 49
7 50
7 53
7 59
7 70
7 71
7 76
7 78
7 91
7 95
7 96
8 10
8 16
8 22
8 23
8 25
8 28
8 29
8 32
8 34
8 35
8 39
8 41
8 45
8 46
8 56
8 57
8 58
8 59
8 67
8 73
8 75
8 79
8 83
8 86
8 87
8 91
8 93
9 10
9 12
9 17
9 19
9 22
9 25
9 30
9 33
9 35
9 42
9 44
9 45
9 48
9 52
9 59
9 60
9 61
9 65
9 66
9 68
9 71
9 77
9 87
9 89
9 90
10 11
10 14
10 16
10 17
10 19
10 20
10 22
10 25
10 26
10 28
10 30
10 32
10 35
10 36
10 38
10 39
10 40
10 41
10 44
10 45
10 47
10 56
10 57
10 60
10 63
10 67
10 68
10 69
10 73
10 83
10 84
10 85
10 90
11 14
11 15
11 21
11 25
11 26
11 31
11 32
11 36
11 39
11 40
11 42
11 43
11 45
11 47
11 54
11 57
11 60
11 62
11 67
11 70
11 74
11 77
11 82
11 83
11 88
11 90
11 96
11 98
12 15
12 17
12 18
12 20
12 22
12 23
12 26
12 27
12 29
12 34
12 35
12 36
12 41
12 42
12 44
12 45
12 54
12 56
12 57
12 58
12 59
12 60
12 64
12 67
12 72
12 75
12 78
12 82
12 85
12 86
12 88
12 89
12 93
12 95
13 14
13 17
13 21
13 24
13 26
13 27
13 30
13 31
13 33
13 34
13 36
13 42
13 43
13 44
13 46
13 51
13 53
13 54
13 57
13 62
13 64
13 69
13 70
13 74
13 75
13 78
13 79
13 81
13 84
13 89
13 90
13 92
13 94
13 95
13 96
14 15
14 16
14 17
14 20
14 24
14 25
14 26
14 31
14 36
14 37
14 39
14 40
14 41
14 42
14 44
14 45
14 54
14 57
14 65
14 66
14 73
14 74
14 75
14 76
14 77
14 79
14 80
14 82
14 84
14 85
14 91
14 93
14 94
15 17
15 27
15 30
15 32
15 36
15 39
15 40
15 44
15 46
15 47
15 48
15 54
15 55
15 57
15 59
15 64
15 68
15 69
15 72
15 74
15 77
15 80
15 81
15 85
15 87
15 88
15 93
15 98
16 18
16 24
16 25
16 28
16 30
16 32
16 35
16 42
16 46
16 51
16 53
16 57
16 58
16 61
16 62
16 63
16 64
16 66
16 70
16 71
16 72
16 73
16 76
16 79
16 80
16 81
16 82
16 83
16 87
16 88
16 91
16 96
17 18
17 20
17 21
17 23
17 25
17 31
17 32
17 33
17 34
17 35
17 40
17 42
17 44
17 47
17 51
17 56
17 57
17 65
17 69
17 70
17 73
17 76
17 78
17 79
17 80
17 83
17 84
17 90
17 93
17 95
17 96
17 98
17 99
18 21
18 26
18 27
18 30
18 32
18 35
18 37
18 40
18 45
18 46
18 58
18 59
18 60
18 64
18 69
18 71
18 73
18 76
18 79
18 85
18 89
19 21
19 23
19 24
19 27
19 28
19 31
19 33
19 34
19 37
19 39
19 43
19 47
19 49
19 50
19 52
19 54
19 55
19 57
19 60
19 61
19 67
19 69
19 73
19 78
19 79
19 80
19 81
19 82
19 84
19 87
19 89
19 90
19 93
19 95
19 96
19 97
19 98
20 22
20 23
20 24
20 26
20 27
20 32
20 36
20 41
20 42
20 47
20 51
20 52
20 53
20 54
20 55
20 57
20 59
20 60
20 64
20 65
20 69
20 72
20 73
20 74
20 78
20 79
20 80
20 86
20 89
20 91
20 92
20 94
20 95
20 98
21 22
21 24
21 26
21 27
21 29
21 37
21 39
21 43
21 47
21 53
21 57
21 59
21 64
21 66
21 67
21 74
21 91
21 93
21 96
21 98
21 99
22 23
22 27
22 34
22 35
22 43
22 46
22 48
22 49
22 54
22 55
22 56
22 62
22 63
22 64
22 66
22 68
22 70
22 71
22 75
22 77
22 78
22 79
22 80
22 83
22 84
22 86
22 89
22 94
22 99
23 25
23 26
23 27
23 30
23 32
23 39
23 40
23 46
23 50
23 51
23 54
23 55
23 58
23 59
23 61
23 63
23 64
23 65
23 69
23 72
23 73
23 75
23 83
23 84
23 88
23 89
23 92
23 96
24 27
24 29
24 43
24 48
24 49
24 50
24 51
24 55
24 56
24 62
24 63
24 69
24 71
24 73
24 74
24 76
24 84
24 86
24 94
24 96
24 99
25 30
25 34
25 36
25 37
25 41
25 42
25 46
25 50
25 54
25 60
25 61
25 64
25 66
25 69
25 75
25 76
25 77
25 79
25 86
25 89
25 90
25 94
25 95
25 96
25 98
26 34
26 35
26 42
26 45
26 47
26 48
26 50
26 51
26 52
26 55
26 58
26 62
26 65
26 67
26 68
26 70
26 73
26 74
26 76
26 78
26 79
26 80
26 86
26 87
26 88
26 95
26 97
26 99
27 31
27 34
27 37
27 42
27 50
27 51
27 52
27 55
27 59
27 61
27 65
27 66
27 71
27 73
27 74
27 77
27 80
27 84
27 85
27 86
27 87
27 94
27 96
27 97
28 29
28 32
28 34
28 35
28 36
28 37
28 39
28 43
28 44
28 47
28 51
28 52
28 53
28 57
28 61
28 62
28 65
28 71
28 72
28 75
28 81
28 82
28 86
28 87
28 90
28 99
29 31
29 34
29 35
29 36
29 39
29 40
29 43
29 44
29 50
29 52
29 53
29 54
29 58
29 63
29 65
29 67
29 69
29 70
29 71
29 72
29 74
29 75
29 79
29 80
29 87
29 90
29 92
29 93
29 94
29 96
29 97
29 98
30 35
30 39
30 42
30 43
30 44
30 45
30 47
30 51
30 53
30 57
30 58
30 59
30 65
30 67
30 74
30 77
30 79
30 88
30 89
30 90
30 93
30 97
30 98
30 99
31 33
31 34
31 35
31 36
31 44
31 50
31 55
31 56
31 58
31 62
31 68
31 69
31 72
31 74
31 75
31 77
31 81
31 86
31 87
31 94
31 99
32 36
32 38
32 41
32 43
32 44
32 49
32 50
32 51
32 53
32 54
32 60
32 62
32 65
32 67
32 68
32 69
32 71
32 72
32 73
32 75
32 77
32 78
32 82
32 84
32 85
32 86
32 89
32 92
32 93
32 95
32 99
33 37
33 41
33 43
33 44
33 47
33 49
33 50
33 52
33 54
33 55
33 56
33 62
33 64
33 65
33 75
33 81
33 83
33 84
33 90
33 91
33 93
34 38
34 44
34 45
34 46
34 47
34 50
34 51
34 56
34 60
34 61
34 64
34 73
34 79
34 82
34 88
34 89
34 92
35 38
35 40
35 43
35 51
35 55
35 57
35 58
35 60
35 65
35 69
35 71
35 72
35 73
35 75
35 86
35 87
35 88
35 90
35 91
35 93
35 99
36 39
36 41
36 43
36 48
36 50
36 52
36 55
36 56
36 57
36 59
36 60
36 62
36 66
36 70
36 71
36 73
36 75
36 80
36 82
36 85
36 87
36 88
36 91
36 92
36 93
36 96
37 39
37 53
37 55
37 58
37 59
37 60
37 61
37 68
37 69
37 70
37 76
37 81
37 84
37 86
37 90
37 91
37 98
37 99
38 39
38 41
38 43
38 46
38 47
38 50
38 51
38 53
38 56
38 60
38 63
38 64
38 66
38 69
38 70
38 71
38 75
38 77
38 78
38 83
38 84
38 85
38 87
38 94
38 98
39 40
39 41
39 42
39 45
39 47
39 54
39 56
39 60
39 63
39 64
39 68
39 72
39 73
39 77
39 78
39 80
39 82
39 84
39 87
39 88
39 89
39 91
39 93
39 94
39 98
40 48
40 50
40 52
40 55
40 57
40 59
40 62
40 64
40 75
40 77
40 81
40 83
40 84
40 86
40 88
40 89
40 90
40 91
40 95
40 97
40 98
40 99
41 49
41 50
41 51
41 52
41 54
41 55
41 56
41 58
41 60
41 61
41 62
41 63
41 69
41 70
41 71
41 73
41 74
41 76
41 78
41 80
41 85
41 86
41 92
41 93
41 94
41 98
42 44
42 49
42 52
42 55
42 56
42 57
42 62
42 66
42 70
42 74
42 75
42 77
42 79
42 80
42 81
42 82
42 83
42 86
42 89
42 90
42 91
42 93
42 94
42 95
42 97
42 99
43 44
43 45
43 49
43 51
43 55
43 58
43 62
43 64
43 69
43 74
43 76
43 78
43 80
43 83
43 84
43 85
43 86
43 89
43 90
43 95
43 99
44 45
44 46
44 48
44 57
44 58
44 61
44 62
44 64
44 73
44 76
44 80
44 89
44 91
44 92
44 93
44 94
44 96
45 50
45 52
45 66
45 67
45 71
45 72
45 78
45 79
45 80
45 82
45 83
45 85
45 87
45 90
45 91
45 94
45 97
45 98
46 47
46 55
46 58
46 64
46 66
46 67
46 68
46 69
46 70
46 72
46 73
46 74
46 78
46 79
46 82
46 85
46 86
46 87
46 93
46 94
46 95
47 50
47 52
47 53
47 54
47 58
47 62
47 69
47 74
47 76
47 77
47 78
47 83
47 88
47 91
47 92
47 96
47 99
48 51
48 53
48 54
48 56
48 67
48 72
48 75
48 77
48 79
48 80
48 84
48 89
48 90
48 93
48 97
48 99
49 52
49 53
49 54
49 55
49 57
49 59
49 62
49 67
49 72
49 74
49 80
49 85
49 91
50 60
50 62
50 63
50 64
50 65
50 68
50 70
50 73
50 74
50 82
50 85
50 89
50 94
50 97
50 98
50 99
51 54
51 56
51 63
51 65
51 66
51 69
51 71
51 77
51 78
51 79
51 80
51 83
51 87
51 88
51 93
51 94
51 95
51 96
51 97
52 61
52 64
52 76
52 77
52 78
52 85
52 89
52 93
52 95
53 55
53 56
53 65
53 67
53 68
53 70
53 71
53 72
53 73
53 81
53 83
53 84
53 87
53 88
53 91
53 92
53 97
53 98
53 99
54 58
54 63
54 64
54 65
54 68
54 71
54 73
54 80
54 83
54 89
54 90
54 92
54 93
54 94
54 96
54 97
54 98
55 60
55 63
55 64
55 65
55 69
55 72
55 77
55 81
55 83
55 84
55 86
55 90
55 93
55 96
55 97
56 58
56 60
56 61
56 62
56 64
56 66
56 70
56 71
56 72
56 73
56 74
56 77
56 79
56 80
56 83
56 86
56 91
56 92
56 96
56 97
57 61
57 63
57 80
57 82
57 83
57 84
57 85
57 86
57 89
57 99
58 64
58 67
58 68
58 69
58 71
58 72
58 74
58 77
58 80
58 83
58 84
58 87
58 91
58 93
58 94
59 60
59 65
59 67
59 68
59 70
59 71
59 72
59 74
59 76
59 78
59 80
59 87
59 88
59 90
59 91
59 92
59 94
59 98
60 65
60 67
60 75
60 76
60 77
60 81
60 82
60 83
60 84
60 85
60 87
60 88
60 90
60 91
60 93
60 98
61 62
61 67
61 70
61 74
61 75
61 83
61 86
61 87
61 88
61 96
61 99
62 68
62 78
62 81
62 83
62 85
62 87
62 91
62 94
62 95
62 96
63 68
63 70
63 75
63 76
63 80
63 82
63 86
63 87
63 89
63 90
63 98
63 99
64 68
64 69
64 70
64 71
64 72
64 73
64 77
64 80
64 82
64 85
64 87
64 89
64 92
64 94
64 97
65 66
65 68
65 70
65 79
65 84
65 85
65 87
65 91
65 92
65 93
65 94
65 95
65 96
66 67
66 70
66 72
66 73
66 77
66 78
66 79
66 80
66 83
66 85
66 91
66 93
66 97
67 68
67 70
67 75
67 84
67 85
67 96
67 97
67 98
67 99
68 72
68 73
68 76
68 80
68 82
68 89
68 91
68 94
68 95
69 71
69 72
69 73
69 80
69 86
69 87
69 90
69 92
69 93
69 94
69 95
69 98
69 99
70 72
70 73
70 74
70 75
70 79
70 81
70 83
70 84
70 85
70 87
70 88
70 89
70 90
70 91
70 93
70 94
70 95
70 96
70 97
71 72
71 76
71 84
71 89
71 98
71 99
72 77
72 78
72 79
72 81
72 82
72 83
72 84
72 85
72 86
72 90
72 93
72 95
72 99
73 74
73 78
73 80
73 82
73 91
73 94
73 96
74 79
74 83
74 90
74 91
74 93
74 96
75 76
75 78
75 86
75 87
75 89
75 90
75 91
75 93
75 94
75 95
75 96
76 80
76 81
76 82
76 84
76 85
76 88
76 89
76 94
76 95
77 79
77 81
77 82
77 83
77 85
77 89
77 92
77 93
77 96
77 97
77 98
78 81
78 83
78 86
78 89
78 92
78 93
78 98
79 83
79 84
79 87
79 88
79 89
79 96
80 81
80 83
80 85
80 89
80 92
80 93
80 96
81 82
81 89
81 90
81 98
82 88
82 90
82 91
83 88
83 89
83 91
83 93
83 95
83 96
83 97
84 85
84 86
84 89
84 91
84 93
84 97
84 98
85 91
85 94
85 97
86 89
86 97
86 99
87 89
87 92
87 94
87 95
88 89
88 92
88 93
88 97
88 99
89 91
89 93
89 95
89 97
89 99
90 91
90 94
91 92
91 93
91 94
91 96
91 97
92 96
92 97
92 98
92 99
93 96
93 97
94 95
94 96
94 98
95 98
96 97
96 98
98 99
