30 89
7 1 5 1 1 6 6 3 5 4 1 5 5 1 5 0 3 3 2 6 0 6 2 7 0 3 0 2 7 5 
0 2
0 3
0 10
0 14
0 24
0 27
1 2
1 17
1 18
1 19
1 24
2 3
2 8
2 20
2 21
3 4
3 5
3 7
3 11
3 23
3 27
4 10
4 12
4 13
4 16
4 19
4 20
4 26
4 28
5 13
5 20
5 24
6 9
6 14
6 18
6 20
6 21
6 22
6 25
6 29
7 11
7 13
8 11
8 12
8 13
8 24
8 27
9 11
9 17
11 12
11 18
11 21
11 22
11 25
11 26
11 29
12 14
12 18
12 20
12 21
12 22
12 25
12 28
13 26
13 27
13 29
14 17
14 18
14 21
14 22
14 29
15 20
15 25
15 27
16 18
18 22
18 24
18 25
18 28
20 27
21 25
21 29
22 29
23 24
23 25
23 27
25 28
25 29
27 28
