70 210
13 14 13 6 2 7 7 11 1 13 8 7 12 0 0 4 12 10 13 12 5 14 1 9 3 6 4 5 5 5 1 10 5 14 12 9 0 4 8 2 8 14 7 10 5 14 0 3 12 4 13 9 12 3 4 6 5 2 8 13 3 5 8 10 6 0 9 5 6 5 
0 1
0 3
0 6
0 25
0 30
0 69
1 3
1 18
1 24
1 49
1 69
2 17
2 20
2 23
2 24
2 25
2 55
2 66
3 6
3 26
3 30
3 68
4 15
4 38
4 40
4 42
5 13
5 16
5 18
5 25
5 28
5 29
5 33
5 47
5 48
5 51
5 55
5 60
6 30
6 47
6 51
6 56
6 57
6 68
7 12
7 27
7 34
7 36
7 37
7 53
8 15
8 16
8 35
8 44
8 59
8 62
9 21
9 23
9 31
9 40
9 46
9 61
10 20
10 24
10 49
10 64
10 66
11 23
11 38
11 40
11 42
11 60
11 61
11 62
12 27
12 33
12 36
12 43
12 59
13 14
13 17
13 18
13 29
13 31
13 48
14 17
14 41
14 44
14 52
14 64
15 41
15 47
15 59
16 51
16 59
16 65
17 29
17 35
17 44
17 54
17 60
18 28
18 48
18 52
18 64
18 65
18 68
19 45
19 52
19 58
19 63
19 64
20 32
20 52
20 55
20 60
20 66
20 69
21 23
21 31
21 46
21 67
22 32
22 34
22 37
22 45
22 50
22 53
23 31
23 40
23 61
24 66
24 69
25 31
25 55
25 60
25 67
26 36
26 65
27 33
27 36
27 42
27 43
27 56
28 48
28 49
28 52
28 57
28 58
28 64
29 57
29 60
30 47
30 51
30 65
31 40
32 50
32 58
32 63
33 38
33 43
34 37
34 52
34 53
35 41
35 60
36 64
37 45
37 50
37 53
38 42
38 43
38 61
39 40
39 55
40 61
41 44
41 48
41 59
42 43
42 52
42 54
43 60
44 52
45 50
45 64
46 55
46 67
47 51
47 64
48 52
48 64
50 53
50 63
51 65
52 58
52 64
56 57
56 65
58 63
58 64
59 65
60 63
62 67
62 68
63 64
64 66
64 69
66 67
68 69
