70 147
14 11 8 13 1 10 8 13 11 7 11 6 13 9 9 3 4 12 3 4 9 10 4 15 7 7 15 9 13 4 9 15 12 2 13 15 9 13 14 0 0 15 14 13 6 6 14 12 6 2 11 9 1 5 15 8 13 4 4 2 12 1 3 4 5 7 11 14 0 6 
0 15
0 23
0 27
0 41
0 48
1 24
1 40
1 44
1 51
1 58
1 61
2 4
2 8
2 33
2 35
2 39
2 41
3 13
3 49
3 64
3 66
4 20
4 43
4 50
4 51
4 61
5 11
5 28
5 42
5 49
5 56
6 20
6 29
7 11
7 43
7 47
7 64
8 10
8 22
8 34
8 37
8 61
9 24
9 33
9 39
9 60
10 17
10 27
11 22
11 26
11 63
12 26
12 28
12 32
12 54
13 49
13 67
14 31
14 37
14 48
15 25
15 34
15 52
15 57
16 35
16 49
17 21
17 50
17 58
18 29
19 21
20 39
20 47
20 55
20 59
20 67
21 27
21 36
21 49
22 43
22 49
22 59
23 57
23 60
24 37
24 42
24 60
25 43
25 47
26 56
26 64
26 69
27 29
27 38
27 43
27 57
28 30
28 41
28 42
28 49
28 58
28 62
29 39
29 41
30 35
30 53
30 56
30 65
31 51
32 62
32 63
33 60
34 41
34 43
35 40
35 58
35 62
36 47
36 64
38 39
40 60
40 64
40 65
42 58
43 68
45 51
45 56
46 51
46 61
48 68
49 55
49 57
49 58
49 61
49 63
50 59
51 59
51 60
52 59
52 60
53 63
54 57
58 66
59 60
60 66
62 65
62 67
