40 168
4 0 6 6 5 3 5 4 5 5 5 1 1 0 1 1 6 4 6 3 0 7 5 5 1 1 7 4 3 2 1 4 1 1 4 1 3 5 3 6 
0 3
0 5
0 11
0 13
0 14
0 16
0 24
0 26
0 28
0 30
0 35
0 38
1 2
1 3
1 9
1 13
1 19
1 21
1 29
1 39
2 5
2 6
2 11
2 14
2 21
2 26
2 28
2 30
2 38
2 39
3 13
3 14
4 10
4 11
4 15
4 26
4 37
4 39
5 6
5 15
5 25
5 26
5 29
5 30
5 36
5 38
6 11
6 14
6 16
6 26
6 30
6 35
6 36
6 38
6 39
7 8
7 10
7 16
7 20
7 22
7 27
7 37
8 15
8 16
8 17
8 21
8 25
8 32
8 34
8 36
9 12
9 14
9 37
9 39
10 13
10 15
10 17
10 19
10 25
10 34
10 35
10 37
11 15
11 16
11 20
11 26
11 32
11 35
11 36
11 37
11 38
11 39
12 23
12 29
12 34
12 35
12 37
13 18
13 19
13 31
13 33
14 24
14 26
14 27
14 30
14 31
14 35
14 36
14 38
14 39
15 16
15 21
15 24
15 27
15 29
16 25
16 28
16 30
16 31
17 27
17 30
17 35
17 37
18 29
18 36
18 37
19 28
19 37
20 25
20 35
20 37
21 23
21 27
21 36
22 28
22 29
22 33
22 34
23 24
23 29
23 31
23 38
24 32
24 33
25 30
25 31
25 33
26 33
26 35
26 38
26 39
27 31
27 32
28 34
28 36
29 38
30 32
30 36
30 38
30 39
31 32
31 34
31 35
31 36
33 34
35 38
35 39
36 39
