40 115
7 2 1 4 2 0 2 4 7 5 0 3 5 1 1 4 1 1 3 7 1 3 2 0 3 0 1 5 3 7 6 5 5 6 0 4 7 3 4 6 
0 1
0 2
0 8
0 9
0 14
0 24
0 29
0 34
1 2
1 6
1 9
1 13
1 38
2 9
2 12
2 13
2 24
2 26
2 29
3 7
3 11
3 12
3 23
3 31
4 23
4 31
5 10
5 15
5 17
5 18
5 22
5 25
5 34
6 13
6 14
6 20
6 21
6 22
6 38
7 8
7 11
7 12
7 16
7 21
7 27
7 32
8 9
8 20
8 24
8 36
9 10
9 13
9 14
9 28
9 33
10 19
10 20
10 21
10 22
10 25
10 29
11 27
11 30
11 31
11 37
12 16
12 21
12 23
12 24
12 26
12 27
13 14
13 18
13 19
13 35
13 37
14 20
14 35
14 36
15 34
16 19
16 23
16 24
16 26
16 32
17 18
17 25
17 30
17 31
17 34
17 37
18 25
18 30
18 37
19 39
20 22
21 22
21 32
22 29
23 31
24 26
24 32
24 33
25 29
25 30
27 31
27 37
28 32
28 36
28 39
30 31
30 36
30 37
33 34
35 38
