40 80
1 2 4 7 3 1 5 5 3 1 7 3 2 3 2 2 0 1 0 1 2 3 5 5 6 0 2 4 7 6 4 3 1 3 7 5 6 2 4 6 
0 2
0 6
0 20
0 26
0 34
0 35
1 2
1 12
1 18
1 37
1 38
2 11
2 13
2 17
2 18
2 19
2 34
3 13
3 21
3 26
3 27
3 28
4 5
4 16
4 21
4 33
5 25
5 27
5 35
6 7
6 9
6 21
6 27
6 35
8 15
8 20
9 30
9 32
10 30
10 36
10 39
11 13
11 19
12 26
12 32
12 33
12 36
13 25
13 34
14 19
15 24
15 26
15 28
15 29
15 30
15 34
16 30
16 36
17 33
18 29
19 39
20 24
21 23
21 33
22 32
23 37
24 29
25 37
25 38
26 33
27 37
27 39
29 38
30 35
31 34
31 35
32 33
33 36
37 38
38 39
