100 180
2 1 2 28 9 4 31 21 10 6 19 2 23 28 9 9 12 9 20 28 22 24 17 17 22 16 11 22 9 9 30 14 24 0 3 12 23 5 1 2 6 13 7 6 5 1 0 31 17 0 2 0 6 18 13 19 6 18 12 21 28 9 13 17 16 28 23 30 29 17 28 9 20 4 3 5 14 1 11 25 13 1 8 30 29 16 21 23 16 22 3 16 24 4 0 7 17 18 4 20 
0 25
0 38
0 51
0 85
1 42
1 55
1 73
2 23
2 53
2 59
3 23
3 45
3 57
3 59
4 31
4 60
4 75
5 12
5 17
5 29
5 49
6 31
6 40
6 54
6 96
7 74
7 81
8 17
8 34
8 52
8 88
9 42
9 57
10 44
11 59
11 68
11 69
11 79
11 90
12 33
12 36
12 66
13 24
13 60
13 87
14 28
14 55
14 86
15 22
15 65
16 47
16 68
16 72
17 68
17 92
18 68
18 88
19 46
19 51
19 78
20 25
20 46
20 51
21 22
21 26
21 34
21 38
21 85
22 44
22 67
22 81
22 92
24 27
24 30
24 76
24 97
25 58
25 84
25 89
26 34
27 32
27 33
28 68
28 89
28 93
29 66
29 68
29 72
30 44
30 87
30 99
31 42
31 76
32 70
32 92
33 48
33 53
33 59
33 65
33 89
34 92
34 98
35 43
35 48
35 53
35 58
36 48
36 49
36 64
37 49
38 45
38 84
38 98
39 73
39 77
39 82
40 64
40 76
40 97
41 61
41 62
42 54
42 65
42 75
43 54
43 96
44 83
44 85
44 97
45 61
45 71
46 79
47 52
47 62
48 67
48 86
48 96
49 81
49 92
50 53
50 65
50 74
50 83
50 84
50 99
51 83
51 99
52 68
52 77
52 91
53 86
53 93
56 61
56 88
56 94
57 66
57 72
57 95
59 66
60 76
61 77
62 77
63 80
63 97
64 81
64 96
67 82
68 70
68 71
72 73
72 74
77 88
78 87
78 99
80 98
81 97
84 94
85 99
88 98
94 98
