60 263
2 9 7 8 12 11 14 2 12 14 10 3 8 5 7 10 10 10 15 14 7 2 13 9 14 3 11 2 3 6 11 15 12 13 7 14 10 15 6 8 9 0 6 12 5 11 6 8 7 0 7 9 12 2 13 10 9 6 3 9 
0 2
0 3
0 10
0 11
0 12
0 25
0 27
0 33
0 34
0 43
0 47
0 49
0 51
1 16
1 17
1 25
1 41
2 7
2 8
2 12
2 20
2 25
2 26
2 28
2 35
2 38
3 4
3 14
3 16
3 17
3 22
3 29
3 43
3 50
4 5
4 14
4 16
4 33
4 34
4 36
4 37
4 42
4 49
4 53
4 58
5 32
5 34
5 44
5 59
6 8
6 13
6 14
6 16
6 19
6 20
6 22
6 27
6 31
6 37
6 47
6 49
6 51
6 53
6 58
7 9
7 11
7 15
7 19
7 28
7 30
7 31
7 33
7 34
7 36
7 46
7 57
8 9
8 10
8 13
8 15
8 20
8 27
8 33
8 37
8 47
8 49
8 55
9 12
9 15
9 17
9 18
9 23
9 25
9 37
9 46
9 53
10 12
10 17
10 20
10 33
10 43
10 51
10 55
11 14
11 21
11 32
11 35
11 44
11 49
11 50
11 55
12 17
12 20
12 22
12 30
12 33
12 43
12 55
12 57
12 58
13 15
13 21
13 27
13 29
13 30
13 44
13 46
13 47
13 49
13 51
13 54
13 56
14 16
14 22
14 25
14 29
14 36
14 37
14 44
14 53
14 58
15 19
15 37
15 46
15 51
16 27
16 29
16 34
16 36
16 53
17 22
17 29
17 33
17 43
17 46
17 48
17 58
18 30
18 39
18 40
18 46
18 57
19 31
19 37
19 43
19 49
19 51
20 28
20 39
20 54
21 23
21 37
21 39
21 56
21 57
21 58
22 27
22 29
22 31
22 33
22 43
22 44
22 51
23 26
23 30
23 31
23 40
23 41
23 44
23 46
24 33
24 34
24 41
25 31
25 34
25 46
25 52
25 57
26 28
26 37
26 57
27 44
27 47
27 49
27 51
28 38
28 40
28 45
28 50
28 57
28 59
29 36
29 58
30 39
30 40
31 36
31 40
31 46
31 53
32 42
32 47
32 54
33 40
33 43
33 59
34 36
34 52
34 53
35 41
35 51
35 54
35 55
35 58
35 59
36 40
36 51
37 46
37 49
37 58
38 40
38 51
39 51
39 56
39 57
40 59
41 59
42 46
42 49
42 57
43 50
43 58
44 45
44 51
44 54
44 59
47 49
47 51
49 51
50 54
50 59
52 57
54 56
56 57
