90 212
10 12 5 4 8 11 9 12 3 5 2 15 12 5 3 0 14 14 6 5 9 6 4 3 5 2 7 8 11 12 4 13 7 3 5 6 4 6 5 4 11 10 11 10 7 0 3 11 9 9 1 3 14 5 14 9 7 8 13 9 2 6 6 15 5 1 10 7 14 8 10 8 6 13 1 1 0 14 6 12 7 12 11 14 13 7 12 12 2 15 
0 9
0 13
0 31
0 36
0 37
0 59
0 71
0 76
1 25
1 29
1 45
1 79
2 14
2 15
2 28
2 33
2 39
2 40
2 66
2 78
3 21
3 32
3 79
4 7
4 8
4 65
5 12
5 21
5 49
5 75
6 46
6 70
6 71
6 80
6 89
7 22
7 42
7 46
7 67
8 9
8 38
8 42
8 46
8 65
9 23
9 33
9 48
9 56
9 71
9 72
9 80
10 14
10 34
10 44
10 52
10 55
11 15
11 77
12 36
13 17
14 69
15 17
15 21
15 32
15 69
16 40
16 60
16 85
17 49
17 58
17 64
17 66
17 72
17 88
18 20
18 38
18 42
18 63
18 87
19 33
19 34
19 69
19 78
19 80
20 24
20 27
20 49
20 84
20 88
21 26
21 57
21 78
21 79
21 80
21 89
22 24
22 41
22 86
23 39
23 65
24 30
24 58
24 65
24 81
24 87
25 35
25 41
25 64
25 68
25 72
25 85
26 43
26 44
27 47
27 63
27 87
29 47
29 57
29 80
29 83
31 51
32 46
32 49
33 38
33 68
33 82
34 36
34 55
34 69
34 77
35 48
36 60
36 67
36 80
37 54
37 58
37 67
38 47
38 66
39 45
39 70
40 59
41 78
42 54
42 86
43 58
43 59
43 75
43 76
44 82
45 73
45 81
46 64
47 55
47 77
48 53
48 58
48 59
48 65
48 78
48 85
49 50
49 60
49 69
49 78
51 66
51 67
51 74
52 71
52 73
52 74
53 64
53 81
54 65
54 68
54 73
54 81
55 57
55 72
55 78
56 70
56 77
57 79
57 82
59 80
59 87
60 70
60 71
60 77
61 71
61 76
61 89
62 75
62 88
63 65
63 86
64 87
65 77
66 74
66 87
69 84
69 85
69 88
71 87
71 88
73 86
75 85
76 85
78 87
80 88
84 88
87 88
