90 212
13 1 14 5 9 12 14 10 14 12 7 10 14 15 9 14 10 11 8 1 15 4 0 4 6 8 5 7 12 14 3 2 0 15 2 8 5 7 2 1 4 9 12 5 9 9 5 15 1 6 7 14 12 5 6 5 7 14 5 13 3 9 1 14 10 9 5 9 9 8 4 12 3 7 9 13 3 12 4 6 0 8 6 0 11 5 15 7 13 5 
0 31
0 35
0 68
0 77
1 16
1 21
2 13
2 17
2 38
2 40
2 46
2 48
3 4
3 39
3 47
3 61
3 84
4 17
4 25
4 46
4 49
4 61
4 74
5 28
5 32
5 71
5 73
6 61
6 69
7 45
7 65
7 74
7 75
7 80
8 9
8 48
8 59
8 82
8 84
9 26
9 32
9 33
9 64
10 24
11 15
11 52
11 58
11 65
11 85
11 89
12 19
12 35
12 78
12 85
13 19
13 38
13 69
14 47
15 22
15 31
15 41
15 51
15 75
15 83
16 21
16 36
16 44
16 45
16 53
16 80
16 81
17 18
17 28
17 89
18 52
18 63
18 68
18 86
18 87
19 33
19 55
19 84
20 56
20 67
20 87
21 37
21 38
21 46
22 35
22 50
22 54
22 58
22 73
22 83
23 24
23 72
23 86
24 52
24 68
24 84
24 86
24 89
25 28
25 54
25 57
25 71
26 48
26 51
26 52
26 68
26 75
27 38
27 45
27 85
28 34
28 37
28 60
28 83
29 62
29 67
30 36
30 48
30 84
30 89
31 35
31 37
31 47
31 52
31 57
31 62
31 68
31 81
32 47
32 59
32 63
34 64
34 78
35 41
35 46
35 66
36 37
36 67
36 76
36 81
37 45
37 51
37 54
37 66
38 41
38 53
38 56
38 69
38 81
39 60
39 63
40 43
41 49
41 50
41 68
42 59
42 74
42 84
42 86
43 51
43 61
43 76
44 72
45 52
45 67
46 66
47 64
48 53
48 64
48 67
48 72
48 86
49 52
49 54
49 58
49 66
49 67
50 70
51 55
51 64
52 64
52 81
53 82
54 70
54 71
55 71
57 64
57 74
57 86
58 76
60 87
61 71
63 88
65 67
66 76
67 75
70 71
70 85
70 88
72 75
72 85
73 80
76 89
78 85
78 87
79 80
79 81
83 86
