50 150
4 7 4 4 5 1 4 3 4 7 2 6 2 6 3 3 3 2 3 3 2 3 7 7 1 3 6 7 1 5 5 6 4 5 4 1 5 0 1 2 6 7 0 3 3 1 4 3 5 3 
0 4
0 9
0 10
0 12
0 27
0 39
0 41
0 45
1 33
1 49
2 3
2 10
2 18
2 22
2 25
2 30
2 32
2 35
2 48
3 4
3 18
3 32
3 35
3 39
4 30
4 32
4 35
4 39
4 41
5 12
5 21
5 22
5 23
5 24
5 43
5 48
6 7
6 20
6 36
6 49
7 30
7 42
8 35
8 46
9 13
9 14
9 27
9 40
9 45
9 46
10 25
10 26
11 13
11 41
11 43
11 48
12 21
12 39
13 14
13 20
13 45
13 46
13 47
14 15
14 20
14 46
14 47
15 19
15 20
15 37
15 44
15 47
16 23
16 24
16 31
16 34
16 38
16 42
16 49
17 29
17 42
18 22
18 35
18 43
18 48
19 26
19 33
19 37
19 44
19 47
20 37
20 40
20 46
20 47
21 22
21 23
21 24
21 34
21 43
22 43
22 48
23 24
23 34
23 43
24 29
24 31
24 34
25 31
25 42
26 28
26 33
26 37
26 38
26 42
26 44
27 30
27 39
27 41
27 45
27 46
28 38
29 39
29 41
29 47
30 39
31 33
31 34
31 38
31 42
32 35
32 36
32 39
32 41
33 38
33 42
33 44
34 38
35 40
35 48
36 42
36 47
37 44
37 47
38 42
39 41
41 45
42 44
43 48
43 49
45 46
