100 299
29 31 7 8 7 31 4 14 29 24 4 13 14 20 18 7 23 3 25 12 14 29 27 1 25 14 7 18 26 30 13 1 14 26 15 9 23 7 19 1 22 25 29 5 0 14 11 18 26 26 4 24 9 10 24 12 0 4 22 22 10 17 10 25 22 25 22 12 11 23 2 5 0 24 1 25 10 3 31 28 5 0 10 26 8 8 22 27 28 0 2 27 20 4 12 15 25 3 15 0 
0 38
0 47
0 50
0 56
0 62
0 70
0 80
0 81
1 11
1 33
1 35
1 42
1 86
1 90
2 85
3 15
3 19
3 39
3 44
3 91
3 96
4 9
4 25
4 46
4 71
4 72
4 73
5 12
5 13
5 16
5 29
5 48
5 65
5 85
5 97
6 12
6 27
6 82
6 88
6 92
6 98
7 24
7 28
7 38
7 41
7 47
7 50
7 62
8 26
8 52
8 74
8 81
8 88
9 21
9 36
9 46
9 60
9 72
9 73
10 17
10 30
10 34
10 49
10 57
10 77
10 78
11 33
11 55
11 59
11 84
11 86
11 93
11 99
12 20
12 27
12 65
12 82
12 85
13 16
13 29
13 49
13 78
13 85
13 93
14 18
14 37
14 43
14 59
14 68
14 84
14 87
14 99
15 19
15 44
15 51
15 53
15 91
16 22
16 29
16 34
16 49
16 67
16 78
17 30
17 34
17 36
17 57
17 66
17 74
17 95
18 37
18 39
18 68
18 84
18 94
19 32
19 43
19 44
19 53
19 91
19 96
20 63
20 65
20 79
20 93
21 51
21 53
21 60
21 72
21 73
22 34
22 73
23 27
23 38
23 43
23 53
24 28
24 41
24 45
24 50
24 52
24 83
25 26
25 43
25 46
25 71
25 72
25 81
26 46
26 56
26 58
26 70
26 71
26 74
26 81
27 55
27 65
27 74
27 82
27 88
27 98
28 41
28 47
28 50
28 83
29 49
29 65
29 85
30 45
30 57
30 66
30 90
30 95
31 89
32 36
32 47
32 65
32 81
33 35
33 42
33 86
33 99
34 49
34 57
34 78
35 42
35 58
35 86
35 90
35 95
35 97
36 42
37 39
37 68
37 94
37 96
38 40
38 47
38 50
38 54
38 56
38 70
38 77
39 44
39 94
39 96
40 64
40 73
41 52
41 76
41 83
41 89
42 66
42 90
42 95
43 77
44 87
44 94
44 96
45 48
45 53
46 71
46 72
47 50
47 70
48 97
49 78
51 53
51 60
51 63
51 73
51 91
52 76
52 83
52 88
52 92
53 60
53 69
53 91
54 62
54 64
54 79
55 66
55 80
55 87
56 70
56 71
56 81
57 61
57 66
57 75
57 78
58 77
58 86
59 68
59 84
59 86
59 99
60 73
60 91
61 77
61 84
62 76
63 69
63 82
63 87
64 79
64 96
65 82
65 85
66 90
66 95
67 94
67 98
68 74
68 84
68 94
69 74
69 89
70 81
71 81
72 73
75 95
76 83
76 88
76 92
76 98
82 85
82 98
83 92
84 99
86 99
87 89
88 92
88 98
90 95
92 98
93 96
94 96
