50 94
6 2 7 2 7 2 4 6 7 6 6 1 6 2 6 5 2 6 2 7 7 7 6 4 6 1 6 1 0 1 1 4 4 7 1 4 7 6 3 3 6 3 1 2 0 3 2 7 5 1 
0 1
0 40
0 46
0 48
1 5
1 19
1 38
2 13
2 15
2 21
2 30
2 34
3 4
3 13
3 29
3 35
3 47
4 14
4 43
5 27
5 36
5 40
5 48
6 13
6 17
6 30
6 32
6 43
7 24
7 25
7 29
7 31
7 45
8 13
8 17
8 20
8 37
9 31
9 42
10 20
10 26
11 30
11 42
12 13
12 18
12 20
12 26
12 34
12 42
14 24
14 32
15 28
15 39
15 40
15 48
16 33
16 41
16 45
17 39
17 43
18 35
18 36
19 41
19 44
19 46
21 45
22 44
23 35
23 36
23 39
23 48
24 41
24 47
25 36
26 28
27 28
27 42
28 34
28 38
28 49
29 40
29 46
29 47
30 40
30 47
31 44
31 46
32 33
32 43
32 47
34 39
35 38
35 48
38 39
