50 216
5 0 0 5 1 4 7 1 4 4 1 5 6 3 2 1 0 4 1 2 0 3 1 6 2 5 2 0 0 3 7 4 3 3 5 5 7 2 4 5 1 7 6 5 2 2 0 1 0 4 
0 5
0 7
0 14
0 20
0 24
0 33
0 40
0 41
1 20
1 23
1 30
1 31
2 5
2 17
2 39
2 47
2 49
3 4
3 8
3 11
3 15
3 22
3 30
3 36
3 38
3 39
3 42
3 45
3 48
4 6
4 11
4 12
4 15
4 25
4 36
4 37
4 38
4 45
4 46
5 7
5 8
5 12
5 14
5 18
5 21
5 22
5 25
5 30
5 35
5 37
5 44
5 46
5 49
6 10
6 26
6 38
6 39
7 14
7 16
7 22
7 24
7 26
7 30
7 35
7 46
7 48
8 14
8 21
8 22
8 32
8 36
8 37
8 38
8 40
9 13
9 15
9 19
9 21
9 27
9 33
9 35
9 44
10 18
10 26
10 27
10 30
10 38
11 15
11 23
11 24
11 25
11 32
11 35
11 36
11 45
11 47
11 48
12 16
12 18
12 20
12 24
12 26
12 28
12 29
12 30
12 40
12 48
13 18
13 40
13 47
14 19
14 22
14 31
14 35
14 36
14 37
14 38
14 44
15 16
15 17
15 18
15 19
15 24
15 36
15 45
15 46
16 20
16 25
16 26
16 27
16 34
16 35
16 38
16 46
16 48
17 19
17 28
17 39
18 33
18 34
18 39
18 43
19 27
19 33
19 39
19 43
20 25
20 26
20 37
20 40
20 42
20 43
20 48
21 27
21 45
22 26
22 29
22 36
22 37
23 26
23 34
23 38
23 48
24 25
24 33
24 40
24 44
24 48
25 26
25 27
26 33
26 34
26 40
26 41
26 45
26 46
26 48
27 28
27 29
27 36
27 42
27 49
28 33
28 42
28 46
28 49
29 35
29 41
29 44
29 47
30 43
30 49
31 38
32 33
33 44
34 38
34 42
34 45
35 38
35 46
35 48
36 37
36 39
38 44
38 45
38 46
38 48
39 42
39 44
40 43
40 46
40 48
41 44
42 45
46 47
46 48
