40 119
4 7 6 1 0 1 1 5 7 2 6 3 5 4 0 3 7 3 4 4 1 5 7 2 2 2 6 5 3 5 2 1 0 2 1 1 6 4 4 0 
0 4
0 13
0 15
0 17
0 20
0 27
0 29
1 10
1 13
1 31
1 35
1 36
1 37
2 3
2 9
2 26
2 28
2 32
2 38
3 9
3 18
3 25
3 26
3 32
3 38
4 6
4 12
4 15
4 16
4 17
4 20
4 22
4 27
5 10
5 28
6 7
6 16
6 27
6 29
7 18
7 24
7 32
7 39
8 12
8 20
8 21
8 22
8 23
8 24
8 27
8 30
9 26
9 28
9 33
9 38
10 11
10 31
10 33
10 35
10 36
10 37
11 18
11 24
12 20
12 22
12 24
12 30
12 34
13 15
13 16
13 29
13 31
13 37
14 17
14 19
14 38
15 17
15 29
15 31
17 20
17 22
17 29
18 23
18 26
18 34
19 35
20 22
21 31
21 34
21 35
21 39
22 30
23 24
23 25
23 30
23 32
23 38
24 25
24 30
24 32
25 30
25 32
25 38
26 28
26 33
26 35
26 39
27 33
28 33
28 35
28 36
29 31
29 37
31 37
32 38
33 35
33 36
35 36
36 37
