40 98
3 3 2 0 4 4 2 3 0 6 3 4 5 5 0 3 5 6 1 4 0 0 7 4 6 4 7 6 6 3 7 1 0 7 4 4 3 3 5 1 
0 1
0 2
0 7
0 11
0 13
0 29
0 33
1 2
1 18
2 8
2 12
2 16
2 30
2 34
3 4
3 6
3 20
4 10
4 11
4 13
4 17
5 6
5 21
5 32
5 35
6 27
7 16
7 19
7 20
7 24
7 25
8 12
8 13
8 28
8 30
8 34
9 14
9 18
9 20
9 22
9 23
10 11
10 12
10 22
11 27
11 28
11 38
12 29
12 35
13 19
13 27
13 34
13 37
14 15
14 20
14 21
14 36
15 16
15 32
16 28
16 31
17 18
17 19
17 27
17 35
17 37
18 24
18 29
18 32
18 34
18 35
18 36
19 22
19 37
20 21
20 29
20 32
21 30
21 33
22 23
22 31
22 32
23 32
24 33
26 27
26 31
27 38
28 35
28 38
29 37
30 39
32 33
32 36
32 38
33 36
34 35
35 38
36 39
