90 256
0 11 10 12 9 4 1 4 15 6 7 15 13 9 8 1 12 1 0 5 9 2 15 3 14 12 7 14 12 15 0 6 14 6 12 4 3 3 5 1 13 15 2 14 13 13 10 0 0 14 3 15 5 11 10 12 15 15 15 9 7 2 0 8 11 4 14 9 8 15 11 4 15 10 12 11 4 4 5 9 3 14 8 8 3 0 15 4 8 6 
0 7
0 10
0 15
0 24
0 49
0 62
0 74
0 79
0 89
1 10
1 42
1 59
1 63
1 67
1 68
1 82
2 19
2 29
2 51
2 79
2 82
3 19
3 73
4 14
4 29
4 35
4 65
4 72
4 79
5 7
5 13
5 30
5 32
5 49
5 63
5 75
5 79
5 80
6 19
6 21
6 61
6 66
6 73
6 75
6 80
6 82
6 86
7 9
7 20
7 38
7 78
7 84
8 29
8 51
8 56
8 74
8 83
9 47
9 56
9 57
10 12
10 56
10 72
10 76
11 34
11 42
11 68
11 76
11 82
12 18
12 57
12 69
12 71
13 37
13 44
13 73
13 87
14 30
14 57
14 79
14 89
15 16
15 84
15 85
16 39
16 55
16 68
17 19
17 22
17 36
17 45
17 47
17 70
17 83
17 86
18 26
18 43
18 58
18 60
18 75
19 31
19 83
19 89
20 32
20 36
20 38
20 52
21 43
21 59
21 79
22 25
22 48
22 50
22 57
22 64
22 89
23 40
23 45
23 61
23 62
23 63
23 75
23 86
24 25
24 36
24 41
24 46
24 48
24 50
24 58
24 78
25 30
25 35
25 74
25 79
25 89
27 32
27 81
28 35
28 51
28 74
29 59
29 66
29 76
29 89
30 78
30 88
31 33
31 56
31 57
31 72
32 38
32 64
33 57
33 66
33 67
33 81
34 76
34 84
35 46
35 48
35 51
35 56
35 61
35 68
35 74
36 51
36 73
36 87
37 43
37 53
37 54
38 41
38 63
38 74
38 81
38 83
39 76
40 64
41 54
42 43
42 54
42 64
43 55
43 60
43 65
44 46
44 66
45 72
45 83
46 81
47 48
47 58
47 68
47 72
47 76
47 80
48 79
48 81
48 89
49 64
49 67
50 59
50 66
50 85
50 86
51 55
51 67
52 67
52 70
52 77
52 78
53 56
54 63
54 70
55 65
55 74
55 83
56 63
57 63
58 62
58 79
58 80
58 86
59 72
60 64
60 65
61 64
61 74
61 79
62 64
62 72
62 76
62 81
62 86
63 71
63 77
64 69
64 80
65 71
65 81
66 78
71 83
72 80
73 80
73 83
76 79
76 88
76 89
77 81
78 80
80 85
80 87
80 88
81 87
83 87
