100 235
20 12 23 10 25 29 5 29 26 26 3 15 16 2 6 20 10 14 17 26 12 7 14 26 6 27 19 29 15 8 21 19 31 29 16 12 9 18 25 31 17 8 16 4 19 4 25 19 26 9 17 21 8 0 21 14 25 16 11 19 24 11 27 31 6 28 12 10 31 13 1 1 18 30 28 15 18 6 10 28 6 3 25 11 17 15 16 24 16 6 10 1 17 9 23 12 17 14 3 15 
0 31
0 43
0 59
0 71
0 98
1 10
1 11
1 18
1 23
1 38
1 69
2 5
2 11
2 25
2 27
2 87
3 25
3 36
3 43
3 53
3 56
3 59
4 27
4 37
4 56
4 58
4 98
5 30
5 35
5 53
6 23
6 26
6 80
6 83
6 84
6 93
7 20
7 38
7 45
7 99
8 27
8 29
8 58
8 64
8 66
9 19
9 57
9 63
9 66
9 96
10 21
10 67
10 72
11 40
11 51
11 68
11 92
12 31
12 46
12 81
12 86
12 97
13 14
13 17
13 19
13 34
13 89
14 40
14 51
14 68
15 27
15 57
15 66
15 84
15 95
16 17
16 25
16 26
16 33
17 68
17 73
17 90
18 41
18 49
18 51
18 82
19 45
19 48
19 53
19 57
19 64
19 70
20 22
20 37
20 40
20 41
20 84
20 85
20 95
20 97
21 23
21 24
21 98
22 55
22 60
22 97
23 41
24 72
24 96
25 30
25 68
26 29
26 41
26 73
27 47
27 55
27 75
28 31
28 36
28 58
28 85
28 90
29 33
29 93
30 33
30 40
31 63
31 64
31 66
32 43
32 44
32 48
32 56
32 67
32 99
33 59
33 62
33 99
34 51
34 52
34 77
34 82
35 50
36 41
36 65
37 55
37 60
37 85
38 44
38 67
38 82
39 48
39 70
39 91
39 97
39 99
40 92
41 92
42 54
42 61
42 81
42 87
43 94
44 47
44 71
45 71
45 75
45 79
45 86
45 97
46 62
46 79
46 87
47 65
47 77
47 82
48 53
48 71
50 78
50 90
50 92
51 92
52 94
53 82
53 86
53 87
53 94
54 56
54 59
55 95
56 81
56 86
57 80
57 83
58 87
60 71
61 67
61 72
61 78
61 90
61 99
62 81
63 76
63 97
64 81
64 87
65 71
65 76
65 93
65 97
66 70
70 91
70 93
70 94
71 79
73 80
73 89
74 77
76 77
76 78
76 96
77 80
77 89
77 90
78 99
80 92
80 96
80 99
83 85
83 95
84 94
85 93
86 88
86 93
89 96
