60 145
10 1 0 3 3 13 4 14 14 11 3 7 11 12 11 10 4 5 12 2 7 0 2 3 0 12 10 15 8 8 3 7 12 6 15 15 1 13 14 0 13 8 3 9 15 2 1 0 6 13 2 15 8 4 8 14 2 2 11 14 
0 8
0 26
0 42
0 43
0 50
0 52
0 59
1 3
1 9
1 16
1 28
1 58
2 13
2 17
2 19
2 21
2 45
3 7
3 30
3 48
3 59
4 29
5 10
5 11
5 53
6 12
6 30
6 56
7 12
7 29
7 46
7 50
7 55
7 57
8 26
9 45
9 47
10 15
10 32
10 35
10 41
10 50
11 25
11 26
11 40
11 49
11 54
11 59
12 22
12 27
12 31
12 35
12 52
13 30
13 38
13 41
13 55
14 19
14 54
15 20
15 31
15 52
16 18
16 30
16 40
16 47
16 49
17 28
17 41
17 43
17 46
17 50
19 22
19 33
19 37
19 43
19 50
19 51
20 32
20 58
20 59
21 28
21 42
22 24
22 25
22 36
23 35
23 56
24 30
24 40
24 54
25 33
25 56
26 33
26 50
26 57
27 34
27 38
27 40
27 44
27 53
28 31
28 45
28 48
28 49
28 50
28 58
29 54
30 31
30 35
30 55
31 32
32 58
33 59
34 43
34 46
34 48
35 42
35 45
36 59
37 43
37 45
37 47
37 49
37 59
38 39
39 49
40 52
41 59
42 54
44 49
44 53
46 48
47 52
47 58
48 54
48 55
49 50
49 55
50 56
51 54
52 58
52 59
54 55
54 57
