60 178
15 8 6 1 15 3 5 0 2 15 3 11 2 9 5 12 12 8 7 5 10 2 15 5 12 3 7 8 13 1 12 14 3 3 8 12 8 14 4 5 6 8 1 13 13 10 15 9 12 1 2 1 1 4 14 8 12 13 4 10 
0 6
0 7
0 20
0 27
0 32
0 43
0 49
0 58
1 26
1 32
1 37
1 41
2 12
2 20
2 25
2 27
2 28
2 35
2 36
2 43
2 53
2 57
2 59
3 13
3 15
3 20
3 22
3 28
3 30
3 40
3 43
4 25
4 30
4 49
5 16
5 39
5 49
6 7
6 9
6 21
6 32
6 39
6 58
7 9
7 15
7 22
7 26
7 32
7 43
7 45
7 49
7 53
8 11
8 46
8 57
9 15
9 17
9 56
9 57
9 58
10 14
10 24
10 28
10 31
10 45
10 56
11 19
11 57
12 13
12 36
12 42
12 48
12 53
12 57
13 17
13 39
13 40
13 42
13 45
13 48
13 58
14 16
14 28
14 30
14 51
15 28
16 22
16 33
16 44
16 52
16 55
16 57
17 27
17 40
17 49
17 54
17 56
18 54
18 59
19 36
19 38
19 48
19 50
19 59
20 49
20 53
21 29
21 31
21 34
21 52
22 33
22 43
22 49
22 57
23 35
23 55
24 37
24 45
24 52
25 27
25 31
26 28
26 40
27 46
27 59
28 31
28 44
28 56
29 30
29 32
29 34
29 35
29 39
29 54
30 41
30 45
30 57
31 51
31 52
32 39
32 49
32 58
33 50
34 36
34 56
35 36
35 42
35 45
36 42
36 44
36 47
36 48
38 42
38 54
39 42
39 45
39 53
39 58
40 43
40 59
42 43
42 45
42 46
42 48
42 56
43 58
45 48
45 55
45 58
47 59
48 50
49 53
50 57
51 53
51 56
53 55
55 58
56 59
