40 149
1 1 6 2 5 1 4 0 5 2 1 0 7 5 4 4 2 6 1 7 4 5 4 3 4 0 3 1 6 4 7 2 5 7 7 0 2 3 4 1 
0 26
0 29
0 34
0 35
0 39
1 8
1 13
1 25
1 31
1 34
1 35
1 38
1 39
2 3
2 5
2 6
2 8
2 13
2 19
2 35
3 7
3 9
3 14
3 17
3 22
3 26
3 27
3 29
3 35
3 36
4 8
4 12
4 13
4 14
4 17
4 18
4 22
4 26
4 28
4 31
5 9
5 11
5 14
5 15
5 23
5 25
5 39
6 13
6 15
6 19
6 34
7 8
7 9
7 17
7 30
7 39
8 29
8 34
8 36
8 39
9 20
9 23
9 25
9 38
10 12
10 22
10 24
10 32
10 34
10 35
10 38
11 14
11 15
11 16
11 18
11 24
11 26
11 32
11 35
11 36
11 37
11 39
12 17
12 21
12 24
12 26
12 27
12 30
13 16
13 22
13 25
13 28
13 29
13 33
14 22
14 31
14 33
14 35
14 36
14 37
15 22
15 29
15 33
16 18
16 26
16 29
16 32
16 35
16 38
17 22
17 27
17 30
17 34
18 19
18 20
18 27
18 28
18 30
18 32
18 35
18 38
18 39
19 21
19 24
20 28
21 30
21 33
21 38
22 23
23 29
23 35
23 39
24 28
24 30
24 34
24 35
25 29
26 38
26 39
27 33
28 38
29 31
29 36
30 37
30 39
32 33
33 34
34 38
36 38
