50 433
5 0 3 6 3 5 1 2 1 5 4 6 7 3 2 3 1 1 3 0 0 0 5 2 6 3 2 7 3 6 3 0 5 2 3 5 1 4 2 4 0 3 7 6 7 6 1 6 1 6 
0 3
0 6
0 8
0 12
0 14
0 15
0 22
0 23
0 24
0 27
0 32
0 33
0 35
0 40
0 41
0 45
1 7
1 10
1 19
1 20
1 24
1 25
1 30
1 31
1 34
1 35
1 39
1 40
1 43
1 46
2 3
2 4
2 9
2 10
2 12
2 14
2 15
2 18
2 19
2 21
2 22
2 23
2 24
2 27
2 30
2 33
2 35
2 36
2 38
2 42
2 43
2 47
2 48
3 5
3 6
3 7
3 9
3 11
3 17
3 19
3 21
3 22
3 24
3 27
3 29
3 30
3 33
3 39
3 42
3 45
3 47
3 49
4 10
4 11
4 12
4 13
4 18
4 21
4 22
4 23
4 25
4 30
4 32
4 34
4 36
4 37
4 38
4 39
4 43
4 44
4 45
4 47
4 48
4 49
5 6
5 15
5 16
5 17
5 19
5 21
5 24
5 25
5 26
5 27
5 38
5 42
5 46
6 7
6 9
6 15
6 16
6 18
6 22
6 25
6 27
6 29
6 31
6 32
6 35
6 37
6 40
6 42
6 44
6 47
6 49
7 8
7 9
7 11
7 12
7 13
7 16
7 18
7 20
7 30
7 31
7 32
7 34
7 35
7 36
7 41
7 42
7 44
7 47
8 9
8 12
8 13
8 15
8 19
8 23
8 26
8 30
8 31
8 38
8 39
8 42
8 45
9 19
9 21
9 22
9 23
9 24
9 25
9 27
9 30
9 32
9 34
9 37
9 39
9 43
9 44
9 49
10 16
10 17
10 26
10 28
10 39
10 40
10 44
10 45
10 46
10 48
11 18
11 20
11 22
11 25
11 26
11 46
12 13
12 17
12 20
12 26
12 29
12 30
12 31
12 32
12 33
12 34
12 36
12 41
12 42
12 47
13 19
13 21
13 22
13 29
13 30
13 31
13 33
13 34
13 35
13 36
13 39
13 42
13 43
13 44
13 46
13 47
14 21
14 25
14 26
14 27
14 28
14 47
15 17
15 19
15 20
15 23
15 28
15 29
15 30
15 32
15 34
15 35
15 38
15 42
15 43
15 44
15 48
16 22
16 23
16 25
16 26
16 28
16 30
16 38
16 41
16 43
16 44
16 46
17 22
17 27
17 28
17 38
17 44
18 19
18 21
18 23
18 25
18 26
18 30
18 34
18 37
18 39
18 41
18 48
19 28
19 32
19 33
19 34
19 37
19 42
19 45
19 47
19 48
20 29
20 31
20 33
20 36
20 39
20 40
20 43
20 45
20 46
20 48
20 49
21 23
21 27
21 30
21 32
21 33
21 35
21 37
21 38
21 42
21 44
21 47
21 48
21 49
22 23
22 24
22 32
22 35
22 37
22 39
22 44
22 48
23 27
23 28
23 30
23 32
23 33
23 35
23 36
23 38
23 40
23 44
23 47
23 48
23 49
24 27
24 33
24 34
24 35
24 37
24 43
24 44
24 46
24 47
25 28
25 30
25 33
25 34
25 45
25 47
25 49
26 29
26 34
26 36
26 44
26 47
27 28
27 29
27 30
27 31
27 33
27 34
27 37
27 42
27 43
27 45
27 46
27 48
28 30
28 34
28 35
28 43
28 46
28 48
29 34
29 35
29 36
29 44
29 46
30 31
30 32
30 35
30 37
30 39
30 40
30 42
30 43
30 44
31 32
31 39
31 41
31 42
31 43
31 46
31 47
32 33
32 37
32 40
32 41
32 43
32 44
32 47
32 49
33 36
33 37
33 43
33 44
33 49
34 38
34 40
34 47
34 48
35 36
35 37
35 38
35 40
35 43
35 45
36 37
36 38
36 44
36 47
36 48
37 42
37 49
38 40
38 42
38 46
38 49
39 41
39 42
39 46
39 48
40 42
40 46
40 49
41 44
41 49
42 43
42 44
42 47
43 44
43 46
43 47
43 48
43 49
44 47
44 48
47 49
