40 90
4 1 4 4 2 6 5 5 0 4 1 7 0 4 6 5 7 4 3 4 6 3 6 4 5 3 7 0 2 2 6 0 3 6 3 1 0 1 0 3 
0 18
0 20
0 27
0 29
0 33
0 39
1 27
1 32
2 14
2 20
2 28
2 32
3 4
3 17
3 21
3 25
3 30
3 39
4 5
4 35
4 37
5 7
5 12
5 15
5 16
5 25
6 17
6 22
6 29
6 33
6 38
7 29
7 33
7 39
8 9
8 14
8 36
9 10
9 18
9 25
9 28
9 39
10 11
10 17
10 32
10 33
11 12
11 26
11 30
12 13
12 18
12 33
13 15
13 22
13 26
13 39
14 18
14 25
15 35
15 37
16 24
16 28
16 37
16 39
17 27
17 32
18 20
19 22
19 26
20 27
20 29
21 23
21 31
22 34
22 35
23 34
23 37
24 27
24 29
24 38
25 27
25 33
28 30
28 36
30 31
30 37
31 36
32 38
34 37
35 39
