40 82
3 0 2 0 3 3 6 7 3 3 7 1 6 7 4 0 2 3 2 3 6 0 3 0 6 7 3 5 3 1 0 5 1 1 3 5 2 5 3 2 
0 5
0 19
0 37
1 13
1 17
1 23
1 34
1 35
2 8
2 23
2 27
2 33
2 34
2 35
3 20
3 25
3 34
4 8
4 24
4 27
4 33
5 15
5 17
5 21
5 32
6 17
6 20
7 26
7 33
8 10
8 15
8 16
8 17
8 23
8 35
8 37
9 12
9 18
9 23
9 25
10 22
10 35
11 22
11 30
11 38
12 22
12 34
12 37
12 38
13 28
13 29
14 30
14 35
14 36
15 19
15 32
15 39
16 22
16 23
16 33
16 34
17 34
17 37
18 21
18 23
18 35
20 25
20 31
21 28
23 27
23 32
24 25
25 29
25 31
25 39
26 32
27 38
28 31
30 34
31 37
36 37
38 39
