100 238
29 20 11 9 26 3 25 16 24 14 8 19 20 7 17 16 2 11 20 26 4 6 14 23 6 11 16 6 3 2 1 15 31 31 11 12 10 21 5 5 18 8 28 23 29 29 7 28 28 18 6 8 29 10 9 15 12 4 17 9 31 28 24 1 21 21 31 14 9 20 29 24 15 1 8 0 23 30 24 29 9 2 5 16 3 8 5 28 18 2 15 8 11 16 15 22 1 5 11 26 
0 35
0 53
0 85
1 12
1 23
1 29
1 57
2 53
2 55
2 62
3 29
3 48
3 94
4 49
4 68
4 71
4 80
4 87
5 13
5 54
5 60
5 70
5 78
6 43
6 47
6 75
6 77
6 85
6 95
7 38
7 48
7 85
8 50
8 52
8 73
8 75
8 92
9 24
9 39
9 41
9 64
9 76
10 14
10 19
10 90
10 96
11 49
11 99
12 36
12 65
12 82
13 31
13 34
13 35
13 42
13 65
13 80
14 69
14 98
15 61
15 66
15 90
16 18
16 24
16 25
16 34
16 37
16 39
16 46
16 60
16 68
16 69
16 81
16 87
17 60
18 31
18 34
18 93
19 26
19 31
19 33
19 40
19 56
19 57
19 60
19 63
19 95
20 24
20 25
20 42
20 58
20 71
21 28
21 33
21 60
21 89
21 93
22 33
22 41
22 51
22 59
23 38
23 50
23 52
23 54
23 55
23 89
23 97
24 87
25 40
25 63
26 61
26 66
26 82
27 68
27 70
27 98
28 39
28 54
28 59
28 62
28 71
28 90
29 40
29 46
29 51
29 72
29 81
29 85
30 36
30 40
30 91
31 54
31 60
31 72
32 33
33 69
33 81
33 87
33 89
34 47
34 60
34 61
34 63
34 81
34 97
35 45
35 64
36 62
36 84
36 92
36 99
37 99
38 97
38 98
39 55
39 57
40 42
40 43
40 56
40 90
41 46
41 66
41 75
41 88
41 95
42 56
43 89
44 72
44 73
44 74
44 75
44 78
45 94
46 55
46 83
46 94
46 99
47 49
47 56
47 64
47 76
47 88
48 57
48 58
48 68
49 73
50 90
50 98
51 61
51 66
51 72
51 78
51 88
52 77
53 73
53 91
54 90
54 93
55 65
55 69
56 62
57 60
58 61
59 79
60 93
60 94
61 84
62 86
63 80
67 92
68 82
68 92
68 93
68 94
68 99
69 72
69 89
70 74
70 75
72 75
75 95
76 85
77 80
78 89
79 88
80 81
80 89
81 92
81 93
82 98
84 89
84 96
84 99
85 92
88 93
89 92
94 95
