100 438
26 25 26 15 15 22 27 11 5 2 4 17 21 5 0 12 7 13 17 18 24 31 23 24 28 11 15 4 1 15 14 28 2 23 27 22 31 1 18 6 2 11 21 16 16 21 14 4 10 21 30 16 2 24 13 20 27 4 0 16 28 11 11 4 15 4 26 11 26 11 1 10 21 16 8 20 23 17 23 8 0 28 22 26 26 25 20 14 2 22 19 8 11 7 19 13 25 12 1 30 
0 4
0 9
0 33
0 40
0 45
0 47
0 65
0 79
0 89
0 91
0 94
0 96
0 99
1 36
1 37
1 44
1 61
1 72
1 75
1 85
1 89
1 98
2 5
2 24
2 50
2 51
2 63
2 69
2 80
3 6
3 18
3 21
3 45
3 55
3 74
3 81
3 87
4 5
4 29
4 30
4 56
4 65
4 87
4 99
5 20
5 29
5 33
5 34
5 44
5 71
5 78
5 83
5 95
5 96
6 50
6 63
6 73
6 75
6 80
6 91
7 11
7 23
7 42
7 48
7 65
7 76
7 90
7 95
7 96
8 17
8 21
8 33
8 41
8 66
9 52
9 77
9 92
10 15
10 23
10 41
10 58
10 65
11 20
11 21
11 26
11 47
11 48
11 65
11 71
11 74
11 77
11 99
12 23
12 25
12 35
12 36
12 51
12 56
12 60
12 75
12 95
13 25
13 34
13 56
13 78
13 79
13 91
13 96
14 18
14 36
14 38
14 53
14 60
14 84
14 85
15 21
15 62
15 65
15 66
15 73
15 86
16 19
16 20
16 22
16 77
17 43
17 57
17 60
17 76
17 85
17 97
17 98
17 99
18 41
18 46
18 80
19 25
19 31
19 40
19 43
19 62
20 40
20 45
20 65
20 71
20 83
20 95
21 29
21 32
21 50
21 56
21 57
21 72
21 83
22 39
22 51
22 53
22 60
22 69
22 80
22 86
23 26
23 39
23 42
23 46
23 49
23 57
23 60
23 65
23 77
23 84
23 91
24 39
24 41
24 57
24 64
24 72
24 85
24 94
25 36
25 51
25 52
25 59
25 61
25 64
25 86
26 31
26 35
26 42
26 45
26 46
26 51
26 57
26 59
26 63
26 65
26 79
27 34
27 37
27 63
27 73
27 80
28 72
28 73
28 87
28 88
29 57
29 72
30 59
30 60
30 64
30 68
30 70
31 44
31 61
31 62
31 68
31 99
32 40
32 42
32 54
32 68
32 73
32 87
32 89
32 95
32 97
33 36
33 40
33 49
33 57
33 58
33 84
33 89
33 94
34 36
34 42
34 45
34 48
34 78
34 79
34 83
34 91
34 93
34 96
35 56
35 60
35 71
36 61
36 72
36 80
36 90
37 74
37 87
37 94
38 39
38 50
38 71
38 76
38 81
39 55
39 58
39 62
39 68
39 70
39 81
39 89
39 96
40 42
40 45
40 47
40 49
40 56
40 57
40 60
40 69
40 70
40 82
40 83
40 89
40 91
40 94
41 50
41 78
41 86
41 96
42 49
42 57
42 73
42 84
42 97
43 56
43 57
43 58
43 68
43 70
43 87
43 96
44 47
44 48
44 49
44 59
44 70
44 71
44 78
44 87
44 91
45 47
45 55
45 72
45 79
45 84
45 90
45 91
45 96
46 52
46 64
46 66
46 97
47 69
47 79
47 89
47 94
47 96
48 71
48 78
48 82
48 92
48 94
48 95
49 51
49 57
49 62
49 84
49 89
50 76
50 92
51 72
51 74
51 83
51 98
52 61
52 72
52 75
52 84
53 54
53 82
54 81
54 82
54 87
54 88
54 91
55 70
55 77
55 97
55 98
56 68
56 72
57 83
57 84
58 67
58 72
58 89
59 62
59 67
59 70
61 67
61 72
61 84
61 95
62 73
62 74
62 86
62 96
63 77
63 83
63 86
63 90
64 87
65 71
65 80
65 83
65 91
66 77
66 88
66 99
67 92
68 69
68 92
68 99
69 71
69 76
69 98
70 75
70 85
71 78
71 82
71 86
71 89
74 76
74 86
74 92
75 79
75 84
75 88
75 91
76 83
76 92
78 79
78 84
78 91
79 96
80 85
80 93
80 94
80 99
81 86
81 92
82 84
82 89
82 94
83 95
83 96
84 89
85 98
85 99
86 93
88 95
89 94
89 97
90 94
90 98
91 95
91 96
92 93
92 98
94 95
94 96
