80 131
8 12 6 11 1 15 14 7 7 10 13 14 10 12 9 6 11 14 11 11 10 2 10 8 4 8 1 7 12 2 12 8 8 8 3 15 2 8 5 12 4 12 1 15 4 15 11 1 0 12 5 7 4 15 0 8 5 12 13 5 8 8 14 12 2 0 3 5 6 11 14 13 3 5 13 5 5 14 8 3 
0 1
0 8
0 26
0 70
1 63
2 37
2 45
2 74
2 76
3 50
3 56
3 64
4 9
4 26
4 34
4 35
4 43
4 64
5 41
5 69
5 70
6 26
6 36
6 39
6 49
6 50
6 56
6 58
7 59
8 55
9 16
9 37
9 45
9 62
10 13
10 24
10 42
11 15
11 26
12 32
12 41
12 57
12 73
12 79
13 38
13 50
13 51
13 65
13 68
14 71
15 31
15 44
16 34
17 26
18 26
18 36
18 63
19 22
19 47
19 77
20 24
20 30
21 29
21 59
21 75
22 68
22 72
23 37
23 76
23 78
24 59
25 45
26 28
26 67
27 28
27 55
27 62
28 75
29 34
30 50
30 63
30 71
33 40
33 41
33 58
33 59
33 77
34 37
34 52
34 61
34 65
34 76
38 55
40 47
41 44
41 51
41 54
41 63
41 74
43 50
44 57
44 68
45 64
45 74
46 51
46 63
46 71
46 74
47 59
47 61
48 66
48 73
51 66
51 74
51 77
52 58
52 60
53 67
54 56
55 72
59 63
59 74
59 78
63 71
63 74
64 70
64 74
64 76
69 79
74 76
74 77
