100 295
7 3 19 26 21 0 12 30 10 10 11 10 5 12 30 19 24 20 31 0 27 28 16 22 16 31 7 4 19 23 10 9 17 22 14 5 20 11 17 15 19 16 25 4 31 17 11 9 10 29 16 14 12 11 18 1 11 15 7 24 25 17 10 28 15 19 23 26 30 25 20 27 16 20 24 13 13 20 10 24 10 20 5 19 3 24 1 24 14 27 27 30 17 13 1 10 26 18 27 24 
0 4
0 26
0 31
0 37
0 73
0 79
0 84
0 89
0 93
1 23
1 81
1 93
2 47
2 52
2 87
2 97
3 7
3 19
3 26
3 34
3 38
3 50
3 58
3 67
3 77
4 14
4 24
4 26
4 38
4 40
4 77
4 89
4 93
5 22
5 24
5 39
5 55
5 70
5 91
6 18
6 43
6 81
6 98
7 14
7 15
7 20
7 26
7 34
7 38
8 50
8 52
8 63
8 92
8 98
9 12
9 16
9 36
9 45
9 47
9 59
10 16
10 27
10 67
11 43
11 46
11 93
12 15
12 17
12 27
12 33
12 46
12 56
12 65
12 72
12 73
12 97
12 98
13 18
13 29
13 44
13 64
13 66
13 67
13 77
13 86
14 57
14 65
15 42
15 51
15 69
15 80
15 97
16 42
16 89
16 95
17 20
17 42
17 51
17 69
17 75
18 23
18 39
18 68
18 69
18 86
19 34
19 41
19 55
19 70
19 71
19 72
20 72
20 85
20 89
20 98
21 48
22 35
22 57
22 95
23 44
23 96
24 52
24 59
24 77
25 31
25 33
25 47
25 87
25 91
25 96
25 99
26 38
26 48
26 53
26 79
26 89
27 36
27 45
27 50
27 61
27 98
28 29
28 39
28 57
28 68
28 86
29 30
29 97
29 98
30 67
30 91
31 54
31 66
31 75
31 79
31 84
31 89
32 61
32 65
32 96
33 45
33 65
33 89
34 38
34 51
34 96
35 77
35 78
36 43
36 49
36 50
37 52
37 58
38 69
38 83
39 86
39 94
39 95
40 69
40 81
40 84
40 89
40 94
41 42
41 43
41 53
41 60
41 61
41 65
41 79
42 46
42 61
42 69
42 80
42 84
42 94
42 97
43 71
43 76
43 89
44 88
45 63
46 59
46 62
46 95
46 97
46 98
47 55
47 64
48 74
48 85
48 91
49 56
49 63
49 68
49 85
49 99
50 59
50 70
50 92
50 96
51 75
52 60
53 62
53 90
53 96
54 56
54 67
54 69
54 83
54 92
55 57
55 58
55 60
55 78
56 68
56 88
56 90
56 93
58 69
58 81
58 93
59 67
59 73
59 79
60 67
61 69
61 75
61 79
61 80
61 82
63 65
63 73
63 93
63 96
64 93
64 94
65 74
65 89
67 86
67 99
68 82
68 93
69 77
69 80
69 97
70 72
70 78
70 84
70 95
70 98
72 82
72 92
72 95
72 98
74 82
74 86
75 79
75 84
75 93
76 82
77 89
79 80
79 84
79 88
81 86
83 93
83 94
84 91
85 98
87 99
90 99
91 94
95 97
95 98
