90 161
6 4 2 11 6 9 8 11 10 7 0 9 14 6 9 11 11 9 2 8 4 15 0 9 15 1 11 12 7 1 7 3 15 6 1 1 5 9 10 5 8 0 9 3 15 3 6 5 11 9 13 10 5 2 4 1 2 7 12 2 15 13 12 14 1 3 5 0 14 8 6 4 8 6 8 0 6 9 1 3 11 10 13 5 5 8 7 6 7 7 
0 41
0 46
0 72
1 39
1 45
1 50
1 69
1 78
2 13
2 36
2 68
2 70
3 9
3 67
3 74
3 86
4 11
4 17
4 30
5 7
5 21
5 39
5 45
5 60
6 70
7 43
7 47
7 80
8 34
8 58
9 49
9 54
9 82
9 84
10 17
10 28
10 78
11 16
11 20
11 58
12 14
12 15
12 31
13 18
13 29
13 35
13 71
14 53
14 71
15 19
15 54
15 62
15 64
15 69
17 51
17 55
17 66
18 48
19 26
19 38
19 79
20 30
20 32
20 40
21 82
22 50
22 61
22 72
23 47
23 54
24 57
24 76
24 82
24 89
25 30
25 32
25 39
25 60
25 75
26 28
26 69
26 78
27 32
27 57
27 60
27 85
27 89
28 38
29 36
30 51
30 73
31 45
31 53
31 55
31 69
32 65
33 36
33 47
33 64
33 68
33 80
34 37
34 40
34 66
34 88
35 70
36 41
36 46
37 54
37 56
37 63
37 65
38 44
39 51
40 58
40 62
40 65
41 48
41 70
42 49
42 62
42 84
43 60
43 81
43 89
45 80
45 87
46 47
46 74
47 81
48 61
49 67
50 57
51 78
52 84
53 68
53 80
54 64
54 77
55 70
56 57
56 61
56 75
56 76
57 59
57 62
57 65
57 88
60 77
62 85
65 77
67 72
68 71
72 74
74 81
76 83
81 86
82 83
82 86
83 84
86 89
