30 130
4 1 1 7 3 7 2 3 3 5 1 0 2 5 1 7 0 2 1 1 2 4 1 5 4 5 6 1 6 3 
0 12
0 20
0 21
1 6
1 7
1 12
1 15
1 16
1 24
1 25
1 26
1 29
2 8
2 10
2 13
2 15
2 16
2 20
2 26
2 27
3 5
3 9
3 11
3 12
3 17
3 19
3 21
3 27
3 28
4 8
4 9
4 17
4 19
4 21
4 22
4 23
4 25
5 8
5 9
5 10
5 13
5 14
5 16
5 18
5 27
6 9
6 12
6 15
6 22
6 23
6 24
6 26
6 29
7 11
7 13
7 14
7 17
7 19
7 21
7 23
7 25
7 26
8 9
8 10
8 16
8 20
8 21
8 26
9 11
9 16
9 17
9 19
9 21
9 27
10 12
10 13
10 14
10 17
10 18
10 20
10 22
10 27
11 17
11 19
11 20
11 21
11 22
12 13
12 14
12 15
12 17
12 20
13 14
13 20
13 22
13 29
14 19
14 21
14 23
15 20
15 23
15 24
15 29
16 19
16 27
16 28
17 18
17 21
17 23
17 24
17 25
17 26
17 27
17 29
18 21
19 21
19 27
19 29
20 22
20 29
21 23
21 25
22 26
23 26
24 25
24 26
24 27
24 29
25 26
25 29
