40 91
1 2 6 7 3 2 5 4 7 1 4 3 2 3 3 3 7 5 6 6 4 3 2 3 7 3 3 2 5 4 3 4 3 7 7 6 2 0 4 2 
0 2
0 9
0 17
0 28
0 31
0 35
0 37
0 38
1 6
1 10
1 13
1 20
1 26
2 30
2 34
3 27
3 30
4 17
4 20
4 27
4 28
4 33
4 36
5 14
5 16
5 19
6 11
6 19
6 20
6 28
6 31
7 15
7 27
7 29
7 32
8 16
8 36
9 17
9 27
10 21
11 33
12 16
12 20
12 24
12 34
12 37
14 18
14 20
15 36
15 38
15 39
16 31
16 34
17 22
17 25
18 25
18 29
18 35
19 20
19 26
19 30
19 32
19 33
20 21
20 22
20 26
20 28
20 31
20 36
20 37
21 26
21 28
21 30
22 28
22 35
22 36
23 31
24 37
25 35
25 36
26 38
27 28
28 30
30 31
31 36
31 38
32 36
32 38
32 39
35 36
38 39
