35 102
4 2 3 2 0 7 3 0 4 1 4 5 7 6 6 4 3 2 3 2 1 7 5 6 3 7 7 3 2 0 4 0 2 5 6 
0 5
0 16
0 22
0 24
0 25
0 31
0 34
1 12
1 17
1 22
1 32
2 10
2 11
2 20
2 29
2 30
2 32
3 7
3 10
3 12
3 21
3 24
3 26
3 28
3 34
4 5
4 18
5 7
5 12
5 20
5 25
5 26
5 27
5 28
5 29
5 33
6 16
6 24
6 29
6 33
7 9
7 12
7 21
7 25
7 27
7 30
8 11
8 14
8 17
8 24
9 11
9 33
10 23
10 31
11 12
11 18
11 32
12 13
12 21
12 24
12 27
13 20
13 24
13 34
15 17
15 18
15 20
15 21
16 18
17 25
17 34
18 19
18 23
18 34
19 24
19 25
19 31
19 32
19 34
20 22
20 31
21 24
21 27
21 28
21 33
21 34
22 25
22 29
24 25
24 26
24 28
24 30
25 26
25 27
25 28
25 29
26 27
26 28
27 33
30 32
30 33
32 33
