100 219
18 26 22 17 15 2 7 12 24 6 30 13 2 20 11 9 12 26 15 22 14 15 9 3 18 11 27 2 31 4 22 25 7 11 4 16 7 1 6 15 30 31 31 18 22 10 30 13 0 9 27 22 23 27 11 30 21 20 30 2147483675 14 17 25 14 22 15 14 22 6 7 5 4 5 1 6 7 6 12 29 22 14 28 31 27 1 10 2 9 19 15 24 25 11 19 7 0 13 26 27 28 
0 3
0 22
0 29
0 45
0 50
1 30
1 36
1 59
1 69
1 75
2 19
2 34
2 59
2 82
3 79
3 95
3 96
4 79
4 88
5 12
5 14
5 40
5 43
5 59
5 98
6 15
6 78
6 80
7 12
7 55
7 59
7 64
8 25
8 38
8 49
8 59
9 38
9 46
9 59
10 98
11 12
11 16
11 30
11 33
11 55
11 59
11 84
11 98
12 52
12 57
12 59
12 81
13 42
13 56
13 59
13 61
14 54
14 57
14 59
15 23
15 86
15 93
16 24
16 39
16 52
16 59
16 66
17 20
17 67
18 53
18 87
18 89
19 29
19 45
20 34
20 59
20 73
20 79
20 96
21 28
21 48
21 99
22 37
22 60
22 95
23 28
23 51
24 43
24 59
24 71
24 94
24 98
25 27
25 59
25 83
26 88
27 38
27 46
27 59
27 97
28 85
28 93
29 60
29 82
31 54
31 59
31 61
31 90
32 37
32 59
32 95
32 96
33 54
33 56
33 57
33 59
33 61
33 62
34 45
34 50
34 59
35 41
35 63
35 87
35 89
36 48
36 59
36 91
36 99
37 50
37 59
37 92
38 59
38 68
38 72
39 44
39 55
39 59
39 64
39 70
40 90
41 74
42 55
42 58
42 59
42 70
42 84
43 52
43 59
45 79
46 47
46 59
47 59
47 97
48 69
48 93
49 78
50 59
50 82
50 96
51 59
51 85
51 86
52 59
52 64
53 88
54 59
54 77
54 98
55 56
55 59
56 59
57 59
59 61
59 64
59 66
59 70
59 71
59 75
59 80
59 82
59 83
59 84
59 85
59 86
59 90
59 91
59 92
59 96
59 97
59 98
59 99
60 92
61 84
65 74
65 88
66 70
66 71
66 84
69 78
71 90
72 92
74 76
74 89
75 78
75 80
75 91
78 93
80 86
82 92
83 97
84 90
84 94
85 91
85 99
86 91
88 89
90 98
91 93
