80 589
10 14 15 9 13 9 4 14 7 11 6 1 2 12 11 3 5 14 7 8 12 8 8 2 8 15 11 4 5 15 9 0 2 1 13 1 14 15 12 6 11 11 15 4 11 8 10 11 8 4 8 15 2 7 1 7 5 6 6 11 10 12 15 6 9 15 11 0 2 11 6 11 2 2 10 10 4 1 11 2 
0 1
0 4
0 8
0 14
0 15
0 17
0 20
0 30
0 31
0 37
0 39
0 44
0 65
0 70
0 74
0 75
1 7
1 8
1 17
1 23
1 28
1 30
1 33
1 37
1 45
1 50
1 53
1 61
2 7
2 15
2 17
2 19
2 42
2 46
2 51
2 57
2 58
2 74
2 78
3 4
3 6
3 11
3 27
3 30
3 42
3 54
3 56
4 7
4 16
4 30
4 40
4 45
4 55
4 65
4 66
4 73
4 77
4 78
4 79
5 7
5 19
5 24
5 25
5 28
5 31
5 37
5 40
5 42
5 46
5 50
5 62
5 66
5 67
5 69
5 71
5 72
6 13
6 17
6 18
6 21
6 22
6 25
6 37
6 42
6 54
6 56
6 59
6 61
6 63
6 66
6 73
6 74
6 77
7 8
7 9
7 11
7 12
7 15
7 23
7 28
7 31
7 32
7 38
7 50
7 51
7 53
7 68
7 78
8 10
8 13
8 14
8 23
8 30
8 39
8 49
8 51
8 53
8 54
8 60
8 62
8 65
8 68
8 71
8 75
8 77
9 10
9 12
9 13
9 14
9 19
9 29
9 30
9 36
9 65
9 75
10 11
10 14
10 17
10 21
10 28
10 30
10 31
10 32
10 33
10 34
10 39
10 42
10 45
10 50
10 58
10 63
10 68
10 71
11 13
11 14
11 17
11 22
11 26
11 31
11 32
11 37
11 38
11 46
11 48
11 53
11 63
11 75
11 79
12 26
12 41
12 47
12 79
13 15
13 19
13 27
13 28
13 37
13 45
13 51
13 59
13 69
13 77
14 24
14 25
14 28
14 33
14 34
14 38
14 40
14 50
14 69
14 74
15 19
15 27
15 40
15 51
15 59
15 67
15 69
15 75
16 24
16 43
16 46
16 48
16 61
16 66
16 69
16 74
16 75
16 78
17 23
17 34
17 38
17 41
17 43
17 56
17 59
17 67
17 69
17 74
17 79
18 26
18 36
18 38
18 41
18 54
18 58
18 69
18 70
18 73
18 75
19 21
19 22
19 24
19 46
19 47
19 50
19 51
19 55
19 58
19 62
19 67
19 68
19 69
19 70
19 71
19 79
20 21
20 23
20 26
20 32
20 47
20 54
20 57
20 60
20 62
20 65
20 69
20 70
20 71
20 73
20 75
20 78
21 46
21 53
21 56
21 57
21 58
21 62
21 66
21 70
21 76
22 40
22 50
22 57
22 58
22 60
22 70
23 24
23 30
23 31
23 41
23 42
23 45
23 46
23 51
23 52
23 61
23 63
23 72
23 75
24 28
24 31
24 35
24 38
24 44
24 47
24 48
24 55
24 66
24 70
24 71
24 74
25 27
25 30
25 32
25 43
25 45
25 51
25 54
25 60
25 70
25 74
25 76
26 28
26 32
26 36
26 37
26 40
26 46
26 48
26 51
26 52
26 66
26 74
26 79
27 35
27 55
27 57
27 66
27 74
27 75
28 31
28 37
28 38
28 39
28 48
28 49
28 53
28 54
28 60
28 65
28 66
28 70
28 77
28 79
29 30
29 38
29 39
29 42
29 63
29 71
29 72
29 77
30 32
30 39
30 43
30 47
30 52
30 54
30 55
30 65
30 67
30 69
30 70
31 34
31 40
31 46
31 51
31 56
31 63
31 66
31 71
32 39
32 43
32 45
32 56
32 59
32 60
32 65
32 68
32 75
32 77
32 78
32 79
33 38
33 40
33 42
33 48
33 50
33 52
33 59
33 61
33 62
33 65
33 76
33 77
34 35
34 40
34 43
34 45
34 47
34 50
34 55
34 70
34 72
35 40
35 44
35 47
35 57
35 63
35 68
35 71
35 77
36 39
36 45
36 59
36 67
36 68
36 74
36 79
37 38
37 40
37 41
37 43
37 44
37 48
37 55
37 56
37 59
37 61
37 67
37 68
37 76
37 79
38 40
38 53
38 56
38 58
38 61
38 74
39 48
39 49
39 56
39 57
39 60
39 61
40 47
40 52
40 53
40 55
40 56
40 59
40 66
40 69
41 45
41 55
41 59
41 70
41 74
41 79
42 46
42 48
42 51
42 52
42 55
42 57
42 61
42 66
42 68
43 44
43 65
43 67
43 69
43 71
43 72
43 76
43 77
44 58
44 62
44 68
44 69
44 76
45 47
45 48
45 50
45 51
45 52
45 54
45 56
45 57
45 59
45 61
45 65
45 79
46 53
46 63
46 68
46 71
46 74
46 79
47 52
47 57
47 61
47 67
47 70
47 72
47 79
48 54
48 55
48 59
48 61
48 62
48 71
49 52
49 57
50 57
50 59
50 61
50 65
51 57
51 59
51 60
51 61
51 72
52 53
52 55
52 56
52 63
52 79
53 56
53 66
53 67
53 70
53 73
53 77
54 62
54 70
54 77
55 73
55 75
56 61
56 63
56 66
56 67
56 68
57 60
57 72
58 68
58 73
58 75
58 77
58 78
59 65
59 70
60 70
60 72
60 74
60 77
61 63
61 66
61 73
61 77
62 65
62 67
62 73
63 64
63 65
63 66
63 68
64 67
64 69
66 72
66 73
66 77
68 74
69 74
70 71
70 74
70 79
71 72
71 77
72 75
72 76
72 79
73 74
74 75
74 76
76 79
