35 114
2 4 2 5 5 7 3 1 7 5 0 1 6 4 4 5 7 1 3 7 3 0 5 0 0 7 1 6 1 0 4 5 0 6 4 
0 11
0 14
0 22
0 23
0 25
0 27
0 29
0 31
1 3
1 5
1 9
1 10
1 16
1 22
1 27
1 29
2 3
2 4
2 6
2 14
2 17
2 23
2 26
3 12
3 21
3 23
3 24
3 29
3 30
3 33
3 34
4 6
4 8
4 12
4 15
4 18
4 20
4 23
4 25
4 27
4 28
4 33
5 11
5 12
5 13
5 22
5 25
5 31
6 12
6 22
7 13
7 23
7 30
7 32
8 15
8 16
8 18
8 20
8 22
8 24
8 30
8 33
9 25
9 26
9 27
9 31
10 19
10 22
10 27
10 31
11 28
11 29
12 13
12 14
12 19
12 30
13 18
13 25
13 30
14 17
14 31
15 23
15 26
15 28
15 31
16 19
16 20
16 25
17 28
17 30
18 24
18 26
19 21
19 26
19 27
19 28
19 31
20 22
20 31
21 22
21 23
21 32
22 29
22 31
23 26
24 27
24 32
24 34
25 28
25 29
26 34
27 30
30 33
31 33
