60 179
0 9 13 14 10 14 10 15 8 9 0 15 7 15 2 15 4 14 1 7 3 11 0 9 12 4 11 4 15 8 7 3 4 12 9 6 4 11 10 13 11 13 10 2 2 6 10 0 7 14 3 6 15 14 13 13 6 4 15 6 
0 44
0 54
0 58
1 4
1 11
1 14
1 39
1 53
1 57
2 3
2 4
2 5
2 8
2 12
2 13
2 25
2 35
2 49
2 57
3 4
3 5
3 8
3 11
3 30
3 34
3 35
3 43
4 5
4 8
4 10
4 11
4 14
4 25
4 32
4 44
4 48
4 50
5 13
5 22
5 24
5 25
5 27
5 35
5 38
5 49
6 10
6 13
6 17
6 42
6 44
6 48
7 29
7 39
7 56
7 57
8 11
8 14
8 22
8 35
8 59
9 37
9 56
10 18
10 43
11 14
11 22
11 23
11 54
11 56
11 57
12 34
12 37
12 46
12 47
12 55
12 59
13 16
13 29
13 40
13 55
14 48
15 44
15 46
15 51
15 54
16 22
16 23
16 42
16 56
18 24
18 27
18 33
19 24
19 26
19 53
20 39
20 43
21 33
21 39
21 44
21 51
21 58
22 25
22 29
22 33
22 34
22 55
24 45
24 46
24 52
25 29
25 32
25 33
25 35
25 42
25 44
25 49
25 51
25 55
26 36
26 39
26 45
26 50
26 56
27 31
27 41
27 53
28 32
28 34
28 56
29 30
29 37
29 39
30 31
30 43
30 56
30 58
31 37
31 41
31 50
31 54
31 55
32 46
32 56
32 57
33 37
34 38
34 40
34 55
34 59
35 38
35 56
36 40
36 53
36 54
36 57
37 47
38 55
39 43
40 46
40 54
40 58
41 45
41 49
41 58
42 45
42 46
42 52
44 50
44 59
45 48
46 59
48 53
48 57
48 59
50 57
52 59
55 59
57 59
