60 114
11 10 4 7 2 1 13 12 11 10 14 14 10 9 14 3 11 1 9 2 5 0 5 0 7 3 5 3 10 2 2 8 9 13 8 8 10 14 11 9 12 4 6 11 3 11 1 6 13 6 14 6 4 4 14 0 15 15 7 1 
0 12
0 25
0 29
0 33
0 56
1 16
1 36
1 56
2 6
2 19
2 28
2 36
2 40
2 50
3 5
3 21
3 33
3 35
4 14
4 19
4 30
4 32
4 50
5 17
5 29
5 34
5 43
5 54
5 58
6 44
7 11
7 28
7 35
7 47
7 58
7 59
8 27
9 27
9 30
9 58
10 11
10 12
10 13
10 32
10 42
11 45
11 50
11 53
12 18
12 50
12 53
12 55
13 34
13 36
13 37
14 15
14 28
14 59
15 22
16 27
16 31
17 43
17 49
18 24
18 29
18 41
18 56
18 57
19 53
19 55
20 34
21 37
22 23
22 36
22 37
22 56
24 30
24 48
24 53
25 28
26 29
28 49
28 51
29 36
30 59
33 48
34 45
35 56
36 39
37 38
37 45
37 50
37 54
38 42
39 46
39 47
39 58
40 50
41 50
41 58
42 58
43 54
44 59
45 58
46 59
48 55
49 58
50 52
50 56
51 52
51 57
52 54
53 59
57 59
