60 102
7 0 14 13 2 15 11 8 1 15 14 2 5 12 7 14 4 11 2 6 12 10 7 2 9 8 9 7 11 3 13 0 10 1 0 1 5 8 9 9 3 15 8 13 7 6 13 9 2 2 5 7 11 2 14 15 15 13 11 1 
0 31
0 33
0 42
1 3
1 29
1 32
1 38
1 41
1 53
2 11
2 42
2 53
3 13
3 51
4 22
5 16
5 21
5 32
5 34
6 22
6 29
6 32
6 53
7 15
7 42
7 50
8 27
8 30
9 18
9 54
10 32
10 37
10 49
10 57
10 59
11 37
12 32
12 37
12 57
13 36
14 26
14 39
15 18
15 29
15 49
16 31
16 32
16 40
17 31
17 32
17 40
17 43
17 46
18 25
18 46
19 30
19 38
20 32
20 55
21 40
21 45
21 46
21 58
22 23
22 30
22 59
23 29
23 36
23 38
23 39
24 36
25 34
25 56
26 53
27 35
27 38
28 36
28 49
29 32
30 38
30 53
31 32
32 40
32 46
32 53
33 38
33 43
34 35
36 37
36 39
38 44
39 52
40 48
40 52
41 51
47 57
49 56
50 56
51 57
52 57
55 56
57 58
