70 164
6 10 7 2 2 14 9 5 13 0 15 4 2 6 4 6 0 3 7 3 13 15 14 5 12 8 11 14 4 3 12 2 4 5 9 2 12 0 6 12 0 1 8 4 13 4 0 4 4 11 3 12 7 12 4 14 10 1 6 3 0 7 15 7 0 0 11 5 10 9 
0 7
0 19
0 50
1 25
1 30
1 34
1 36
1 44
2 7
2 10
2 48
2 54
2 57
3 33
3 48
3 54
3 60
3 67
4 12
4 15
4 21
4 31
4 40
4 60
5 7
5 42
5 49
5 54
6 14
6 47
6 68
7 24
7 28
8 15
8 20
8 21
8 39
8 68
9 20
9 31
9 53
9 60
9 61
9 62
9 67
10 31
10 35
11 13
11 18
11 20
11 62
12 13
12 20
12 43
12 45
12 69
13 27
13 63
13 65
14 53
14 63
15 37
15 69
16 17
16 20
16 35
16 55
16 58
17 25
17 32
17 34
17 36
18 42
18 48
18 54
18 66
18 67
19 24
19 37
19 40
19 52
19 58
20 40
20 55
21 22
21 27
21 37
21 64
22 40
22 57
22 59
23 28
23 51
23 57
23 59
24 31
24 42
24 49
24 50
25 55
26 47
26 51
26 59
26 64
27 69
28 29
28 32
28 49
28 58
28 66
29 30
29 41
29 56
29 57
30 64
30 65
31 33
31 48
32 35
32 51
32 68
33 38
33 57
33 67
34 51
34 64
35 49
35 50
37 38
37 45
37 46
37 47
37 48
37 59
37 68
38 39
38 60
38 62
40 61
40 66
41 42
41 49
41 67
42 44
42 46
43 52
43 55
43 58
44 57
45 52
45 65
47 63
48 50
49 66
50 56
50 58
53 65
56 60
56 61
56 67
57 61
60 66
63 64
63 65
