100 445
15 8 25 28 10 6 31 16 3 25 17 22 29 5 20 27 5 7 27 4 4 9 17 20 26 20 6 29 3 0 26 12 4 19 9 13 2 26 8 21 14 8 24 4 0 17 11 22 13 23 6 28 22 31 1 14 8 18 1 22 22 15 13 12 9 13 22 1 15 5 19 2 10 11 5 3 16 16 25 3 0 9 5 18 13 0 22 27 19 6 17 5 14 31 22 22 14 28 7 2 
0 18
0 23
0 58
0 60
0 65
0 70
0 97
0 98
1 3
1 7
1 15
1 34
1 43
1 47
1 54
1 55
1 73
1 92
1 95
2 20
2 21
2 30
2 53
2 80
2 82
2 94
3 44
3 56
3 58
3 83
4 10
4 33
4 46
4 65
4 66
4 80
5 16
5 23
5 26
5 28
5 31
5 34
5 38
5 58
5 60
5 66
5 70
5 87
6 44
6 57
6 59
6 62
6 74
6 84
6 86
6 88
7 12
7 24
7 25
7 26
7 30
7 36
7 43
7 44
7 54
7 55
7 71
7 79
7 95
7 99
8 12
8 36
8 42
8 44
8 59
8 62
8 69
8 74
8 86
9 21
9 69
9 84
9 86
9 91
9 94
9 97
9 98
10 35
10 46
10 49
10 66
10 67
10 75
10 85
10 87
11 24
11 25
11 52
11 53
11 60
11 72
11 96
12 40
12 62
12 71
12 74
12 80
12 86
13 15
13 25
13 31
13 37
13 43
13 47
13 71
13 72
13 77
14 15
14 20
14 45
14 48
14 54
14 75
14 79
14 80
14 83
15 22
15 37
15 45
15 63
15 77
15 99
16 19
16 41
16 55
16 84
17 28
17 31
17 34
17 68
17 73
17 85
17 87
17 95
18 23
18 58
18 60
18 61
18 69
18 80
18 84
18 97
18 98
19 33
19 37
19 44
19 46
19 60
19 65
19 66
19 81
19 88
20 41
20 42
20 48
20 51
20 54
20 73
20 78
20 79
20 90
21 27
21 30
21 59
21 82
21 90
21 94
22 24
22 48
22 51
22 57
22 92
23 24
23 58
23 60
23 81
23 84
23 97
24 31
24 39
24 41
24 45
24 48
24 51
24 71
25 47
25 52
25 53
25 96
25 99
26 28
26 29
26 36
26 40
26 42
26 54
26 56
26 66
26 77
26 81
26 87
26 92
26 95
26 96
27 29
27 30
27 71
27 82
27 89
27 94
27 96
28 34
28 35
28 58
28 59
28 68
28 70
28 87
29 31
29 36
29 40
29 41
29 56
29 74
29 80
30 69
30 74
30 84
30 90
30 91
30 94
31 39
31 41
31 55
31 72
31 73
31 78
31 83
32 36
32 43
32 50
32 63
32 65
32 89
33 46
33 65
33 92
34 46
34 58
34 60
34 68
34 70
34 87
35 46
35 48
35 49
35 54
35 66
35 67
35 85
36 54
36 55
36 56
36 72
36 80
36 82
36 90
36 91
36 95
37 47
37 57
37 63
37 77
37 97
38 59
38 62
38 69
39 48
39 51
39 57
39 89
40 69
40 74
40 80
40 86
40 94
41 48
41 64
41 68
41 73
41 78
41 95
42 77
43 47
43 51
43 55
43 57
43 71
43 86
43 90
43 92
44 76
44 81
44 93
45 63
45 64
45 77
45 79
45 83
45 89
46 66
46 67
46 85
47 52
47 53
47 57
47 72
47 77
48 51
48 78
49 64
49 67
49 73
49 79
49 83
49 85
50 57
50 77
50 81
50 85
50 93
51 57
51 63
51 92
52 53
52 54
52 82
52 96
52 99
53 72
53 82
53 95
53 96
54 55
54 56
54 63
54 71
54 79
54 91
54 95
55 57
55 71
55 72
55 81
55 95
56 58
56 80
56 82
56 88
56 92
56 93
56 95
57 75
57 92
57 99
58 60
58 70
59 62
59 65
59 81
59 88
60 70
60 98
61 79
61 82
61 92
61 98
62 74
62 86
62 92
63 77
63 88
64 67
64 75
64 79
64 83
64 85
65 81
65 88
66 67
66 70
67 68
67 75
67 85
68 70
68 71
68 73
69 75
69 84
69 87
69 90
69 97
69 98
70 87
71 89
71 92
72 93
72 99
73 78
73 87
74 80
75 78
75 83
77 99
78 87
78 92
78 94
79 83
79 89
81 88
82 91
82 94
82 96
83 85
83 89
84 90
84 95
84 97
86 88
87 95
88 98
90 94
90 97
91 93
97 98
