100 446
18 8 11 7 13 2 3 26 15 22 5 14 27 25 22 7 1 17 19 17 25 28 22 10 26 5 0 8 3 22 31 14 21 3 20 29 6 13 6 24 31 20 18 25 19 0 13 13 14 0 23 27 16 11 27 4 4 19 5 3 31 16 2 19 17 26 22 23 4 5 22 27 9 1 22 9 22 28 12 1 9 6 26 17 15 29 2 0 8 20 22 12 17 13 30 9 10 14 19 19 
0 6
0 19
0 33
0 34
0 36
0 50
0 63
0 72
0 78
0 87
1 5
1 16
1 18
1 25
1 38
1 45
1 48
1 49
1 79
1 90
2 9
2 37
2 60
2 65
2 68
2 73
2 75
2 83
2 87
2 96
2 99
3 14
3 18
3 20
3 21
3 58
3 60
3 71
3 84
4 18
4 66
4 68
4 80
4 84
4 96
4 99
5 23
5 25
5 28
5 31
5 38
5 45
5 49
5 61
5 64
5 79
5 90
6 13
6 34
6 42
6 58
6 72
6 73
6 83
7 29
7 35
7 43
7 47
7 58
7 61
7 64
7 69
7 95
8 15
8 53
8 59
8 73
8 75
8 86
8 88
8 98
9 37
9 38
9 68
9 73
9 81
9 83
9 96
9 98
10 23
10 41
10 51
10 52
10 55
10 76
10 78
10 82
10 86
11 22
11 25
11 35
11 38
11 40
11 41
11 70
12 13
12 15
12 38
12 53
12 58
12 59
12 75
12 81
12 83
12 90
12 98
13 29
13 48
13 53
13 56
13 78
13 88
13 93
13 94
14 16
14 22
14 68
14 71
14 75
14 81
14 84
14 89
14 98
15 53
15 59
15 75
15 78
15 87
15 90
16 59
16 65
16 71
16 75
16 81
16 84
16 89
16 98
17 24
17 42
17 48
17 51
17 77
17 93
18 30
18 60
18 66
18 68
18 74
18 80
18 91
19 24
19 33
19 34
19 36
19 51
19 52
19 72
19 91
20 21
20 29
20 47
20 58
20 74
20 95
21 47
21 58
21 64
21 71
21 82
21 84
21 89
22 23
22 24
22 40
22 41
22 70
23 31
23 40
23 62
23 76
23 78
23 92
24 32
24 61
24 77
24 78
24 86
24 88
24 89
24 93
25 29
25 35
25 40
25 43
25 70
25 95
26 28
26 30
26 57
26 61
26 68
26 80
27 31
27 48
27 51
27 53
27 55
27 61
27 75
27 76
27 79
27 90
28 46
28 58
28 60
28 66
28 69
28 74
28 85
29 35
29 43
29 64
29 67
29 95
29 97
30 42
30 46
30 47
30 66
30 69
30 74
31 42
31 55
31 61
31 78
31 79
31 80
31 86
31 90
32 36
32 42
32 54
32 77
32 78
32 93
33 34
33 36
33 50
33 56
33 61
33 72
33 79
34 45
34 51
34 56
34 63
34 79
34 93
35 36
35 49
35 86
35 94
35 95
36 67
36 86
36 94
37 50
37 59
37 73
37 79
37 83
37 87
37 93
38 48
38 49
38 52
38 59
38 61
38 79
38 80
38 81
38 90
38 97
39 54
39 76
39 85
39 97
40 41
40 43
40 60
40 70
40 76
40 90
41 61
41 62
41 70
41 76
42 44
42 48
42 55
42 62
42 76
42 77
42 82
42 92
43 45
43 56
43 95
44 53
44 60
45 49
45 57
45 69
45 71
45 85
45 96
45 97
46 48
46 66
46 69
46 74
46 85
47 58
47 64
47 71
47 89
47 90
48 55
48 60
48 77
48 86
48 99
49 69
49 78
49 88
49 92
49 97
50 53
50 63
50 72
50 73
50 83
50 87
51 52
51 62
51 82
51 91
52 60
52 62
52 65
52 76
52 82
52 91
53 56
53 78
53 88
54 57
54 64
54 84
54 95
55 61
55 64
55 74
55 76
55 77
55 86
56 64
56 77
56 79
56 88
56 93
57 78
57 84
57 94
58 63
58 64
58 71
58 97
59 66
59 75
59 81
59 98
60 67
60 80
61 62
61 79
61 85
61 86
61 90
62 70
63 79
64 95
65 70
66 80
66 95
67 77
67 99
68 80
68 82
68 99
69 85
69 97
70 76
70 79
71 84
71 89
72 73
72 87
72 88
73 83
73 87
74 85
74 97
75 81
75 98
76 82
77 91
77 93
78 81
78 88
79 86
79 90
79 91
80 89
81 89
81 98
82 91
83 87
83 96
84 89
84 98
85 86
85 97
88 90
88 93
96 99
