90 269
12 14 5 13 9 4 9 3 1 11 11 6 0 5 14 8 15 12 8 5 15 12 15 6 4 0 9 3 6 1 0 15 1 14 10 12 7 9 10 7 4 1 4 6 6 3 0 4 13 12 4 6 7 1 7 12 10 4 9 2 13 11 3 13 15 0 2 1 11 14 1 3 5 4 5 0 0 4 9 5 8 10 13 10 11 6 3 13 8 9 
0 6
0 8
0 10
0 17
0 28
0 29
0 70
1 7
1 24
1 37
1 49
1 54
1 71
2 13
2 16
2 40
2 48
2 79
2 83
3 43
3 71
3 74
4 38
4 65
4 72
4 74
4 85
4 86
5 45
5 47
5 53
5 56
5 69
5 78
6 8
6 13
6 16
6 70
6 79
7 35
7 39
7 41
7 49
7 71
8 10
8 13
8 17
8 70
9 21
9 43
9 46
9 51
9 60
9 80
10 17
10 26
10 29
10 45
10 53
11 12
11 19
11 30
11 50
11 55
11 62
11 87
12 30
12 50
12 62
12 76
12 87
13 16
13 18
13 70
13 79
14 21
14 43
14 46
14 63
14 68
14 77
14 88
15 35
15 39
15 41
15 63
15 68
15 77
15 88
16 70
16 79
16 83
17 29
17 45
17 70
18 31
18 73
18 79
18 85
19 48
19 51
19 54
20 23
20 27
20 52
20 64
20 75
20 82
21 43
21 46
21 51
21 63
22 34
22 48
22 61
22 62
22 66
22 76
23 33
23 36
23 52
23 82
23 84
24 33
24 36
24 37
24 54
24 84
25 32
25 57
25 58
25 60
25 67
25 80
27 52
27 55
27 64
27 75
27 82
28 85
29 45
29 47
29 53
30 50
30 55
30 75
30 87
31 42
31 57
31 58
31 67
31 73
31 89
32 51
32 57
32 60
32 67
32 80
33 36
33 52
33 82
33 84
34 50
34 61
34 62
34 66
34 76
35 39
35 41
35 77
35 88
36 37
36 54
36 84
37 49
37 54
37 71
38 56
38 69
38 72
38 78
38 85
39 41
39 49
39 71
40 48
40 61
40 66
40 79
40 83
41 71
41 88
42 58
42 65
42 73
42 81
42 86
42 89
43 46
43 63
43 77
44 68
44 81
44 85
45 47
45 53
46 51
46 60
47 53
47 68
47 69
47 78
48 61
48 66
48 83
49 54
49 71
50 62
50 76
51 60
51 80
52 64
52 82
53 69
54 84
55 64
55 75
55 87
56 69
56 72
56 78
56 85
57 58
57 67
57 80
58 67
58 73
59 78
59 86
60 80
61 66
61 76
62 76
63 77
63 88
64 75
64 87
65 72
65 74
65 86
65 89
66 83
67 73
69 78
70 81
72 74
72 85
73 86
73 89
74 85
74 86
74 89
75 87
77 88
78 85
79 83
80 81
82 84
86 89
