60 131
15 4 12 8 0 10 1 14 3 10 0 1 15 11 9 2 1 11 0 0 15 5 8 9 12 0 1 14 12 5 2 8 11 0 2 9 9 13 13 4 12 6 7 13 8 1 14 12 4 10 9 1 11 6 11 3 9 14 14 5 
0 2
0 22
0 57
1 5
1 52
2 16
2 20
2 22
2 55
3 17
3 41
3 44
3 54
4 8
4 9
4 20
4 44
4 45
5 9
5 23
5 29
5 30
5 50
6 27
6 42
6 45
6 55
7 13
7 25
7 38
7 42
8 9
8 33
8 38
9 28
9 41
10 15
10 19
10 27
10 54
11 15
11 25
11 36
12 13
12 16
12 31
12 37
12 40
12 49
12 56
13 25
13 26
13 28
13 44
13 58
14 15
14 22
14 55
15 30
15 32
15 37
15 48
15 59
16 18
16 24
16 29
16 45
17 28
17 30
17 37
18 39
18 46
18 57
19 28
19 30
19 39
19 52
20 33
20 53
20 58
21 43
21 48
21 52
21 56
21 58
22 23
22 54
23 35
23 45
23 47
23 57
24 37
24 39
24 46
24 58
25 34
25 46
25 51
26 42
26 46
27 28
27 34
27 37
28 34
28 47
29 41
29 52
30 35
30 43
31 37
31 58
32 49
32 50
32 51
33 36
33 55
34 36
34 42
37 50
38 51
40 49
41 55
42 46
42 55
44 59
47 50
49 54
49 59
54 55
55 58
55 59
