60 166
0 2 4 4 10 1 10 15 5 15 9 13 10 0 7 1 5 13 1 13 11 13 5 2 9 8 14 5 15 12 12 12 11 7 12 9 0 8 7 2 3 6 14 4 2 8 0 2 2 6 4 10 7 13 11 1 7 2 8 6 
0 7
0 9
0 15
0 26
0 32
0 34
1 3
1 21
1 27
1 32
1 44
2 4
2 5
2 35
2 40
2 46
2 57
2 58
3 6
3 15
3 25
3 26
3 27
3 28
3 40
3 49
3 59
4 21
4 27
4 30
4 32
4 46
4 52
5 28
5 30
5 32
5 40
5 46
5 51
6 11
6 14
6 16
6 34
6 46
6 53
7 15
7 29
7 44
7 58
8 19
8 20
8 22
8 29
8 30
8 34
8 46
8 51
9 41
9 42
9 44
9 47
9 50
9 55
10 14
10 35
10 40
10 52
11 19
11 20
11 22
12 18
12 22
12 27
12 32
12 49
12 52
13 21
13 28
13 29
13 32
13 43
13 52
13 53
13 54
14 20
14 24
14 38
15 21
15 27
15 33
15 36
15 38
15 42
15 47
15 55
15 57
16 35
16 41
16 43
16 54
16 55
17 32
18 39
19 46
19 49
20 26
20 37
20 55
21 27
21 29
21 40
21 44
22 46
22 59
23 51
24 27
24 35
24 55
25 30
25 31
25 54
26 46
26 51
26 57
26 58
27 38
28 56
28 59
29 48
30 37
31 32
31 40
31 49
31 53
32 34
32 43
32 57
33 37
33 49
33 56
34 51
35 39
35 49
35 51
35 56
36 40
37 44
38 39
38 51
38 59
39 41
39 42
39 44
39 46
42 56
43 44
43 53
45 54
45 57
46 49
48 51
50 54
50 55
51 54
51 59
57 58
