100 150
24 10 17 2 9 5 29 24 8 15 20 24 13 25 17 28 2 22 25 23 15 30 22 20 5 22 28 26 2 21 16 1 14 10 22 23 31 18 11 1 29 13 15 26 7 0 18 21 11 29 23 25 3 14 2 24 13 26 25 10 16 4 5 20 25 14 11 2 27 8 4 8 8 3 15 26 13 27 19 26 10 9 1 7 18 2 15 19 0 28 27 6 14 17 15 9 13 19 20 1 
0 42
0 45
0 89
1 5
1 35
1 44
1 54
2 46
2 56
2 63
2 84
2 93
3 5
3 79
3 97
4 21
4 23
4 88
5 87
6 11
6 80
6 84
7 14
7 35
7 44
7 77
8 96
9 10
9 18
9 50
10 60
10 71
11 33
11 98
12 16
12 20
12 37
12 57
14 17
14 22
14 54
14 62
14 89
15 38
16 27
16 51
16 86
17 44
18 72
18 94
19 61
20 41
20 51
21 30
21 31
21 43
21 58
22 77
22 80
23 43
23 81
23 94
24 33
24 96
25 46
25 59
25 82
26 28
26 59
26 67
28 63
29 34
29 92
30 49
32 52
32 67
32 70
33 71
33 84
33 95
34 61
34 68
35 51
35 87
36 47
36 74
36 79
36 80
36 83
37 50
38 51
38 64
38 72
39 79
40 52
40 87
40 90
41 57
41 78
42 65
42 98
43 90
43 91
44 76
45 60
45 65
46 55
46 71
47 70
47 84
48 84
49 88
49 92
50 52
50 79
50 97
53 65
55 63
55 82
56 88
57 59
57 99
59 78
60 96
61 70
61 92
62 96
64 69
64 97
65 66
65 85
66 98
67 90
68 70
68 73
70 80
70 84
70 90
71 90
73 84
73 96
74 79
75 77
78 82
79 87
84 95
86 94
87 96
87 97
88 94
