90 146
7 3 2 3 8 9 11 0 9 15 5 7 9 9 0 5 7 13 11 15 3 7 1 13 15 4 0 11 6 7 15 3 0 12 4 9 6 10 3 13 11 1 12 0 6 1 6 1 9 7 14 12 10 15 10 4 13 1 0 5 9 3 5 13 12 9 7 8 6 9 9 3 4 0 0 5 0 0 5 5 12 14 1 4 13 6 0 2 14 7 
0 47
1 61
1 79
2 28
2 58
2 83
2 84
3 4
3 28
3 39
3 58
3 82
3 83
4 19
4 33
4 42
5 14
5 57
6 28
6 68
6 82
6 83
7 11
7 50
7 51
7 65
8 53
9 24
9 35
9 77
10 22
10 25
10 29
10 34
11 30
11 57
12 17
12 43
12 59
12 66
12 76
12 81
12 83
12 87
12 88
13 28
13 79
14 16
14 45
14 56
15 16
16 17
16 32
16 85
16 88
17 26
17 63
17 83
18 35
18 47
18 56
18 67
19 31
20 64
20 73
20 75
21 32
23 36
23 85
24 43
25 50
25 71
25 77
25 86
26 52
26 66
26 83
26 85
27 50
27 76
28 83
30 34
30 81
31 42
31 54
31 58
31 66
33 46
35 42
35 77
35 83
36 52
37 48
38 55
38 78
40 75
41 83
42 67
43 75
44 80
45 89
46 55
46 75
47 50
47 73
47 85
48 67
49 54
49 67
50 51
50 58
50 74
50 79
52 71
52 77
53 54
53 58
53 61
53 82
53 83
54 55
54 68
56 60
57 62
57 83
60 85
62 82
64 85
64 89
66 80
66 83
69 72
69 88
70 81
71 89
73 74
73 87
74 78
74 88
75 78
79 82
80 85
80 88
82 83
82 87
87 88
