35 101
3 1 7 2 7 4 5 4 5 0 5 5 0 5 0 4 6 2 7 7 1 3 1 2 5 4 2 0 2 6 3 6 5 7 2 
0 2
0 11
0 15
1 3
1 4
1 6
1 11
1 14
1 20
1 27
1 29
2 19
2 22
2 27
2 34
3 7
3 10
3 16
3 18
3 26
3 27
3 28
3 29
3 31
4 9
4 11
4 32
5 17
5 19
5 24
5 25
5 27
6 10
6 14
6 17
6 20
6 21
6 27
6 29
7 9
7 12
7 13
7 14
7 21
7 23
7 27
7 30
7 33
8 11
8 12
9 12
9 13
9 18
9 24
9 26
9 28
9 33
9 34
10 18
10 21
10 27
10 29
11 13
11 19
11 33
12 13
12 17
12 26
13 18
13 26
13 32
13 33
14 15
14 20
14 23
14 32
15 16
15 20
15 24
15 26
15 33
16 20
16 26
16 32
16 33
17 26
18 27
18 30
19 22
19 23
20 33
22 32
22 33
22 34
23 24
24 34
25 27
25 29
27 29
27 31
28 32
