100 239
17 29 23 30 30 29 30 22 18 14 4 22 14 12 14 31 19 23 5 9 3 21 30 18 4 23 5 3 18 12 13 11 19 20 9 27 29 12 21 1 21 25 20 30 31 4 7 27 30 4 9 1 6 26 19 17 26 24 23 5 7 18 0 23 4 11 14 21 26 11 30 1 9 8 24 31 11 29 13 7 2 16 0 21 11 13 22 6 22 26 12 10 19 19 10 26 17 27 27 14 
0 1
0 17
0 79
0 83
0 99
1 10
1 19
1 27
1 47
1 80
1 82
2 7
2 44
2 94
3 30
3 78
4 11
4 31
4 61
4 67
5 24
5 50
5 64
5 89
5 98
6 14
6 32
6 68
6 79
7 15
7 45
7 52
7 87
7 94
8 17
8 36
8 73
8 79
8 91
9 14
9 26
9 63
9 68
9 97
10 49
10 77
10 79
11 23
11 34
11 61
11 62
12 14
12 17
12 22
12 23
12 53
12 72
12 75
12 77
12 81
13 23
13 33
13 58
13 59
13 97
14 51
14 73
14 74
14 88
15 31
15 32
15 76
16 38
16 50
16 64
17 27
17 40
17 41
17 84
18 24
18 51
18 59
18 79
18 83
19 30
19 48
19 49
19 97
20 33
20 65
20 74
20 77
21 26
21 68
21 82
21 92
22 38
22 50
22 90
23 40
23 48
23 58
24 28
24 31
24 94
24 98
25 81
25 95
26 34
26 46
26 64
27 28
27 36
27 67
27 80
28 62
28 65
28 66
28 72
28 83
28 92
29 37
29 38
29 64
29 98
30 33
30 38
30 51
30 81
30 98
31 59
31 77
31 87
33 41
33 69
33 94
33 95
34 90
34 95
35 82
35 90
36 59
36 60
36 68
36 77
36 82
37 39
37 44
37 53
37 63
37 65
37 85
38 53
38 56
40 55
40 57
40 67
40 96
40 99
41 51
41 55
41 61
42 52
42 59
42 73
42 79
42 88
43 51
43 53
43 67
43 81
43 85
43 86
44 87
44 91
44 97
45 55
45 61
45 62
45 67
45 76
46 58
46 59
46 64
47 54
47 62
47 67
48 75
48 76
48 81
51 60
51 70
52 78
54 72
55 70
55 88
59 76
61 84
61 95
62 93
63 73
63 81
63 91
64 68
65 66
65 98
66 83
66 85
66 87
66 99
67 74
68 73
70 85
70 92
70 96
70 99
71 74
71 81
72 77
75 84
76 77
76 88
77 78
77 89
77 90
78 83
78 86
78 87
79 88
79 91
80 87
81 89
87 92
87 94
89 91
89 92
91 94
92 94
92 98
