80 144
9 2 5 7 1 14 14 2 7 9 5 8 7 7 3 10 6 9 0 9 5 11 3 0 15 13 5 15 0 2 2 9 7 7 5 8 1 10 10 4 14 4 4 10 2 7 3 13 0 15 2 6 4 4 10 15 15 11 13 4 11 8 8 3 4 9 14 9 0 4 9 10 14 8 10 12 4 6 9 12 
0 21
0 50
1 12
1 20
1 75
2 28
2 51
3 11
3 25
3 49
4 21
4 74
5 34
5 60
6 17
6 18
6 30
7 27
7 47
7 52
8 12
8 14
8 32
8 50
8 58
8 65
9 23
9 27
9 28
10 38
11 20
11 22
11 70
12 50
12 57
12 64
13 32
13 46
13 52
13 74
14 24
14 56
14 78
15 23
16 49
17 76
18 21
18 51
18 55
19 26
19 59
19 72
20 23
20 28
20 59
21 23
21 38
21 42
21 54
21 65
22 23
22 27
22 28
22 76
23 27
23 28
23 29
23 38
23 40
23 46
23 65
23 70
24 40
24 75
24 78
25 54
25 75
26 44
26 60
26 65
27 49
27 61
27 70
28 64
29 51
30 33
30 44
30 45
30 59
30 66
31 39
32 39
33 42
33 56
33 68
34 35
34 46
34 49
34 55
34 58
34 72
35 38
35 52
35 54
36 62
37 39
37 45
37 52
38 46
38 47
38 73
39 43
41 46
41 67
41 77
41 79
42 44
42 54
42 63
42 73
44 53
46 60
46 65
48 70
49 54
49 65
50 56
50 76
51 70
51 74
52 64
53 57
53 78
57 67
57 71
57 78
61 79
62 64
62 67
65 72
67 71
68 79
69 70
71 73
