100 218
28 14 19 24 6 24 16 16 24 26 9 31 7 30 5 6 26 20 4 18 4 9 19 19 28 1 27 28 12 7 12 13 21 6 1 5 10 24 17 23 6 5 3 8 0 24 28 30 31 1 7 4 17 29 26 0 22 31 23 21 6 31 16 18 3 30 11 13 25 2 17 13 30 21 31 18 1 24 19 8 2 20 23 31 1 24 20 0 2 26 22 28 2 19 26 17 19 22 14 28 
0 5
0 15
0 35
0 39
0 47
0 65
0 79
0 99
1 4
1 25
1 26
1 53
1 91
2 5
2 15
2 24
2 60
2 75
2 88
2 94
3 36
3 40
3 89
4 13
4 89
5 15
5 20
5 35
6 33
6 34
6 79
6 80
6 84
6 95
7 15
7 37
7 45
7 49
8 36
8 52
8 80
8 89
9 55
10 23
10 90
11 30
11 49
11 72
11 89
12 46
12 64
12 96
13 46
13 65
13 84
13 96
14 35
14 48
14 77
15 33
15 35
15 51
15 58
15 79
16 27
16 33
16 66
17 34
17 64
17 91
18 23
18 33
18 92
19 25
19 36
19 50
19 51
19 83
20 25
20 41
20 47
20 79
20 83
21 35
21 93
22 35
22 53
23 45
23 46
23 72
23 91
25 43
25 48
26 51
27 72
27 77
28 48
28 84
28 85
29 47
29 74
29 86
30 35
30 47
30 69
30 74
30 79
30 93
31 44
31 61
31 66
32 72
33 42
33 45
33 54
33 62
33 67
33 72
33 79
33 82
33 91
34 35
34 67
34 78
35 49
35 53
35 79
36 59
37 53
37 55
37 59
38 48
38 60
38 71
38 99
39 43
39 54
39 56
39 71
39 77
40 51
40 92
41 61
41 90
43 52
43 56
43 76
44 59
44 60
45 71
46 60
46 68
47 56
47 57
47 79
48 49
48 57
48 77
49 60
49 94
50 52
51 81
52 53
52 75
52 99
53 95
54 89
54 95
55 62
55 66
55 67
55 75
56 62
56 70
57 80
60 64
62 74
62 82
63 93
63 95
64 83
64 94
65 84
66 75
66 93
67 70
68 93
69 85
70 72
70 78
70 80
71 99
72 78
72 79
72 84
72 98
73 88
73 96
73 98
75 81
76 89
77 97
77 99
78 80
78 81
78 84
78 96
79 84
79 85
79 86
80 84
82 91
85 87
86 94
88 89
88 98
91 97
92 98
