60 103
4 15 14 1 11 0 11 8 6 9 1 8 2 15 6 5 13 1 14 13 12 4 11 12 3 5 4 11 9 4 13 12 6 11 14 9 4 2 7 4 7 7 10 13 12 13 10 1 3 7 3 15 8 13 2 0 4 9 4 7 
0 6
0 42
0 48
0 57
1 11
1 31
1 32
2 13
2 34
2 40
2 44
3 12
3 31
3 40
4 14
4 20
4 31
4 52
5 8
5 28
5 53
6 53
7 10
7 17
7 29
7 32
7 33
7 38
8 23
8 24
8 42
9 18
9 24
9 34
9 46
9 56
10 20
11 17
11 20
12 44
12 59
14 17
15 53
16 27
16 51
17 25
17 35
17 37
18 20
18 21
18 29
18 33
18 44
18 58
19 38
20 40
21 40
21 41
21 42
22 29
22 35
23 43
24 44
24 47
25 26
25 39
25 58
26 44
27 30
27 45
28 53
29 45
29 55
30 38
30 42
31 40
31 51
32 45
35 42
35 50
36 37
36 39
36 46
36 52
37 38
37 48
37 53
38 55
38 57
40 44
42 44
43 46
44 54
44 55
44 57
45 47
46 47
47 55
47 58
47 59
49 57
52 55
53 57
