90 402
11 13 0 11 9 10 0 6 15 7 4 2 7 12 11 2 9 5 4 3 6 6 6 8 1 9 10 6 2 10 10 8 11 8 11 13 13 0 5 12 1 5 5 9 15 6 7 6 3 2 1 2 9 10 5 12 12 11 2 10 1 6 14 2 7 5 14 8 1 5 11 9 13 0 8 10 1 13 14 4 4 4 3 8 15 1 2 11 0 0 
0 12
0 21
0 29
0 32
0 35
0 53
0 62
0 66
0 80
1 13
1 14
1 17
1 28
1 44
1 47
1 61
1 71
1 83
2 5
2 21
2 64
2 75
3 6
3 11
3 35
3 43
3 44
3 52
3 54
3 62
3 72
3 74
3 77
3 79
4 23
4 37
4 47
4 48
4 54
4 55
4 58
4 63
4 74
4 78
4 81
4 83
4 88
5 22
5 29
5 42
5 49
5 66
5 83
6 24
6 34
6 70
7 19
7 59
7 63
8 14
8 19
8 33
8 34
8 35
8 56
8 62
8 66
8 72
8 75
8 77
8 82
9 18
9 20
9 25
9 27
9 40
9 41
9 45
9 49
9 58
9 59
9 63
9 64
9 83
10 16
10 33
10 41
10 54
10 74
10 78
10 88
11 23
11 24
11 25
11 26
11 45
11 48
11 53
11 61
11 62
11 81
11 88
12 32
12 39
12 43
12 60
12 61
12 85
13 29
13 32
13 45
13 47
13 49
13 61
13 70
13 89
14 28
14 31
14 35
14 45
14 56
14 59
14 88
15 22
15 23
15 46
15 57
15 69
15 79
16 27
16 37
16 48
16 51
16 52
16 66
16 72
16 74
17 21
17 34
17 35
17 57
17 61
17 64
17 76
18 20
18 25
18 31
18 36
18 40
18 41
18 50
18 51
18 54
18 64
18 88
19 20
19 27
19 36
19 39
19 44
19 52
19 60
19 69
20 26
20 35
20 44
20 54
20 57
20 88
21 40
21 51
21 72
21 78
22 31
22 38
22 39
22 43
22 61
22 65
22 69
23 26
23 34
23 42
23 48
23 50
23 63
23 68
23 78
23 81
23 84
23 88
24 26
24 31
24 33
24 42
24 45
24 49
24 53
24 57
24 62
24 70
24 72
24 73
24 81
25 35
25 36
25 40
25 46
25 49
25 50
25 58
25 64
26 30
26 40
26 45
26 53
26 57
26 81
26 88
27 75
27 79
27 82
27 87
28 48
29 32
29 44
29 60
29 70
30 35
30 37
30 41
30 55
30 67
30 78
31 33
31 36
31 38
31 50
31 53
31 54
31 57
31 73
31 78
32 63
32 74
32 81
33 36
33 45
33 50
33 51
33 53
33 54
33 57
33 60
33 63
33 75
34 87
35 43
35 46
35 56
35 75
35 84
36 48
36 50
36 54
36 57
36 64
36 77
37 48
37 59
37 82
38 56
39 54
39 59
39 73
39 77
39 79
39 84
40 49
40 50
40 58
40 64
40 77
40 82
40 83
40 89
41 71
41 81
41 89
42 47
42 65
42 70
42 74
43 46
43 57
43 64
43 75
43 78
43 80
44 51
44 72
44 76
45 53
45 57
45 71
45 81
45 88
46 55
46 64
47 59
48 60
48 63
48 65
48 78
48 81
48 83
48 88
49 58
49 63
49 64
49 78
49 83
50 54
50 55
50 64
51 57
51 68
51 69
51 77
51 79
51 82
52 55
52 63
52 67
52 70
52 75
52 76
52 77
53 54
53 57
53 58
53 60
53 67
53 68
53 76
53 86
54 57
54 59
54 60
54 64
54 79
55 61
55 64
55 72
55 84
55 86
56 69
56 84
56 86
57 61
57 68
57 83
57 87
58 59
58 63
58 78
58 83
59 85
60 64
60 73
61 66
61 68
61 72
62 65
62 81
62 86
63 77
63 78
63 80
63 83
63 84
64 69
64 81
65 85
66 79
67 69
67 72
69 82
70 76
71 85
72 84
72 88
74 86
76 77
76 79
78 83
78 88
80 84
81 84
81 88
85 89
86 87
