80 311
0 7 6 15 11 3 14 7 5 12 14 12 14 10 5 6 6 11 0 15 6 7 15 6 3 8 14 1 5 11 5 7 15 14 14 12 9 0 13 7 4 3 15 4 9 2 14 11 14 2 11 9 11 14 10 9 9 10 7 1 13 3 15 0 3 11 7 8 0 15 2 6 13 3 9 5 9 0 4 3 
0 33
0 44
0 61
1 5
1 37
1 46
1 48
1 54
1 59
1 75
2 12
2 16
2 26
2 31
2 70
2 72
3 5
3 8
3 24
3 26
3 29
3 33
3 48
3 68
3 71
3 73
3 75
4 11
4 29
4 33
4 38
4 41
5 12
5 13
5 39
5 48
6 7
6 14
6 18
6 43
6 47
6 52
6 58
6 73
7 11
7 14
7 26
7 31
7 47
7 57
7 66
7 76
8 34
8 36
8 65
8 70
9 33
9 34
9 49
9 54
9 71
9 72
9 78
9 79
10 12
10 20
10 26
10 30
10 32
10 33
10 40
10 50
10 71
10 75
10 79
11 30
11 44
11 56
11 65
11 73
12 29
12 40
12 65
12 77
13 14
13 15
13 28
13 29
13 46
13 51
13 57
13 63
13 73
13 74
13 75
14 25
14 48
14 60
15 18
15 46
15 65
16 30
16 33
16 54
17 20
17 42
17 44
17 48
17 54
17 57
18 19
18 27
18 41
18 42
19 21
19 38
19 45
19 53
19 56
19 57
20 22
20 27
21 35
21 36
21 40
21 45
21 48
21 58
21 61
21 71
21 74
22 28
22 33
22 40
22 44
22 49
23 39
23 40
23 63
24 27
24 28
24 37
24 43
24 50
24 64
24 67
24 72
25 34
25 44
25 53
25 66
25 74
26 27
26 58
26 61
26 71
26 74
27 35
27 58
27 59
27 63
27 72
27 75
27 77
28 30
28 47
28 51
28 60
28 67
29 34
29 50
29 59
29 61
29 65
29 75
30 35
30 46
30 47
30 49
30 55
30 56
30 70
30 75
31 47
32 61
32 77
33 45
33 61
33 64
33 65
33 78
34 49
34 56
34 61
34 69
35 43
35 54
35 57
35 77
36 41
36 62
36 63
36 64
36 72
36 77
37 39
37 40
37 47
37 55
37 56
37 57
37 71
37 75
38 41
38 50
38 56
38 59
38 68
38 71
38 73
38 79
39 45
39 50
39 63
39 69
40 54
40 68
40 76
40 78
41 59
42 51
42 53
42 71
43 45
43 48
43 69
44 45
44 59
44 73
44 74
45 62
45 71
45 72
45 79
46 47
46 51
46 58
46 59
46 60
46 64
47 50
47 52
47 54
47 70
47 71
47 73
47 74
48 62
48 74
48 77
48 79
49 52
49 55
49 57
49 63
49 70
49 76
50 62
51 63
51 66
52 57
52 75
53 66
53 72
53 75
53 78
54 55
54 56
54 67
54 75
54 77
54 79
55 63
55 74
56 69
56 70
57 62
57 79
58 67
58 79
59 66
60 61
60 72
60 77
61 63
61 74
62 69
62 70
62 73
62 79
63 68
63 71
64 73
64 75
64 79
65 71
65 74
65 78
66 79
70 72
74 78
