90 161
1 1 14 13 8 11 11 13 10 12 14 2 6 8 12 7 15 15 12 14 13 11 12 1 14 10 4 3 5 9 10 8 14 12 7 2 7 0 8 12 11 7 10 8 5 5 9 14 2 7 12 15 12 1 5 9 14 4 4 11 4 14 13 7 11 14 4 1 13 14 10 15 10 7 12 15 14 11 6 6 1 14 6 10 1 13 2 3 0 7 
0 38
0 50
0 85
1 18
1 47
1 69
2 15
2 23
2 33
2 61
2 63
2 83
3 20
3 58
3 70
3 82
4 29
4 58
4 74
5 6
5 47
5 54
5 57
5 69
5 71
6 89
7 13
7 52
7 77
7 87
8 14
8 15
8 16
8 57
8 60
8 69
9 15
10 22
10 35
10 50
10 85
10 88
11 37
11 46
12 54
12 64
13 25
13 37
13 78
13 80
14 81
15 21
15 29
15 51
16 65
17 35
17 67
17 77
18 51
18 64
19 56
19 58
19 70
19 74
19 75
20 24
20 34
20 46
20 48
21 55
22 33
22 34
22 42
22 43
22 55
23 33
23 51
23 83
24 32
24 59
24 62
25 40
25 56
25 70
25 72
25 87
26 52
26 85
27 50
27 68
27 85
28 57
28 79
29 45
29 60
29 61
30 39
30 68
30 78
30 85
31 42
31 74
32 63
33 42
34 58
34 59
35 41
35 45
35 55
35 60
36 39
36 59
36 76
38 39
38 47
39 45
39 61
40 42
40 67
41 72
41 76
42 43
43 50
43 59
44 66
44 87
45 85
46 62
46 73
46 82
47 84
49 68
49 74
49 79
51 69
51 83
52 66
52 78
53 56
54 56
54 84
54 87
55 58
55 75
56 57
57 75
60 63
60 72
60 75
61 71
61 76
63 70
64 83
65 86
66 84
66 87
68 74
70 80
73 85
80 82
84 88
