35 100
7 3 2 7 3 5 2 2 6 3 4 7 6 4 0 7 2 2 4 0 1 2 0 4 2 1 1 2 4 1 5 2 0 3 2 
0 9
0 11
0 16
0 17
0 23
0 24
1 3
1 4
1 18
1 20
1 34
2 4
2 7
2 8
2 16
2 19
2 21
2 23
2 29
2 31
2 34
3 12
3 13
3 33
4 5
4 7
4 13
4 16
4 19
5 10
5 12
5 30
6 7
6 27
7 8
7 14
7 16
7 26
8 15
8 19
8 23
8 25
8 26
8 30
9 13
9 19
9 27
9 28
9 30
10 16
10 17
10 18
10 22
10 24
10 28
10 33
11 13
11 32
12 14
12 33
13 16
13 18
13 27
14 19
14 20
14 26
14 30
15 22
15 31
15 32
16 19
16 22
16 23
16 29
16 30
16 31
16 32
17 20
17 32
18 22
18 33
19 25
19 30
19 34
20 22
20 30
21 26
21 27
22 24
23 25
23 26
23 32
23 34
25 30
25 34
26 34
29 32
30 32
30 33
30 34
