35 207
1 0 1 1 3 1 1 6 4 2 3 7 5 1 4 6 1 2 2 1 6 7 3 7 7 4 2 4 6 1 3 6 2 2 7 
0 1
0 2
0 3
0 12
0 16
0 17
0 21
0 25
0 27
0 29
0 31
0 33
0 34
1 2
1 3
1 8
1 10
1 11
1 13
1 16
1 18
1 21
1 25
1 28
1 31
1 32
1 34
2 3
2 4
2 9
2 10
2 11
2 14
2 15
2 17
2 20
2 21
2 30
2 31
2 34
3 4
3 7
3 9
3 10
3 11
3 17
3 25
3 26
3 31
4 5
4 7
4 10
4 11
4 12
4 15
4 20
4 22
4 23
4 25
4 26
4 30
4 31
5 8
5 10
5 11
5 15
5 17
5 19
5 21
5 23
5 24
5 29
5 32
5 34
6 7
6 8
6 11
6 12
6 13
6 16
6 18
6 19
6 21
6 27
6 29
6 30
6 31
6 32
6 33
7 8
7 9
7 13
7 15
7 16
7 24
7 26
7 28
7 33
7 34
8 11
8 20
8 22
8 23
8 24
8 32
8 33
9 11
9 14
9 15
9 17
9 18
9 19
9 23
9 26
9 28
9 29
9 30
9 32
9 33
10 11
10 12
10 24
10 26
10 27
10 33
11 12
11 16
11 19
11 22
11 26
12 13
12 18
12 19
12 22
12 25
12 27
12 28
12 29
12 31
12 32
12 34
13 14
13 15
13 18
13 23
13 27
13 30
13 31
13 34
14 18
14 28
14 30
15 16
15 19
15 20
15 21
15 22
15 27
15 28
15 30
16 17
16 21
16 22
16 23
16 24
16 25
16 27
17 18
17 23
17 27
17 34
18 24
18 26
18 31
19 26
19 29
19 31
19 33
19 34
20 21
20 23
20 26
20 33
21 23
21 25
21 27
21 34
22 27
22 34
24 25
24 27
24 33
25 26
25 27
25 32
26 28
26 29
26 30
26 32
26 33
27 30
27 33
28 30
29 32
30 33
31 33
32 33
