90 400
0 9 8 15 2 11 12 0 6 2 13 4 12 11 5 15 7 1 9 4 12 10 15 8 6 14 7 6 6 2 15 5 9 6 12 0 9 9 0 10 1 14 7 1 7 11 1 9 2 0 2 8 2 15 9 4 6 14 3 4 10 15 8 1 6 11 12 7 5 6 13 13 10 2 2 3 11 10 5 5 1 2 14 11 9 5 7 13 4 14 
0 5
0 10
0 15
0 18
0 25
0 39
0 44
0 46
0 51
0 57
0 58
1 4
1 11
1 21
1 59
1 62
1 70
1 77
1 78
1 85
1 87
2 8
2 16
2 21
2 39
2 53
2 54
2 62
3 9
3 10
3 22
3 27
3 55
3 83
3 84
3 89
4 7
4 12
4 24
4 53
4 55
4 60
4 62
4 67
4 73
4 77
4 85
5 10
5 14
5 25
5 38
5 39
5 46
5 56
5 87
6 11
6 13
6 15
6 16
6 18
6 21
6 29
6 49
6 53
6 54
6 57
6 61
6 64
7 17
7 23
7 24
7 28
7 34
7 72
7 73
7 77
7 78
7 87
8 16
8 21
8 54
8 55
8 61
8 65
8 71
8 74
8 85
9 21
9 33
9 42
9 52
9 55
9 56
9 62
9 70
9 78
9 83
9 89
10 18
10 23
10 25
10 30
10 34
10 50
10 55
10 83
11 13
11 21
11 33
11 50
11 53
11 54
11 59
11 76
12 22
12 29
12 32
12 47
12 74
12 82
12 83
13 16
13 17
13 25
13 30
13 43
13 50
13 53
13 54
13 58
13 60
13 62
13 73
13 78
13 85
14 22
14 37
15 16
15 17
15 20
15 21
15 22
15 38
15 42
15 51
15 61
15 64
15 66
15 71
15 81
16 21
16 61
16 76
16 78
16 81
16 83
16 89
17 28
17 38
17 51
18 19
18 26
18 35
18 39
18 46
18 63
18 66
18 87
19 22
19 56
19 67
19 71
19 79
19 86
20 45
20 48
20 56
20 61
20 68
20 72
21 34
21 53
21 81
22 43
22 44
22 56
22 57
22 71
22 76
22 85
22 89
23 24
23 25
23 26
23 28
23 38
23 51
23 55
23 64
23 73
23 82
24 28
24 38
24 51
24 60
24 64
24 66
24 67
24 82
25 30
25 34
25 39
25 50
25 58
25 65
25 76
25 88
26 46
26 57
26 63
26 81
26 82
26 84
27 36
27 45
27 65
28 38
28 43
28 44
28 45
28 50
28 52
28 58
28 60
28 64
28 73
28 77
29 31
29 40
29 59
29 63
29 81
30 34
30 39
30 41
30 50
30 52
30 60
30 73
30 75
30 86
31 36
31 37
31 60
31 75
32 40
32 45
32 50
32 54
32 60
32 65
32 82
33 55
33 80
34 50
34 53
34 54
34 78
34 84
35 36
35 47
35 51
35 67
35 68
35 81
35 87
36 42
36 47
36 62
36 67
37 43
37 67
37 73
37 75
37 87
38 51
38 52
38 64
38 65
38 66
38 71
39 51
39 63
39 64
39 67
40 43
40 61
40 66
40 70
40 73
41 43
41 45
41 54
42 86
43 87
43 89
44 45
44 58
45 46
45 47
45 48
45 67
46 57
46 59
46 63
46 68
46 71
46 78
47 52
48 51
48 75
49 59
49 66
49 76
49 86
49 87
49 88
50 54
50 79
51 64
51 66
51 71
51 86
52 88
53 54
53 62
53 63
54 59
54 71
54 72
54 81
55 56
55 68
55 69
55 70
57 59
57 61
57 63
57 65
57 83
58 75
58 85
59 62
59 65
59 66
59 85
60 62
60 73
60 77
61 66
61 70
61 71
61 74
61 77
61 81
61 85
61 87
62 68
62 72
62 78
62 85
63 78
63 87
64 66
64 89
65 74
65 79
66 71
66 81
67 72
68 72
68 82
69 85
69 87
70 85
71 81
72 73
72 77
73 77
74 78
74 80
74 81
76 82
77 85
78 84
78 85
79 82
80 83
80 84
85 88
