60 638
15 12 11 5 1 4 12 11 2 6 11 11 8 3 3 9 9 10 12 1 3 13 2 13 2 4 3 8 7 4 0 10 3 5 5 10 14 14 2 6 5 4 15 14 11 13 12 15 1 11 13 1 2 5 11 8 1 3 2 10 
0 1
0 2
0 3
0 4
0 5
0 14
0 21
0 23
0 26
0 27
0 28
0 29
0 33
0 34
0 42
0 43
0 46
0 47
0 48
0 51
0 54
0 55
0 57
1 3
1 4
1 5
1 7
1 8
1 13
1 14
1 18
1 19
1 21
1 22
1 25
1 26
1 28
1 30
1 32
1 33
1 36
1 37
1 39
1 42
1 53
1 54
1 55
1 56
1 58
2 3
2 4
2 12
2 19
2 21
2 24
2 26
2 27
2 29
2 31
2 32
2 36
2 38
2 43
2 44
2 45
2 46
2 54
2 56
2 59
3 11
3 13
3 23
3 24
3 25
3 27
3 28
3 30
3 33
3 35
3 40
3 43
3 44
3 45
3 48
3 53
3 56
3 57
3 59
4 5
4 6
4 7
4 9
4 20
4 23
4 24
4 31
4 32
4 33
4 37
4 38
4 42
4 45
4 46
4 49
4 51
4 52
4 53
4 54
4 56
4 57
5 15
5 17
5 36
5 37
5 39
5 41
5 42
5 43
5 45
5 49
5 53
5 54
5 55
5 59
6 8
6 12
6 15
6 19
6 20
6 21
6 22
6 25
6 29
6 32
6 33
6 35
6 37
6 38
6 39
6 43
6 45
6 49
6 51
6 57
6 58
7 10
7 11
7 15
7 16
7 21
7 22
7 26
7 33
7 38
7 46
7 47
7 49
7 50
7 54
7 57
7 59
8 15
8 17
8 18
8 19
8 32
8 33
8 34
8 37
8 47
8 49
8 50
8 56
8 58
8 59
9 16
9 20
9 25
9 27
9 29
9 30
9 33
9 40
9 43
9 44
9 45
9 46
9 47
9 57
10 17
10 19
10 20
10 26
10 30
10 36
10 41
10 42
10 45
10 49
10 51
10 53
10 54
10 55
10 56
10 58
11 13
11 14
11 15
11 19
11 20
11 24
11 26
11 28
11 30
11 31
11 34
11 35
11 37
11 38
11 39
11 44
11 46
11 47
11 50
11 56
11 58
12 13
12 15
12 16
12 21
12 23
12 28
12 29
12 34
12 35
12 37
12 38
12 43
12 44
12 45
12 50
12 54
12 55
12 57
12 58
13 15
13 17
13 20
13 25
13 27
13 29
13 30
13 33
13 36
13 42
13 43
13 44
13 53
13 54
14 15
14 20
14 25
14 26
14 29
14 36
14 39
14 40
14 41
14 46
14 47
14 48
14 49
14 50
14 52
14 59
15 16
15 21
15 22
15 23
15 25
15 28
15 30
15 33
15 35
15 36
15 38
15 39
15 41
15 43
15 46
15 51
15 52
15 56
16 17
16 21
16 28
16 29
16 32
16 34
16 43
16 45
16 47
16 48
16 50
16 51
17 18
17 22
17 23
17 26
17 27
17 28
17 45
17 48
17 49
17 51
17 54
17 55
17 56
17 58
17 59
18 20
18 22
18 23
18 24
18 28
18 29
18 33
18 35
18 42
18 45
18 46
18 54
18 56
18 57
18 58
18 59
19 22
19 30
19 34
19 36
19 38
19 43
19 50
19 51
19 53
19 54
19 56
19 57
20 21
20 24
20 26
20 27
20 28
20 29
20 31
20 34
20 36
20 39
20 41
20 42
20 43
20 45
20 51
20 57
20 59
21 25
21 29
21 31
21 33
21 35
21 39
21 42
21 44
21 45
21 46
21 47
21 51
21 55
21 56
21 58
22 24
22 25
22 28
22 37
22 38
22 40
22 44
22 46
22 48
22 52
22 53
22 54
22 56
22 57
22 59
23 26
23 28
23 30
23 34
23 37
23 39
23 41
23 43
23 44
23 46
23 50
23 52
23 55
24 25
24 26
24 27
24 29
24 30
24 32
24 38
24 41
24 44
24 46
24 48
24 49
24 51
24 52
24 53
24 58
24 59
25 26
25 30
25 33
25 37
25 41
25 44
25 45
25 47
25 52
25 53
25 56
26 29
26 30
26 32
26 40
26 41
26 42
26 44
26 46
26 47
26 48
26 58
27 31
27 33
27 39
27 40
27 42
27 43
27 44
27 49
27 51
27 55
27 57
28 32
28 33
28 34
28 35
28 36
28 37
28 39
28 40
28 42
28 43
28 44
28 45
28 46
28 47
28 48
28 49
28 51
28 54
28 59
29 32
29 33
29 39
29 49
29 51
29 52
29 54
29 57
29 58
30 32
30 34
30 36
30 37
30 39
30 40
30 41
30 50
30 51
30 52
30 55
30 57
31 33
31 34
31 36
31 41
31 42
31 43
31 44
31 46
31 48
31 49
31 56
31 57
31 58
32 33
32 35
32 40
32 42
32 43
32 47
32 50
32 52
33 34
33 35
33 39
33 42
33 46
33 47
33 48
33 50
33 51
34 35
34 37
34 38
34 39
34 41
34 42
34 47
34 49
34 50
34 51
34 56
34 57
35 37
35 39
35 40
35 43
35 45
35 57
36 37
36 40
36 44
36 46
36 48
36 53
36 55
36 59
37 41
37 49
37 50
37 51
37 52
37 59
38 40
38 45
38 47
38 50
38 54
38 56
38 58
38 59
39 43
39 44
39 48
39 52
39 54
39 55
39 56
39 58
39 59
40 41
40 52
40 56
40 58
40 59
41 42
41 44
41 45
41 49
41 52
41 53
41 55
42 46
42 47
42 48
42 51
42 53
42 54
42 55
43 44
43 48
43 55
43 56
43 57
44 45
44 48
44 51
44 55
44 56
44 57
45 47
45 55
46 47
46 48
47 48
47 59
48 52
49 50
49 51
49 53
49 55
49 56
49 57
49 58
50 52
50 59
51 55
51 59
52 53
52 59
53 54
53 56
53 58
54 56
54 57
54 58
54 59
55 57
55 59
57 58
57 59
