80 146
8 10 10 6 3 1 1 9 13 5 12 14 8 0 4 1 9 1 5 1 12 14 11 2 4 3 0 10 0 12 5 8 12 13 12 3 15 2 4 12 12 9 3 11 11 12 6 14 13 4 11 4 5 3 2 6 15 15 9 15 3 1 3 9 15 12 8 12 6 8 8 12 10 7 11 15 5 11 5 13 
0 15
0 43
0 48
0 68
1 55
1 74
2 37
2 47
3 16
3 41
4 7
4 46
4 50
5 9
5 16
5 51
5 70
5 77
6 18
7 53
8 30
8 35
8 48
8 56
9 13
9 33
10 31
10 44
10 59
11 26
12 18
12 23
12 28
12 41
12 78
13 22
13 29
13 32
13 51
13 52
13 55
13 74
14 25
14 37
14 61
14 67
14 70
14 72
14 79
15 65
15 69
15 74
16 26
16 43
16 68
17 28
17 31
17 52
17 61
17 72
17 74
18 21
18 49
18 54
18 71
19 28
19 38
19 46
19 61
19 72
20 26
21 22
21 47
22 26
22 33
22 70
23 43
24 25
24 28
24 31
24 40
24 44
24 46
24 57
25 52
25 61
25 64
25 71
26 31
27 28
27 36
28 34
28 56
28 61
29 71
30 31
30 51
30 75
31 48
31 75
32 33
32 34
32 66
34 35
34 49
35 58
36 65
36 71
38 60
39 41
40 71
41 64
42 60
42 63
43 69
44 50
44 68
45 70
46 48
46 63
46 73
47 54
48 64
48 72
49 75
50 73
52 61
52 76
52 79
54 61
55 62
57 67
58 69
60 69
61 69
61 71
61 72
61 79
62 69
62 72
63 77
65 73
66 70
67 69
67 71
69 79
