70 103
12 5 11 2 0 13 11 1 10 10 6 7 2 10 8 6 2 1 14 9 12 7 6 0 3 10 7 8 6 3 8 15 13 12 1 11 10 12 10 10 5 8 12 6 8 8 11 0 10 15 8 3 1 6 4 15 6 7 5 8 13 15 0 1 13 12 12 1 1 10 
0 54
1 11
1 24
1 54
1 62
1 68
2 11
2 28
2 43
2 47
2 55
2 64
3 8
3 28
3 45
3 51
3 58
3 69
4 15
4 33
4 62
5 57
6 64
7 17
7 18
7 64
8 20
9 13
9 20
9 55
10 48
10 52
11 18
11 27
11 49
12 14
12 56
13 32
13 36
13 51
13 57
13 60
13 68
14 24
14 46
14 47
15 25
15 36
15 48
16 69
17 61
18 69
19 41
20 65
21 29
22 53
22 63
23 41
23 42
23 45
23 48
23 57
23 64
24 31
24 44
25 39
25 50
25 66
26 50
26 62
26 63
28 30
28 42
28 57
28 64
29 57
30 40
33 46
33 65
34 58
35 48
35 57
36 37
38 54
39 56
39 66
39 67
42 48
42 54
42 62
45 60
45 69
48 56
49 62
52 61
53 60
56 62
57 62
58 69
59 68
61 66
62 64
62 66
