80 172
1 13 8 10 13 10 15 2 3 9 11 6 12 8 7 15 1 7 8 9 14 11 0 10 2 4 13 14 12 3 3 8 5 6 12 0 4 4 5 14 6 11 6 8 3 7 9 14 13 6 1 5 9 10 4 4 15 7 3 5 13 7 3 8 9 6 13 3 1 7 7 3 10 5 5 6 2 1 3 0 
0 3
0 16
0 29
0 49
0 58
0 64
1 7
1 11
1 28
1 57
1 61
1 62
2 22
2 34
2 60
2 62
2 68
3 13
3 38
3 54
3 60
3 69
4 26
4 35
4 44
4 45
5 33
5 37
5 47
5 51
5 65
5 77
6 15
6 48
6 53
6 74
7 37
7 39
7 47
8 51
9 24
9 25
9 46
9 64
10 18
10 62
11 13
11 38
11 49
11 69
12 19
12 39
12 71
13 15
13 29
13 51
14 42
14 49
14 69
15 28
15 34
15 57
15 65
16 32
16 61
16 72
17 26
17 35
17 40
17 51
17 56
17 77
18 34
18 41
18 50
18 66
18 67
18 68
19 49
19 69
20 26
20 36
20 44
20 70
21 33
21 49
21 52
21 61
21 62
22 40
22 58
22 78
23 72
24 44
24 45
25 26
25 34
25 56
25 70
27 38
27 49
27 63
28 54
28 73
29 36
29 42
29 61
30 64
30 65
30 67
31 38
31 44
32 35
32 40
32 58
32 70
33 40
33 56
33 66
33 76
33 78
34 78
35 72
36 37
36 51
36 74
37 57
38 51
38 77
39 60
39 68
39 69
39 79
40 77
41 64
42 45
42 47
42 58
42 66
43 49
43 63
43 76
45 46
45 72
46 48
46 53
46 59
47 76
48 64
48 65
50 71
51 64
51 75
52 60
52 64
53 61
53 72
55 60
55 64
55 78
57 74
58 60
59 79
61 74
62 68
63 77
65 73
67 71
67 73
68 71
73 74
76 77
