35 146
7 7 5 7 6 6 2 0 4 0 0 6 0 1 3 5 2 0 5 4 1 4 0 0 7 2 0 2 4 0 5 7 5 6 3 
0 1
0 3
0 20
0 29
1 2
1 3
1 5
1 6
1 11
1 15
1 18
1 19
1 21
1 25
1 27
1 30
1 33
2 10
2 11
2 17
2 18
2 20
2 22
2 24
2 27
2 30
3 5
3 6
3 7
3 8
3 14
3 17
3 25
3 26
4 15
4 16
4 19
4 20
4 30
5 8
5 10
5 15
5 17
5 18
5 20
5 22
5 27
5 28
6 10
6 11
6 12
6 13
6 15
6 17
6 25
7 9
7 21
7 32
8 11
8 13
8 23
8 25
8 27
9 21
9 26
9 31
9 33
10 20
10 22
10 23
10 24
10 27
10 28
11 16
11 23
11 26
11 30
11 33
12 21
12 23
12 25
12 33
13 15
13 22
13 26
13 29
13 30
13 32
14 19
14 20
14 27
14 34
15 19
15 22
16 17
16 26
17 18
17 20
17 22
17 27
17 28
18 19
18 20
18 22
18 24
18 27
18 28
19 21
19 22
19 25
19 26
19 27
19 29
19 32
20 22
20 24
20 26
20 27
20 28
21 23
21 26
21 29
21 31
21 34
22 23
22 24
22 26
22 27
22 28
23 25
23 28
23 31
23 32
23 33
24 27
24 28
24 30
25 26
25 29
25 30
25 33
27 28
28 33
30 32
31 33
31 34
