100 150
5 24 15 13 15 19 22 26 3 10 5 2 12 5 25 15 28 1 22 2 10 2 8 5 27 15 29 0 23 21 10 13 26 26 8 19 31 30 27 6 20 9 23 9 31 30 12 24 29 29 3 17 26 27 16 10 15 10 3 29 27 29 1 9 19 21 2 16 24 16 0 0 30 19 29 0 30 2 19 8 4 17 10 18 16 11 29 30 5 9 4 20 29 12 25 13 28 0 22 29 
0 7
0 17
0 57
0 69
0 74
1 40
2 16
2 76
2 77
2 92
3 18
3 38
3 79
3 87
4 34
5 30
5 87
5 97
6 8
6 27
6 87
7 9
7 12
7 16
8 11
8 36
8 55
9 41
9 47
9 73
10 30
10 33
10 55
10 71
10 77
11 27
11 48
11 63
12 75
13 32
13 72
14 78
14 85
14 99
15 87
16 41
16 45
16 60
16 74
16 98
17 83
19 53
19 83
19 99
20 21
20 55
20 64
20 69
20 74
21 31
21 43
22 44
22 72
22 79
22 99
23 75
24 66
24 78
25 47
26 51
27 52
27 73
28 58
28 59
28 90
29 66
29 79
30 65
30 90
32 51
32 87
32 88
33 35
34 38
34 59
34 75
34 84
34 90
36 45
37 39
38 78
39 88
39 96
40 47
40 50
40 70
41 45
41 68
42 78
42 92
43 66
44 49
44 62
45 53
46 59
47 57
47 68
47 92
48 49
48 55
48 67
48 69
48 94
50 58
50 68
50 89
51 58
51 82
51 96
52 79
52 87
52 92
52 97
54 58
54 63
54 83
56 79
57 94
58 70
58 88
59 78
60 69
61 62
61 84
61 92
64 77
66 82
68 86
70 72
70 90
72 81
72 95
78 79
80 87
80 99
82 85
85 94
90 91
93 96
94 96
