80 141
3 10 2 15 9 15 12 3 1 11 12 6 3 4 6 10 4 11 14 13 8 11 5 1 3 0 2 6 10 7 11 4 8 1 14 2 12 3 0 15 6 14 1 5 12 14 6 0 5 7 9 12 5 6 4 14 9 8 15 6 1 0 13 5 6 14 9 4 3 11 15 8 14 2 13 8 10 11 3 7 
0 1
0 8
0 9
0 51
0 62
0 64
1 29
1 40
1 72
2 4
2 21
2 60
3 10
3 16
3 17
3 29
3 41
4 39
4 67
5 56
5 58
6 36
6 49
7 17
7 34
7 41
7 48
7 49
8 9
8 24
8 55
8 57
9 18
9 30
9 38
10 28
10 37
10 70
11 48
11 58
11 63
12 24
12 36
13 26
13 45
13 48
13 71
13 73
14 25
15 52
15 55
15 76
15 77
16 51
17 19
17 51
18 19
18 35
18 51
19 46
19 49
19 59
19 63
19 75
20 59
20 61
20 76
20 77
20 78
21 22
21 39
21 78
22 25
22 32
22 68
23 27
23 33
23 43
24 27
24 42
24 53
24 65
25 45
25 48
25 49
25 63
27 30
27 38
27 52
28 31
28 54
29 51
29 70
30 62
31 72
31 73
32 49
32 59
32 75
32 78
33 37
33 74
33 79
34 36
34 60
35 38
35 59
35 76
36 38
37 41
38 65
39 44
39 68
40 56
40 62
41 74
42 50
43 50
43 54
43 73
45 68
46 76
47 51
47 61
48 74
50 78
51 69
53 55
54 64
55 65
56 72
57 62
58 63
60 77
60 78
65 76
66 72
67 68
70 72
73 74
73 79
