35 99
1 6 3 4 0 1 1 5 7 7 4 4 6 4 4 3 0 0 4 4 2 3 5 7 4 2 2 7 3 2 4 1 6 7 2 
0 9
0 21
0 24
0 27
1 3
1 4
1 6
1 9
1 12
1 29
1 30
1 33
2 7
2 18
3 11
3 22
3 25
3 29
4 17
4 26
4 31
4 32
5 7
5 8
5 15
5 16
5 20
6 7
6 12
6 29
6 30
6 33
7 8
7 23
7 29
7 33
8 14
8 15
8 20
8 28
8 33
9 12
9 27
9 30
9 31
10 11
10 23
10 24
10 26
10 34
11 14
11 15
11 16
11 18
11 21
11 23
11 26
11 29
11 34
12 26
12 28
12 31
13 23
13 32
13 34
14 17
14 20
14 33
15 17
15 19
15 20
15 26
16 26
16 28
16 32
17 22
18 25
18 27
19 20
19 27
20 26
21 23
21 24
22 23
22 25
22 26
22 28
23 24
23 28
24 31
24 34
26 31
26 34
28 30
28 31
28 33
29 30
29 33
30 32
