60 143
14 12 0 7 3 3 3 0 13 4 0 13 8 12 13 2 4 3 6 4 5 3 2 1 0 10 5 7 12 0 0 5 1 5 4 14 15 15 3 7 15 2 12 0 1 3 12 15 15 0 14 13 0 7 15 1 3 15 0 2 
0 12
0 27
0 42
0 44
0 53
0 58
1 5
1 14
1 26
1 32
1 43
1 51
1 55
2 9
2 27
2 33
2 35
2 53
3 8
3 12
3 19
3 20
3 42
4 26
4 29
4 35
4 45
5 8
5 24
5 31
5 34
5 36
5 59
6 8
6 9
6 13
6 19
6 21
6 57
6 59
7 18
7 28
7 43
7 51
7 56
8 16
8 32
8 50
9 12
9 17
9 18
9 20
9 30
9 32
9 37
9 40
9 51
9 54
10 21
10 43
11 36
11 47
12 16
13 21
13 46
15 17
15 29
15 38
15 50
16 27
16 31
17 29
17 39
17 56
18 21
18 22
18 35
19 24
19 25
20 22
20 29
20 35
20 48
20 50
20 53
21 24
21 32
21 43
22 24
22 37
22 45
23 30
23 35
23 45
23 47
24 28
24 42
24 57
25 31
25 41
25 52
25 59
26 27
26 28
26 31
26 33
26 34
26 42
27 28
27 32
28 58
29 43
29 59
30 40
30 52
30 57
32 39
32 42
33 36
33 51
34 46
35 43
35 58
36 46
37 42
37 50
37 53
37 56
38 39
38 51
38 59
39 42
39 51
40 48
40 49
41 55
42 48
42 49
42 52
43 59
47 53
47 57
50 58
