80 235
6 14 7 12 6 13 11 0 1 14 14 1 8 8 7 0 3 9 7 10 4 2 7 10 14 7 10 0 6 3 12 9 14 4 2 2 8 6 8 4 13 7 15 6 6 2 9 0 11 11 8 2 0 8 4 11 3 2 0 0 13 4 2 4 10 10 1 1 2 9 9 5 11 7 0 9 15 1 14 9 
0 9
0 20
0 54
0 58
0 67
0 69
0 73
1 8
1 40
1 60
1 66
1 78
2 3
2 5
2 20
2 30
2 31
2 36
2 56
2 76
3 5
3 56
3 64
3 77
4 10
4 29
4 53
5 30
5 64
5 69
5 73
6 7
6 11
6 16
6 29
6 34
6 35
7 20
7 24
7 29
7 31
7 51
7 57
7 79
8 10
8 17
8 40
8 60
8 76
8 78
9 11
9 21
9 22
9 47
9 53
9 77
10 13
10 40
10 70
11 22
11 24
11 32
11 47
12 38
12 44
12 61
12 73
12 74
12 75
13 15
13 36
13 41
13 50
13 54
13 58
13 63
13 67
14 15
14 31
14 35
14 44
14 46
14 54
14 56
14 64
14 77
15 54
15 63
15 68
16 69
16 73
17 27
17 38
17 45
17 71
17 76
17 78
18 35
18 48
18 51
18 53
18 59
18 71
19 25
19 26
19 37
19 52
19 66
19 72
20 29
20 41
20 54
20 57
20 79
21 40
22 24
22 32
22 39
22 47
23 33
23 42
23 50
23 55
23 68
24 39
24 44
24 47
25 26
25 43
25 52
25 60
25 64
26 37
26 57
26 65
26 72
27 34
28 71
29 34
29 57
29 79
30 34
30 64
30 73
31 35
31 49
32 41
32 51
32 53
33 42
33 50
33 55
33 62
33 68
34 35
34 58
34 72
34 79
35 37
35 63
35 77
35 79
36 45
37 40
37 46
37 60
37 66
38 45
38 49
38 71
39 47
39 54
39 74
40 60
40 66
40 78
41 43
42 55
42 62
42 68
42 70
43 51
43 52
44 61
44 74
44 75
45 49
45 71
45 76
45 78
46 72
47 64
48 49
48 51
48 54
48 59
48 71
49 59
50 63
50 68
51 53
52 65
52 70
52 72
53 59
54 56
54 58
54 61
54 67
55 62
55 65
55 70
56 64
56 77
57 58
57 79
58 59
58 67
58 73
60 66
61 64
61 73
61 74
62 65
62 70
63 68
64 76
64 77
65 70
65 72
67 69
69 73
69 74
70 72
74 75
