100 108
25 17 9 16 23 12 27 12 5 9 14 17 5 28 24 0 10 30 22 18 13 7 1 16 10 18 19 1 10 25 15 7 27 22 7 30 30 3 25 18 3 29 2 25 2 7 19 2 22 9 9 7 8 14 4 7 27 0 25 15 22 2 0 12 25 13 14 5 3 29 16 19 6 2 3 24 21 30 4 29 16 7 17 8 19 24 16 3 12 25 7 31 22 29 10 15 5 14 21 18 
0 9
0 35
0 37
0 67
1 48
2 50
3 41
4 26
4 46
4 88
5 34
5 40
5 51
6 16
6 31
6 60
6 90
7 83
8 53
9 41
9 46
9 48
9 58
9 71
9 93
10 57
11 33
11 46
12 21
13 18
13 28
14 31
14 73
15 64
15 99
16 83
17 52
18 50
19 32
19 37
20 55
20 73
20 94
21 38
21 58
22 33
22 63
22 81
23 91
24 91
25 73
27 81
28 53
29 99
30 79
31 70
34 81
34 82
34 85
34 99
35 87
36 59
37 50
37 95
37 97
38 65
38 74
39 50
39 63
42 83
43 46
44 74
45 53
46 81
47 72
47 75
48 52
48 78
49 88
50 91
51 60
52 56
52 62
52 86
53 95
54 95
56 72
57 67
58 73
58 89
59 90
61 74
66 69
66 73
67 75
67 98
68 82
68 89
73 79
76 88
77 83
79 80
81 90
83 94
83 99
84 97
88 92
88 96
