80 170
14 3 7 0 14 0 5 3 7 3 0 13 5 2 8 12 2 7 3 7 14 9 8 5 2 14 6 0 0 15 4 15 4 10 1 4 2 5 15 10 11 12 13 9 14 1 2 3 10 13 12 11 12 2 5 13 8 9 1 9 10 4 15 10 1 2 9 12 11 8 9 3 6 2 8 12 0 14 8 7 
0 7
0 24
0 31
0 41
0 42
1 5
1 14
1 60
1 68
1 76
2 7
2 41
2 62
3 16
3 30
3 43
3 61
3 71
3 72
4 23
4 31
4 35
4 43
4 66
5 33
5 47
5 57
6 57
6 67
6 71
7 53
7 67
7 75
8 12
8 35
8 36
8 65
8 74
9 26
9 32
10 19
10 27
10 37
10 40
11 18
11 19
11 45
12 17
12 26
12 29
12 51
13 20
13 27
13 40
13 64
14 21
14 42
14 59
15 21
15 24
15 36
15 39
15 42
15 45
15 54
16 17
16 22
16 23
16 37
16 77
17 24
17 36
17 54
17 69
18 58
18 66
19 58
19 73
20 54
21 30
21 34
21 54
21 59
22 43
22 58
22 66
23 30
23 50
23 52
23 54
24 53
24 79
25 58
26 29
26 47
26 51
26 65
26 72
26 79
27 52
27 73
28 52
28 54
28 67
29 38
29 51
29 65
29 69
30 51
30 59
31 44
31 46
32 43
32 56
32 79
33 68
33 78
34 36
35 64
36 54
37 50
37 58
38 40
38 41
39 59
39 75
40 50
40 68
40 70
41 68
41 78
42 63
42 68
43 46
44 49
44 55
44 72
45 50
45 73
46 49
46 51
46 61
46 69
48 68
49 67
49 71
50 71
50 74
51 77
52 57
53 69
54 62
54 74
55 71
56 74
57 63
57 76
59 61
59 76
60 64
60 65
60 79
61 67
62 78
64 70
65 70
66 68
67 76
70 74
77 79
