35 112
0 4 7 0 1 6 4 6 2 5 0 0 2 6 1 1 3 5 2 3 1 0 6 1 1 2 6 6 6 6 0 0 6 5 1 
0 3
0 7
0 9
0 10
0 11
0 12
0 15
0 23
0 31
1 3
1 6
2 4
2 8
2 29
3 10
3 13
3 20
3 27
3 31
3 32
4 6
4 8
4 11
4 12
4 13
4 17
4 18
4 19
4 24
4 29
5 7
5 8
5 10
5 14
5 24
5 27
5 30
6 10
6 15
6 20
6 21
6 30
6 33
7 8
7 9
7 14
7 15
7 16
8 19
8 21
8 23
8 26
8 28
8 34
9 14
9 15
9 19
9 22
9 30
10 11
10 15
10 18
10 34
11 15
11 20
11 27
11 34
12 15
12 16
12 19
12 23
13 16
13 22
13 31
14 22
14 23
14 27
14 34
15 16
15 17
15 28
15 33
16 17
16 20
16 27
16 28
17 19
17 29
17 33
18 22
18 23
18 33
18 34
19 20
19 21
19 33
20 25
20 31
21 34
23 28
24 26
24 29
24 32
24 34
25 28
25 34
26 29
28 30
29 30
29 32
29 34
32 33
