70 206
14 14 1 1 0 12 4 8 10 0 8 4 13 3 0 13 3 15 5 1 6 14 2 10 10 15 3 7 15 15 7 2 15 12 5 3 4 0 15 13 13 13 3 9 1 12 4 6 14 13 10 4 0 8 5 0 10 11 5 0 8 6 9 3 9 3 5 3 13 12 
0 2
0 5
0 9
0 12
0 35
0 44
0 46
0 48
0 54
1 3
1 31
1 36
1 57
2 9
2 19
2 46
2 53
2 63
3 30
3 31
3 32
3 42
3 43
3 47
3 50
3 57
4 16
4 18
4 36
5 18
5 25
5 26
5 47
5 50
5 60
5 62
5 64
6 7
6 13
6 37
6 39
6 60
6 61
7 19
7 23
7 28
7 37
7 39
7 66
8 32
8 44
8 50
8 56
8 67
9 10
9 11
9 12
9 21
9 22
9 48
9 60
10 44
10 46
11 13
11 20
11 63
11 68
12 21
13 33
13 39
13 45
13 61
13 63
14 20
14 57
15 36
15 38
15 62
15 64
16 45
16 55
16 68
17 46
17 47
17 51
17 54
17 59
18 55
18 58
18 65
19 27
19 45
19 52
19 56
20 25
20 44
21 29
21 41
21 52
22 26
22 27
22 29
22 31
22 40
22 60
22 65
23 37
23 45
23 49
23 53
23 66
24 25
24 46
24 51
24 68
25 61
26 41
26 43
26 51
26 60
26 62
27 31
27 37
27 38
27 52
27 56
27 65
27 69
28 41
28 58
28 62
29 47
29 69
30 31
30 40
30 51
30 56
30 60
31 40
31 54
31 56
31 60
31 69
32 38
32 42
32 44
32 57
32 59
32 67
33 39
33 45
33 52
34 39
34 42
34 48
34 54
34 62
35 68
36 45
36 65
37 53
37 66
37 69
38 41
38 51
39 49
39 50
39 57
39 61
39 69
40 43
40 48
40 51
40 60
40 63
41 56
41 57
41 64
42 58
43 51
43 60
43 62
44 64
45 52
45 63
45 65
46 53
46 54
46 66
47 55
48 54
48 63
49 61
51 53
51 60
51 62
52 63
52 65
52 69
53 66
55 59
56 65
58 60
60 63
61 63
63 68
