70 202
6 9 12 5 7 8 4 0 11 12 4 12 12 12 14 3 14 9 6 7 12 11 1 7 13 1 14 2 2 13 12 10 10 6 13 12 11 2 5 8 4 1 13 2 12 15 4 11 14 6 2 9 2 4 6 15 12 7 5 1 11 2 15 3 7 14 14 10 10 2 
0 19
0 35
1 6
1 12
1 23
1 33
1 49
1 53
1 55
1 56
1 68
1 69
2 16
2 18
2 33
2 40
2 45
2 47
2 62
3 18
3 29
3 31
3 43
3 44
3 51
3 66
3 68
4 14
4 37
4 60
4 68
5 32
5 33
5 54
5 59
5 67
6 26
6 67
7 16
7 37
7 42
7 48
7 68
8 33
8 34
8 38
8 40
8 52
8 55
9 11
9 19
9 20
9 28
9 39
9 50
9 68
9 69
10 14
10 22
10 25
10 29
10 30
10 58
10 59
10 60
11 13
11 55
11 64
12 21
12 24
12 40
12 46
12 47
12 55
13 33
13 35
14 29
14 41
14 46
14 47
14 50
14 52
14 59
14 60
14 63
15 26
15 41
15 44
15 50
15 62
15 65
16 48
16 54
17 37
17 40
17 60
18 39
18 44
18 61
18 68
19 23
19 30
19 39
19 48
19 52
19 62
20 21
20 29
20 32
20 36
20 42
20 52
20 64
21 23
21 64
22 32
22 33
22 54
23 32
23 40
23 43
23 60
23 64
24 30
26 47
26 58
26 69
27 28
27 32
27 36
27 45
27 51
27 57
28 33
28 34
28 63
29 32
29 41
30 53
31 43
31 44
31 53
31 61
31 68
32 34
32 46
32 52
33 36
33 42
34 61
34 69
35 41
35 42
35 45
35 53
35 66
36 51
37 38
37 47
37 63
37 67
38 51
38 58
39 45
39 48
39 52
40 51
40 54
40 63
41 42
41 44
41 59
41 60
42 48
42 53
43 44
43 45
43 59
43 61
43 68
44 51
44 59
44 61
45 57
45 69
46 64
47 57
48 49
49 50
49 69
51 57
51 67
53 58
53 63
58 68
59 68
61 67
61 68
62 63
62 67
63 66
65 68
