60 134
5 15 13 5 4 11 6 14 10 8 9 8 14 6 8 9 4 15 3 1 14 12 12 10 7 2 13 15 0 12 3 14 13 3 1 14 8 12 7 7 4 5 13 1 8 1 2 0 4 14 1 7 13 2 2 9 12 7 5 0 
0 19
0 23
0 29
1 8
1 26
1 30
1 55
2 11
2 15
2 20
2 22
2 38
2 43
3 9
3 15
3 37
3 43
4 7
4 16
4 25
4 26
4 51
5 17
5 43
6 20
6 36
6 45
6 47
6 55
7 18
7 37
7 53
8 15
8 43
8 47
8 52
9 32
9 42
10 36
10 51
11 13
11 28
11 45
12 13
12 14
12 23
12 34
12 45
12 48
12 49
13 20
13 22
13 40
13 50
14 18
14 29
14 53
15 28
15 58
16 18
16 47
16 52
17 18
17 31
17 36
17 55
18 34
18 35
19 41
19 52
20 24
20 25
20 56
21 25
21 34
21 38
22 32
22 34
22 58
24 36
25 27
25 36
26 41
27 35
27 57
28 32
29 35
29 45
29 49
30 46
30 53
30 54
31 36
31 43
31 53
32 37
32 40
32 44
33 34
33 35
34 37
34 43
34 47
35 43
35 52
36 42
36 44
36 49
37 48
37 51
37 56
37 57
38 59
39 40
39 59
40 48
41 47
41 59
42 44
43 45
43 54
44 51
44 57
44 58
45 46
47 51
47 58
48 53
48 54
49 52
49 54
51 56
54 56
56 57
