90 195
8 9 3 3 12 11 0 3 15 1 10 6 6 2 6 6 8 12 6 5 1 12 0 5 4 9 10 2 0 0 2 15 0 6 3 13 6 14 9 3 7 6 5 0 10 8 10 8 10 8 5 5 7 10 0 5 2 14 12 14 11 4 4 10 6 12 2 0 9 10 7 0 7 15 4 11 1 13 9 6 2 6 15 5 5 1 0 3 5 7 
0 9
0 20
0 55
0 65
0 88
1 5
1 32
1 56
1 59
1 63
1 67
2 4
2 14
2 20
2 70
3 11
3 19
3 38
3 50
3 83
4 38
4 58
4 85
5 22
5 46
5 54
5 89
6 12
6 30
6 79
7 18
7 23
7 66
7 68
8 15
8 34
8 37
8 59
8 68
9 18
9 25
9 65
9 69
10 17
10 23
10 44
10 60
10 73
11 21
11 26
11 28
11 39
11 79
11 80
12 45
12 61
12 62
12 63
13 22
13 49
13 53
13 57
14 22
14 38
14 43
14 50
15 24
15 40
15 46
15 89
16 65
16 84
16 87
16 89
17 32
17 69
17 72
17 77
18 34
18 55
18 69
18 80
19 21
19 56
19 62
19 63
20 52
20 74
20 76
20 81
20 84
21 40
21 72
21 77
21 82
22 57
22 86
23 55
23 72
24 45
24 56
24 59
25 65
25 87
26 40
26 56
26 61
26 77
27 59
27 75
28 41
29 33
29 53
29 71
30 42
30 62
31 47
31 51
31 58
31 64
32 44
32 45
32 60
33 51
34 52
34 76
34 89
35 40
35 47
35 82
36 40
37 44
37 73
37 76
38 41
39 40
39 47
41 58
41 64
41 83
42 64
42 83
43 45
43 53
43 62
43 70
43 86
44 59
44 80
45 46
45 50
45 69
46 49
46 86
47 49
48 71
49 70
49 86
50 56
51 52
51 74
51 78
52 71
53 57
53 70
53 75
54 57
54 68
54 71
55 73
57 67
60 61
60 63
60 77
61 79
62 66
62 69
62 83
65 81
66 72
66 82
67 68
67 75
68 78
69 70
71 78
71 89
72 78
73 88
74 84
76 81
76 88
78 80
81 84
81 88
