90 196
11 7 8 5 1 4 6 4 2 11 11 5 13 7 2 1 12 5 15 15 10 6 3 1 13 9 15 5 13 3 4 7 11 9 8 9 12 3 8 9 2 9 3 1 15 8 1 4 3 5 5 7 14 2 12 6 9 8 1 5 7 14 6 2 13 9 13 11 13 9 10 10 3 14 14 8 10 3 1 1 15 5 4 13 8 4 6 0 11 4 
0 12
0 15
0 22
0 24
0 39
0 88
1 6
1 44
1 51
1 57
1 60
1 67
2 9
2 10
2 53
2 72
2 73
2 87
3 53
4 10
4 11
4 62
4 65
4 73
4 83
5 23
5 41
5 47
5 86
6 10
6 13
6 19
6 31
6 53
6 61
6 79
7 17
7 19
7 49
8 13
8 34
8 76
9 28
10 14
10 49
10 64
10 66
11 37
11 49
11 56
11 65
11 74
12 22
12 45
12 46
13 28
13 34
13 51
13 55
13 66
14 22
14 28
14 45
14 51
14 61
15 39
16 55
16 63
16 66
16 81
16 89
17 25
17 33
17 36
17 45
17 46
17 82
18 21
18 29
18 77
19 28
19 41
19 47
19 66
20 26
20 45
20 51
20 58
20 60
20 82
21 54
21 61
22 36
22 85
22 88
23 40
23 85
24 38
24 46
24 63
24 67
24 85
25 30
25 32
25 72
26 57
26 77
27 52
27 53
27 56
27 77
27 87
28 36
29 41
29 73
30 47
30 75
30 78
30 86
31 70
31 76
32 38
32 42
33 44
33 50
33 81
34 68
35 39
35 54
35 72
35 81
36 47
36 68
36 70
36 75
36 81
37 69
37 72
38 44
38 60
38 62
38 67
39 66
39 75
40 41
40 56
40 79
41 53
41 69
41 83
42 88
43 65
43 81
43 85
44 77
44 84
46 48
46 58
47 88
50 85
51 76
52 75
52 82
53 67
53 89
54 64
54 72
54 81
55 58
56 80
56 83
57 60
58 68
59 70
59 82
60 71
62 71
62 84
63 64
63 66
64 84
65 70
65 73
65 80
66 79
66 83
67 77
70 85
71 82
72 83
73 81
75 88
78 89
81 87
85 86
85 88
