35 110
0 0 0 1 1 6 6 5 2 0 5 6 0 2 3 3 0 6 6 7 0 6 5 6 2 1 4 4 6 4 1 1 6 1 0 
0 4
0 6
0 18
0 29
1 2
1 4
1 7
1 24
1 25
1 32
2 7
2 19
2 26
2 29
2 31
3 8
3 10
3 21
3 22
3 25
3 28
4 9
4 19
4 20
4 30
4 31
5 8
5 10
5 15
5 20
5 21
5 27
5 31
6 8
6 14
6 16
6 18
6 20
7 9
7 18
7 23
7 25
8 10
8 15
8 19
9 13
9 19
9 29
9 31
10 14
10 30
11 15
11 19
11 22
11 24
11 34
12 17
12 30
12 31
13 17
13 20
13 22
13 24
13 27
13 34
14 15
14 20
14 21
14 27
15 16
15 17
15 29
15 30
15 34
16 17
16 18
16 21
17 26
18 19
18 21
18 23
18 34
19 20
19 21
19 23
20 24
20 25
20 26
20 28
20 33
21 26
21 29
22 32
23 26
23 33
24 27
24 28
24 29
24 32
25 33
25 34
26 27
27 29
27 32
27 33
28 31
29 33
30 33
31 33
32 34
