80 156
13 9 10 5 15 15 14 5 15 9 0 1 14 0 4 2 13 15 0 3 14 4 14 4 4 14 14 1 8 7 5 1 0 5 7 3 10 1 1 4 11 11 6 12 0 10 14 9 0 3 11 4 4 0 10 15 11 0 14 12 5 12 4 11 14 12 12 7 8 0 7 8 8 1 4 14 1 15 14 0 
0 17
0 19
0 30
1 73
1 79
2 8
2 21
2 35
2 52
2 59
2 60
3 8
3 12
3 24
3 54
3 70
4 9
4 16
4 17
4 23
4 26
4 43
4 65
5 25
5 30
5 64
5 79
6 21
6 33
6 35
7 17
7 25
7 38
7 56
7 57
7 60
8 16
8 28
8 31
8 47
10 36
10 42
10 71
10 73
10 75
11 17
11 53
11 58
12 18
12 20
13 24
13 34
13 42
13 45
13 55
13 66
13 78
14 17
14 23
14 38
14 54
15 18
15 20
15 30
15 44
15 64
16 20
16 58
16 59
17 47
17 51
17 55
18 46
18 74
19 21
19 41
19 46
19 48
20 38
20 54
20 58
21 36
21 41
21 54
21 73
22 23
22 35
22 40
23 64
23 67
24 29
24 58
25 36
25 42
25 55
25 66
26 34
26 55
27 33
27 50
28 31
28 55
29 56
29 59
29 68
30 46
30 48
30 49
30 59
30 64
31 37
31 61
32 40
32 58
32 69
32 79
33 73
34 73
35 69
36 60
36 61
38 53
38 64
38 68
39 55
39 62
39 68
40 58
40 66
43 44
43 61
44 62
44 67
47 77
48 50
48 66
48 69
49 78
50 62
50 72
51 57
54 67
57 63
58 63
59 64
59 69
60 64
60 69
61 76
63 75
65 71
65 75
67 70
67 78
70 74
73 77
