70 210
13 13 5 13 6 3 13 0 2 2 5 15 10 0 6 10 0 13 8 12 11 1 3 8 3 3 3 6 3 2 14 7 12 13 0 3 4 3 7 10 0 5 7 10 5 15 14 15 2 8 9 6 9 4 3 6 1 7 13 11 6 9 3 7 12 13 13 14 13 7 
0 1
0 19
0 22
0 32
0 34
0 45
0 52
0 65
1 15
1 19
1 32
1 34
1 41
1 62
2 4
2 12
2 15
2 17
2 47
2 53
2 66
3 5
3 10
3 12
3 53
3 62
4 36
4 38
4 44
4 47
4 68
5 7
5 30
5 34
5 35
5 46
5 56
6 16
6 36
6 45
6 58
7 40
7 60
8 28
8 37
8 59
9 15
9 24
9 33
9 35
9 64
9 66
9 69
10 17
10 19
10 48
10 61
10 66
10 69
11 16
11 27
11 35
11 41
11 47
12 21
12 32
12 55
13 24
13 29
13 48
14 16
14 23
14 47
14 56
14 59
14 61
14 66
14 68
15 27
15 34
15 38
15 41
15 56
15 59
15 61
16 39
16 40
16 56
16 62
17 31
17 36
17 50
17 59
18 29
18 49
19 32
19 34
19 41
19 48
19 52
20 22
20 64
20 65
21 22
21 44
21 59
21 64
22 25
22 26
22 32
22 48
22 51
22 52
22 58
22 63
23 42
23 44
23 46
23 59
23 66
23 68
24 34
24 38
25 26
25 32
25 39
25 42
25 50
25 52
25 58
26 42
26 46
26 58
26 66
27 29
28 39
28 60
29 31
29 43
29 58
29 62
30 33
30 34
30 40
30 51
30 66
30 69
31 45
31 49
32 52
33 39
33 49
33 53
33 56
34 41
34 61
35 38
35 44
36 40
36 42
36 47
36 54
36 69
37 62
38 44
38 45
38 55
39 60
39 63
39 65
39 68
40 67
41 49
41 54
41 56
41 57
41 61
42 46
42 58
42 66
43 46
43 49
43 57
43 65
43 67
45 51
45 66
46 58
46 66
46 68
47 67
48 58
49 53
50 51
50 67
52 53
52 58
52 67
53 62
54 62
54 67
55 66
56 59
56 61
56 68
59 61
59 68
61 63
62 64
66 68
