90 227
10 15 14 3 4 5 6 4 12 15 0 1 3 10 1 5 4 11 11 12 11 6 9 12 7 15 8 13 6 10 10 11 9 5 15 1 12 6 4 7 10 0 4 6 5 13 0 4 9 11 3 15 0 13 13 7 4 5 9 14 9 9 14 9 2 14 14 15 3 15 1 4 0 5 8 0 2 12 10 1 10 9 11 10 4 2 9 8 5 10 
0 1
0 18
0 38
0 66
1 12
1 13
1 26
1 32
1 84
2 9
2 10
2 50
2 77
3 18
3 52
3 62
3 66
3 89
4 5
4 12
4 19
4 21
4 35
4 60
4 75
4 84
4 87
5 15
5 23
5 44
5 68
5 83
6 14
6 24
6 40
6 42
6 45
6 55
6 71
7 44
7 84
7 89
8 26
8 28
8 37
8 52
8 53
8 62
9 25
9 42
9 43
9 50
9 71
9 79
10 11
10 28
10 37
10 42
11 70
11 79
12 14
12 57
12 89
13 45
13 62
13 66
13 89
14 32
14 33
14 35
14 80
15 46
15 67
15 74
15 83
16 18
16 26
16 52
16 85
16 88
17 45
17 75
17 82
18 46
18 84
19 75
20 30
20 40
20 50
20 55
20 69
21 34
21 57
21 63
21 64
21 79
22 29
22 34
22 45
22 69
22 71
22 79
23 55
23 64
23 69
23 71
24 32
24 47
24 53
24 61
26 31
26 43
26 70
26 84
26 87
27 34
27 39
27 48
27 54
27 69
28 70
28 72
28 82
29 36
30 67
30 76
31 40
31 45
31 50
31 58
31 81
31 88
32 38
32 41
32 65
32 81
33 34
33 54
33 57
34 35
34 38
34 48
35 39
35 45
35 72
35 81
36 60
36 76
37 60
37 77
37 87
38 46
38 72
38 78
38 83
39 47
39 49
39 74
39 80
40 51
40 58
40 70
40 75
40 76
41 85
42 70
42 87
43 86
44 52
44 53
44 54
44 58
44 77
44 80
45 49
45 52
45 73
45 87
46 48
46 81
46 88
48 49
48 50
49 50
49 55
49 69
50 61
50 67
50 74
51 61
51 63
52 61
52 68
52 82
53 68
54 80
56 68
56 71
56 73
57 59
59 63
59 69
59 89
60 62
60 63
60 89
61 84
62 75
62 84
63 77
65 74
65 80
65 83
67 88
70 73
70 85
72 75
74 81
74 86
76 85
76 88
77 79
78 89
79 87
81 84
82 85
84 87
