60 101
4 1 12 8 13 8 6 10 9 11 15 3 3 15 14 13 1 10 13 6 3 1 2 12 7 4 6 11 4 0 2 6 15 7 14 3 1 4 10 0 9 2 9 3 13 5 14 2 6 13 15 2 9 9 13 1 12 11 12 9 
0 4
0 7
0 12
0 41
1 3
1 9
1 13
1 15
1 43
1 45
2 32
3 43
4 11
4 21
4 33
4 42
5 22
5 46
6 23
6 45
6 57
7 16
7 30
7 32
7 36
7 42
7 45
8 31
8 48
10 52
11 18
11 27
11 57
11 58
12 13
13 44
13 45
13 53
13 54
13 57
14 16
14 34
14 43
14 52
15 17
15 45
15 54
16 31
16 35
16 41
16 45
16 59
17 31
17 54
18 30
19 21
19 29
19 32
19 38
19 48
20 53
21 23
22 24
22 37
22 39
23 38
23 39
23 55
25 41
25 56
26 37
27 28
28 37
28 40
28 45
28 53
28 54
29 46
31 33
31 42
31 45
31 51
31 58
32 39
33 35
33 41
36 58
38 44
38 59
39 41
39 49
40 50
40 58
42 45
42 52
43 45
43 46
43 53
45 54
46 47
57 59
