80 120
15 11 2 15 8 8 9 0 9 13 9 3 10 3 13 1 4 5 1 15 11 14 13 9 6 2 10 8 3 11 5 11 3 5 8 7 9 7 7 7 9 3 8 0 0 14 0 4 8 8 0 12 15 12 1 1 11 5 13 1 7 3 13 5 14 5 10 13 13 6 10 5 4 14 15 9 11 3 8 8 
0 29
0 35
0 63
1 7
1 31
1 72
1 73
2 3
2 54
2 59
3 27
3 43
4 44
4 62
4 76
5 26
5 46
5 67
6 12
6 20
6 78
7 49
7 70
8 39
9 25
10 17
10 36
10 70
10 71
11 36
12 14
12 53
13 24
13 75
13 79
14 55
14 68
15 22
15 38
15 64
16 61
16 63
16 69
17 57
17 66
18 37
18 61
18 69
19 32
19 38
19 64
20 53
20 74
20 76
21 25
21 34
21 56
22 24
22 75
23 35
23 63
23 69
24 38
25 30
25 51
26 52
26 65
27 32
27 54
28 34
28 56
28 60
29 44
29 62
30 41
30 58
31 37
31 49
32 43
33 42
33 57
33 66
34 51
35 44
36 48
36 66
37 47
37 73
39 45
39 56
39 60
40 54
41 42
41 51
42 58
43 64
45 59
45 77
46 65
46 68
47 72
47 77
48 49
48 70
50 54
50 59
50 77
52 75
52 79
53 55
53 71
55 67
57 58
60 77
61 73
62 78
65 79
67 68
72 76
76 78
