70 123
6 11 2 5 8 5 10 11 4 8 9 12 0 7 0 6 7 4 13 3 3 6 12 4 10 10 10 7 5 7 1 12 9 8 8 14 11 5 15 12 3 1 1 15 2 3 9 5 9 9 12 8 9 1 12 7 10 0 12 9 11 12 3 4 12 10 15 12 6 5 
0 3
0 47
0 48
0 51
0 62
1 19
1 40
1 44
2 7
2 19
2 61
3 35
3 55
4 37
4 49
4 67
5 35
5 48
5 51
5 64
6 20
6 45
6 69
7 29
7 38
8 10
8 13
8 40
9 11
9 18
9 36
10 22
10 50
10 65
11 12
11 26
12 16
12 58
13 50
13 69
14 17
14 24
14 46
15 24
15 46
15 47
15 51
16 26
16 27
16 57
17 54
17 68
18 62
18 66
19 22
20 27
20 31
20 57
21 23
21 32
21 41
22 40
22 60
22 61
23 47
23 62
23 66
24 43
24 54
25 33
25 42
25 50
25 65
26 36
26 55
27 45
27 58
28 29
28 30
28 42
28 65
29 34
29 61
30 34
30 52
30 64
31 33
31 50
31 69
32 66
33 35
33 57
34 38
34 56
35 42
35 55
36 48
36 62
36 63
37 54
37 56
37 68
38 49
39 52
41 46
41 47
42 60
42 64
43 51
43 52
43 64
44 64
45 59
48 55
49 56
52 54
52 56
53 62
55 57
58 59
61 65
63 67
67 68
