50 431
0 7 2 7 0 1 4 4 5 4 3 6 5 1 1 7 3 2 2 0 6 7 7 2 7 1 5 4 0 3 1 6 5 0 0 4 7 2 6 1 1 7 7 2 5 2 6 2 2 0 
0 1
0 2
0 6
0 7
0 9
0 10
0 12
0 14
0 15
0 21
0 22
0 29
0 30
0 31
0 35
0 36
0 37
0 39
0 41
0 42
0 44
0 48
1 3
1 4
1 5
1 8
1 9
1 10
1 14
1 15
1 16
1 17
1 21
1 25
1 27
1 33
1 38
1 41
1 42
2 3
2 10
2 11
2 18
2 19
2 26
2 27
2 34
2 38
2 39
2 43
2 44
2 45
2 49
3 11
3 13
3 21
3 23
3 27
3 31
3 37
3 40
3 42
3 43
4 8
4 10
4 17
4 18
4 21
4 23
4 26
4 31
4 33
4 34
4 37
4 38
4 41
4 46
4 47
4 48
4 49
5 6
5 9
5 11
5 17
5 19
5 20
5 23
5 24
5 25
5 26
5 28
5 30
5 31
5 33
5 34
5 35
5 38
5 40
5 42
5 43
5 48
6 7
6 11
6 14
6 16
6 18
6 20
6 21
6 23
6 26
6 29
6 30
6 35
6 36
6 42
6 44
6 47
7 11
7 15
7 17
7 18
7 20
7 22
7 26
7 27
7 29
7 33
7 36
7 39
7 41
7 45
7 49
8 9
8 14
8 21
8 22
8 23
8 24
8 25
8 30
8 31
8 36
8 38
8 40
8 44
8 49
9 10
9 12
9 17
9 18
9 20
9 24
9 28
9 30
9 31
9 33
9 35
9 36
9 37
9 39
9 41
9 45
9 46
10 16
10 20
10 21
10 22
10 23
10 28
10 31
10 35
10 42
11 15
11 17
11 19
11 21
11 23
11 27
11 28
11 29
11 35
11 36
11 38
11 40
11 41
11 42
11 43
11 47
12 14
12 19
12 22
12 25
12 27
12 31
12 34
12 36
12 37
12 38
12 45
12 49
13 19
13 21
13 23
13 24
13 27
13 33
13 35
13 43
13 45
14 17
14 22
14 23
14 27
14 30
14 31
14 35
14 37
14 38
14 40
14 41
14 43
15 16
15 18
15 19
15 23
15 25
15 26
15 27
15 28
15 33
15 37
15 41
15 47
15 48
16 17
16 18
16 19
16 20
16 22
16 25
16 35
16 37
16 40
16 43
16 45
16 47
16 48
16 49
17 20
17 22
17 26
17 30
17 36
17 39
17 41
17 42
17 44
17 46
18 20
18 21
18 22
18 23
18 24
18 26
18 33
18 39
18 41
18 42
18 43
18 44
19 20
19 22
19 25
19 26
19 28
19 29
19 30
19 31
19 34
19 35
19 37
19 38
19 40
19 41
19 42
19 45
19 47
20 21
20 22
20 29
20 30
20 34
20 35
20 36
20 39
20 42
20 43
20 46
21 25
21 27
21 28
21 32
21 38
21 40
21 45
21 49
22 26
22 33
22 41
22 43
22 47
23 29
23 30
23 31
23 39
23 41
23 42
23 43
23 47
23 48
24 26
24 33
24 36
24 40
24 44
24 46
25 31
25 33
25 36
25 37
25 41
25 44
26 30
26 34
26 36
26 37
26 38
26 41
26 42
26 44
26 46
26 47
26 48
27 30
27 31
27 33
27 40
27 41
27 42
27 43
27 44
27 46
27 48
27 49
28 29
28 30
28 32
28 35
28 36
28 38
28 40
28 46
29 30
29 31
29 32
29 33
29 35
29 41
29 46
29 47
30 33
30 35
30 36
30 38
30 39
30 40
30 42
30 45
31 33
31 47
32 37
32 38
32 45
32 48
33 37
33 39
33 40
33 42
33 44
33 49
34 37
34 40
34 43
34 49
35 36
35 37
35 42
35 45
35 47
35 49
36 40
36 41
36 44
36 46
36 49
37 43
37 47
38 40
38 42
38 46
39 41
39 42
39 43
39 44
39 45
39 47
40 46
40 48
41 44
41 47
41 49
42 43
42 44
43 47
44 45
44 46
45 46
46 47
46 48
46 49
48 49
