60 264
9 15 2 4 8 11 10 9 2 12 6 1 14 1 12 5 15 11 4 10 8 9 5 10 1 4 3 5 8 8 3 6 2 3 14 15 10 9 10 2 5 1 3 14 8 15 8 4 5 15 11 0 6 3 0 11 2 3 4 14 
0 8
0 9
0 21
0 24
0 26
0 27
0 28
0 29
0 31
0 56
1 15
1 16
1 29
1 34
1 40
1 52
2 7
2 10
2 11
2 20
2 33
2 39
2 40
2 43
2 44
2 48
3 4
3 13
3 17
3 19
3 37
3 43
3 53
3 55
4 17
4 19
4 21
4 38
4 39
4 40
4 41
4 44
4 48
4 53
5 16
5 23
5 26
5 31
5 41
5 46
5 49
5 53
6 35
6 53
6 55
7 8
7 12
7 28
7 30
7 32
7 36
7 42
7 52
8 18
8 21
8 24
8 29
8 31
8 57
9 19
9 26
9 29
9 30
9 31
9 54
9 58
10 14
10 20
10 22
10 31
10 33
10 42
10 43
10 55
10 57
11 12
11 18
11 20
11 22
11 33
11 39
11 44
12 17
12 20
12 22
12 28
12 48
12 55
12 59
13 15
13 23
13 34
13 38
13 41
13 45
13 46
13 49
13 50
14 15
14 53
14 54
15 31
15 39
15 51
15 57
16 23
16 27
16 30
16 32
16 36
16 50
16 56
16 59
17 40
17 43
17 46
17 53
17 54
17 57
18 25
18 29
18 35
18 48
18 53
18 56
18 57
19 37
19 40
19 51
19 53
19 58
19 59
20 33
20 42
20 44
21 24
21 29
21 31
21 35
21 42
21 57
22 28
22 29
22 33
22 55
23 32
23 49
23 56
24 26
24 29
24 31
24 36
24 42
24 55
24 57
25 34
25 35
25 37
25 45
25 47
25 48
25 49
25 57
26 31
26 40
26 47
26 50
26 52
26 56
26 58
26 59
27 30
27 32
27 35
27 49
27 52
27 54
28 30
28 36
28 42
28 52
28 55
29 38
29 48
29 51
29 58
30 32
30 35
30 36
30 56
31 56
31 58
32 36
32 49
32 52
32 58
33 39
33 44
33 50
33 57
34 40
34 41
34 45
34 46
34 47
35 39
35 47
35 48
35 54
35 56
35 57
35 58
36 42
36 52
36 55
36 56
37 49
37 53
37 54
37 59
38 41
38 43
38 45
38 46
38 47
39 40
39 43
39 44
39 45
40 43
40 44
41 45
41 46
41 47
42 55
43 45
44 47
44 52
45 47
45 48
46 49
47 48
48 49
48 51
48 57
50 56
51 53
52 55
53 54
53 59
54 59
56 58
56 59
58 59
