50 105
0 3 3 3 4 4 3 7 3 1 5 5 3 7 1 4 7 1 5 1 5 6 5 0 4 4 1 2 7 0 5 1 7 1 4 5 5 6 4 0 6 2 4 6 1 6 0 7 1 4 
0 4
0 11
0 36
0 40
1 11
2 4
2 7
2 29
3 7
3 11
3 18
4 10
4 30
4 32
4 39
4 46
5 28
5 30
6 13
6 37
6 38
6 46
7 38
8 42
8 48
9 11
9 12
9 17
9 26
9 31
9 40
9 43
10 11
10 12
10 17
10 46
11 12
11 14
11 17
11 18
11 30
11 38
11 46
11 47
12 18
12 30
12 31
12 46
13 25
13 40
13 47
14 18
14 30
14 38
14 39
14 42
15 26
15 27
16 34
16 36
17 46
18 19
18 20
18 23
18 47
19 25
19 29
20 45
20 48
21 22
21 27
21 39
22 23
22 39
23 28
23 41
23 42
24 34
24 38
25 34
25 39
26 34
27 39
27 42
27 44
28 32
28 33
28 47
29 44
32 38
32 42
33 38
33 49
34 37
34 38
34 45
35 38
36 47
36 48
38 47
39 40
39 45
39 49
44 46
46 47
