100 200
16 0 19 9 3 25 23 31 6 28 14 10 1 1 3 11 17 4 3 30 22 16 27 14 5 23 8 19 23 16 23 29 5 7 25 8 7 11 26 9 6 15 9 19 30 16 16 23 4 21 11 16 24 28 25 7 9 30 15 2 22 3 8 5 31 17 30 22 20 27 27 15 16 28 26 10 20 10 14 26 18 10 9 5 28 4 4 20 26 22 9 8 29 11 0 19 20 29 29 5 
0 14
0 56
1 34
1 83
1 85
1 89
2 48
2 84
3 41
3 82
3 84
3 92
3 93
4 6
4 94
5 15
5 33
5 69
6 37
6 80
6 84
6 89
6 92
7 18
7 30
8 21
8 36
8 84
8 92
9 10
9 24
9 27
9 73
9 82
9 95
10 53
10 56
10 80
11 29
11 33
11 44
11 55
12 70
12 77
12 91
12 92
13 18
13 28
13 31
13 58
13 69
13 84
13 96
14 29
15 34
15 52
15 87
16 20
16 35
16 92
17 20
17 43
17 45
17 61
18 36
18 62
19 50
19 55
19 97
20 43
20 60
20 71
20 98
22 28
22 87
22 99
23 58
23 68
23 69
23 80
24 44
24 58
24 62
25 58
25 63
25 75
25 86
26 31
26 65
27 56
27 75
27 76
27 82
28 45
28 69
29 37
29 52
29 67
29 87
30 33
30 69
30 99
31 53
31 56
32 88
32 91
32 92
33 38
33 41
33 52
34 40
34 85
34 92
38 68
38 76
39 60
40 46
40 57
40 82
40 91
40 95
40 96
41 65
41 99
42 63
42 80
42 87
42 91
42 92
43 47
43 49
43 71
43 79
44 54
44 94
45 46
45 69
45 82
45 99
46 84
46 89
47 51
47 80
47 89
48 53
48 60
48 94
49 69
49 94
50 71
51 54
51 91
52 53
53 69
53 82
54 61
54 63
55 65
55 66
55 72
55 75
56 92
57 74
58 81
59 84
59 88
60 65
60 68
60 70
60 82
60 89
61 83
62 65
62 91
63 91
63 95
64 73
64 90
65 74
65 83
65 91
65 98
69 99
73 75
73 87
74 95
75 99
76 97
77 78
78 89
79 93
79 94
80 86
80 97
82 85
84 99
87 95
89 90
89 91
90 95
