90 196
13 5 3 10 3 3 0 3 8 14 13 4 2 7 3 5 11 9 10 11 0 11 9 8 14 6 9 13 10 14 3 7 7 7 9 1 13 14 12 5 13 1 11 13 1 7 4 13 3 0 1 9 8 14 2 5 11 15 5 8 15 13 3 12 12 9 10 9 14 4 15 14 7 12 11 10 3 1 11 2 6 6 9 8 2 0 6 0 6 4 
0 10
0 29
0 52
0 88
1 23
1 58
2 16
2 49
2 78
2 84
3 23
3 26
3 30
3 73
3 86
4 54
4 72
5 32
5 48
5 50
6 20
6 26
6 66
6 73
6 76
7 44
7 60
7 65
7 70
8 18
8 40
8 89
9 47
9 54
10 28
10 31
10 33
10 36
10 47
11 22
11 50
11 53
11 71
11 77
12 44
12 66
12 76
12 83
13 19
13 25
13 50
13 55
14 21
14 50
14 56
14 63
14 78
15 39
15 54
15 55
15 58
15 84
16 21
16 38
16 72
16 74
17 52
17 59
17 88
18 19
18 21
18 71
18 74
18 84
19 24
19 41
19 59
19 73
19 85
19 88
20 23
20 57
21 58
21 59
22 24
22 26
22 38
22 76
22 87
23 41
23 65
23 73
23 75
24 32
24 37
24 38
24 48
24 50
25 29
26 37
26 38
27 40
27 46
28 38
28 52
28 65
28 72
28 85
29 33
29 84
30 55
30 61
30 74
30 84
31 33
31 35
31 44
31 52
31 83
31 84
32 38
32 49
33 35
33 87
34 58
34 87
35 69
37 56
37 81
37 86
38 50
38 57
38 71
38 74
39 45
39 52
39 60
39 78
39 82
40 52
40 57
42 46
42 60
42 67
43 61
44 47
44 48
44 53
45 55
46 47
46 65
47 85
47 88
48 56
48 67
49 67
49 74
49 80
50 60
50 70
51 58
51 61
51 87
52 75
52 84
53 56
53 76
53 85
54 66
54 82
54 83
55 58
55 79
55 82
56 69
56 79
58 61
58 66
58 73
61 68
61 70
61 82
62 71
63 75
64 75
68 82
69 82
69 83
71 85
72 82
72 89
73 83
77 84
79 86
79 89
81 89
