100 480
22 29 29 26 24 4 20 11 0 3 19 16 25 15 17 26 21 16 23 18 8 13 5 27 5 12 1 4 14 28 21 25 19 28 16 16 0 3 27 8 2 30 19 28 17 25 6 22 19 15 31 14 2 17 4 21 7 31 27 29 24 4 8 5 6 4 22 17 22 31 8 4 18 24 0 11 27 7 7 22 3 4 30 0 8 23 29 18 6 8 16 27 23 25 8 2 26 31 23 26 
0 2
0 5
0 29
0 47
0 55
0 62
0 69
0 72
0 93
1 5
1 8
1 14
1 15
1 50
1 60
1 70
1 73
1 91
2 4
2 8
2 13
2 21
2 25
2 27
2 33
2 34
2 71
2 90
2 92
2 96
3 4
3 11
3 21
3 23
3 36
3 55
3 59
3 60
3 67
3 85
4 13
4 14
4 20
4 23
4 38
4 41
4 43
4 64
4 72
4 73
4 78
4 81
4 84
4 86
5 9
5 35
5 40
5 70
5 78
5 85
5 96
6 9
6 11
6 20
6 50
6 57
6 61
6 79
6 80
6 94
7 40
7 59
7 62
7 64
7 72
7 73
7 77
7 95
8 18
8 30
8 48
8 77
8 86
8 96
9 11
9 30
9 41
9 42
9 49
9 50
9 56
10 12
10 16
10 19
10 24
10 28
10 32
10 48
10 67
10 69
10 80
11 14
11 16
11 17
11 38
11 42
11 58
11 72
11 89
12 49
12 54
12 59
12 94
13 19
13 29
13 35
13 36
13 50
13 52
13 59
13 75
13 87
13 89
14 34
14 41
14 58
14 63
14 65
14 66
14 73
14 79
14 89
14 93
14 99
15 43
15 45
15 58
15 70
15 95
16 33
16 57
16 60
16 61
16 66
16 89
16 98
17 24
17 27
17 30
17 51
17 54
17 69
17 78
17 87
17 93
18 25
18 26
18 33
18 38
18 54
18 60
18 76
19 30
19 40
19 52
19 56
19 94
19 97
20 31
20 32
20 38
20 62
20 91
20 95
21 43
21 44
21 53
21 56
21 77
21 81
21 92
22 32
22 44
22 59
22 60
22 61
22 99
23 27
23 54
23 76
23 94
24 43
24 52
24 53
24 69
24 74
25 38
25 86
25 91
26 30
26 32
26 34
26 38
26 48
26 70
26 72
26 81
26 86
26 92
26 96
26 98
27 31
27 37
27 82
28 44
28 95
29 44
29 46
29 51
29 74
29 76
29 81
29 82
29 94
30 42
30 48
30 59
30 74
30 85
30 99
31 32
31 72
31 87
31 94
32 33
32 47
32 72
32 80
32 82
32 97
33 57
33 85
33 86
33 96
34 35
34 38
34 39
34 50
34 72
34 75
34 79
34 81
35 37
35 48
35 60
35 62
35 71
35 88
36 44
36 50
36 52
36 59
36 66
36 84
36 90
36 94
37 44
37 48
37 52
37 54
37 65
37 67
37 69
37 71
37 72
37 75
37 80
38 49
38 55
38 56
38 60
38 64
38 78
38 80
38 84
38 94
38 96
38 97
39 52
39 59
39 66
39 72
39 84
39 89
39 98
40 47
40 49
40 56
40 65
40 71
40 80
40 83
40 90
40 95
40 96
41 53
41 55
41 57
41 60
41 64
41 80
41 83
42 51
42 52
42 65
42 97
43 45
43 48
43 55
43 57
43 98
44 48
44 52
44 63
44 97
44 99
45 47
45 52
45 56
45 89
46 47
46 57
46 73
46 74
46 95
47 59
48 78
48 82
49 56
49 72
49 80
49 87
49 90
49 95
50 53
50 59
50 78
51 56
51 59
51 67
51 69
51 71
51 77
51 86
51 90
51 98
52 63
52 74
53 64
53 67
53 68
53 74
53 80
53 93
53 94
53 96
54 61
54 63
54 69
54 73
55 59
55 60
55 63
55 96
56 85
56 93
56 99
57 64
57 70
57 76
58 62
58 78
58 81
58 83
58 85
58 89
58 94
59 76
59 94
59 98
60 61
60 74
60 77
60 87
60 90
60 93
61 67
61 94
62 84
62 85
63 65
63 69
63 72
63 82
63 88
63 95
64 70
64 82
64 85
64 86
64 96
65 77
66 69
66 82
66 83
66 84
67 68
67 97
68 71
68 76
68 77
68 94
69 76
69 90
69 96
69 97
70 77
70 78
70 79
70 81
70 89
70 92
71 77
71 87
72 75
72 84
73 78
73 88
73 92
74 76
74 94
74 98
75 89
75 93
76 83
76 84
76 89
76 98
76 99
77 91
77 95
78 84
79 83
79 88
80 81
80 95
81 83
81 85
81 90
81 93
81 98
82 90
82 92
82 98
83 88
83 90
83 92
85 88
85 97
86 97
87 91
87 92
87 99
90 92
90 95
90 97
92 98
93 94
93 98
93 99
