50 94
4 7 7 2 4 3 6 7 6 2 5 4 5 5 4 1 0 2 4 0 3 5 3 2 0 5 0 5 4 5 0 3 0 1 6 6 0 2 7 2 7 0 0 4 5 1 3 4 7 6 
0 27
0 32
0 43
1 20
1 30
1 46
2 4
2 16
2 20
2 44
2 46
3 5
3 19
3 31
4 13
4 16
4 17
4 21
4 23
4 29
4 39
5 10
5 11
5 17
5 23
6 24
6 27
6 43
6 48
7 9
7 22
7 26
7 30
8 36
8 38
8 45
8 48
9 26
10 31
10 32
12 15
12 28
12 30
13 20
14 32
14 34
15 18
16 23
16 40
16 42
16 45
16 48
16 49
17 25
17 27
17 32
18 20
18 22
18 30
18 48
19 26
19 38
20 39
22 29
22 31
23 35
23 46
24 28
24 31
24 34
24 36
25 41
25 42
26 33
26 34
26 38
26 40
26 41
27 39
28 36
29 37
30 45
31 40
31 48
33 36
34 35
34 43
35 42
37 49
39 44
39 48
40 49
46 49
47 49
