30 134
7 6 1 4 0 7 1 1 0 0 3 0 0 6 6 3 0 3 7 0 6 3 1 1 4 2 6 6 3 2 
0 2
0 3
0 4
0 5
0 9
0 13
0 21
0 22
0 23
0 24
0 25
1 7
1 8
1 10
1 14
1 16
1 20
1 21
1 26
1 28
2 4
3 5
3 8
3 12
3 13
3 18
3 22
3 24
3 28
3 29
4 6
4 7
4 8
4 10
4 11
4 15
4 23
4 26
4 27
5 9
5 13
5 18
5 22
5 24
5 26
5 28
6 11
6 15
6 18
6 19
6 21
6 23
6 27
6 28
6 29
7 8
7 10
7 14
7 16
7 20
7 22
7 23
7 26
8 10
8 11
8 12
8 14
8 20
8 26
9 13
9 14
9 15
9 16
9 21
9 24
9 25
10 11
10 13
10 15
10 26
10 27
11 15
11 19
11 24
11 26
11 27
12 20
12 23
12 27
13 22
13 23
13 24
13 25
13 28
14 16
14 20
14 21
14 25
14 29
15 19
15 26
15 27
15 29
16 19
16 20
16 21
16 24
16 25
17 19
17 20
17 21
17 23
18 19
18 20
18 22
18 27
18 28
18 29
19 22
19 27
19 28
19 29
20 21
20 25
20 26
21 24
21 25
22 28
22 29
23 24
24 25
25 27
27 29
28 29
