90 211
13 4 3 11 4 6 2 4 12 7 15 10 13 1 3 2 2 0 13 13 8 12 8 0 3 4 12 8 14 3 4 10 12 14 8 10 2 13 11 15 6 1 14 12 7 0 8 3 2 4 14 9 2 9 15 0 14 6 2 1 2 14 10 11 7 8 1 13 0 13 12 10 5 7 15 7 15 2 4 14 5 8 9 15 13 7 15 6 0 8 
0 10
0 37
0 57
0 59
0 64
0 74
1 10
1 19
1 24
1 46
1 50
2 22
2 60
2 65
2 71
2 79
3 15
3 31
3 44
3 59
3 79
3 85
4 28
4 29
4 37
4 46
4 52
4 65
5 39
5 43
5 48
5 51
5 65
5 69
6 22
6 42
6 51
6 60
7 9
7 11
7 25
7 36
7 53
7 74
7 82
8 27
8 42
8 52
8 70
8 74
9 46
10 29
10 49
11 43
11 55
11 70
11 81
11 85
12 36
12 55
12 59
12 61
13 39
13 49
13 65
14 47
14 56
14 62
14 78
14 85
15 53
15 60
15 72
15 76
16 29
16 31
16 45
16 58
16 60
17 34
17 38
17 44
17 63
17 72
18 26
18 30
18 31
19 68
20 40
20 80
21 27
21 44
22 64
23 26
23 52
23 83
24 55
24 58
24 81
24 83
24 86
25 44
25 54
25 63
25 66
26 50
27 35
27 37
27 41
27 79
28 42
28 44
28 57
28 58
28 59
28 67
28 74
28 79
29 39
30 31
30 37
30 54
30 57
31 51
31 84
31 86
31 89
32 69
33 39
33 77
33 84
34 42
34 49
34 54
34 59
34 74
34 86
36 49
36 68
36 72
36 83
36 88
37 60
37 65
37 82
38 54
38 74
38 78
40 57
40 87
40 89
41 52
41 80
42 59
42 69
42 81
42 86
43 76
44 48
44 69
44 83
45 54
45 75
46 77
47 69
48 59
48 75
49 79
50 55
50 59
50 77
51 81
51 87
52 65
52 68
52 73
53 59
53 79
53 85
54 66
55 66
56 59
56 74
56 81
57 72
59 80
60 61
60 69
61 72
62 73
63 82
64 85
65 67
67 72
67 76
69 78
70 83
70 86
70 88
72 77
73 83
75 80
75 87
75 88
76 82
77 80
77 85
81 87
85 88
86 88
88 89
