100 237
29 17 30 26 2 12 26 22 26 30 29 6 23 22 28 8 14 5 3 21 26 30 16 26 16 7 10 25 19 31 4 9 1 15 1 25 20 19 8 21 9 21 26 25 29 30 16 15 23 24 9 14 15 1 22 6 15 10 5 7 6 3 15 7 17 21 3 31 10 4 2 25 11 26 31 6 0 27 12 14 13 24 25 30 25 29 28 7 8 4 29 2 21 6 12 6 13 13 16 4 
0 66
0 83
1 3
1 45
1 55
1 59
1 70
2 13
2 19
2 20
2 42
2 90
2 96
3 17
3 22
3 62
3 70
3 94
3 99
4 5
4 8
4 48
4 52
4 55
4 91
4 92
5 11
5 48
5 51
5 79
5 80
6 23
6 98
7 15
7 30
7 33
7 56
7 57
7 77
8 21
8 25
8 36
8 59
8 85
8 90
9 16
9 19
9 51
9 78
9 83
10 13
10 38
10 59
10 73
10 81
11 22
12 25
12 46
12 55
12 93
13 58
13 89
13 98
14 15
14 19
14 75
15 61
16 19
16 30
16 56
16 57
17 55
17 86
18 26
18 95
19 44
19 78
20 39
20 41
20 66
20 74
21 25
22 49
22 81
23 25
23 49
23 60
24 75
24 90
25 31
25 43
25 49
25 55
25 75
26 27
26 41
26 54
26 96
27 28
27 89
27 92
27 95
28 70
28 85
29 82
29 90
29 94
29 98
30 93
31 35
31 55
32 37
32 42
32 95
33 45
33 64
33 91
34 35
34 52
34 67
34 76
35 53
35 58
35 73
35 88
35 94
35 99
36 38
36 54
36 72
36 92
37 50
38 40
39 40
39 45
39 59
39 68
40 61
40 94
41 55
41 83
41 86
42 75
42 86
42 87
43 45
43 54
43 78
43 87
43 90
43 96
44 69
45 56
45 82
46 73
46 76
46 95
47 55
47 61
47 86
47 89
48 52
48 62
48 64
48 72
48 80
48 91
49 50
49 80
50 99
51 61
52 89
52 92
53 60
53 89
53 90
54 74
54 87
54 99
55 81
55 88
55 97
56 79
56 99
57 73
57 92
58 65
58 72
58 80
59 87
60 61
60 63
60 68
60 86
61 68
61 97
62 95
63 84
65 69
65 91
65 92
65 96
66 72
66 74
66 77
66 78
66 79
67 76
68 71
68 80
68 85
69 75
69 79
69 89
71 73
71 94
72 79
73 77
75 98
76 78
76 87
76 89
77 82
78 93
79 82
79 91
80 81
80 84
81 86
84 91
85 96
85 97
86 96
87 94
87 98
93 98
94 95
