90 262
11 15 3 1 3 8 15 10 15 12 13 8 6 9 6 0 14 9 14 7 5 7 14 14 14 10 13 0 14 8 11 2 4 4 12 11 1 14 7 1 0 14 8 7 10 0 2 6 10 2 14 12 5 5 10 10 2 11 13 4 13 3 0 1 8 5 0 13 10 14 10 13 9 14 7 6 8 0 11 7 9 7 4 10 9 8 12 0 3 12 
0 32
0 40
0 63
0 69
0 74
1 14
1 35
1 63
1 65
1 66
1 73
1 84
2 8
2 12
2 23
2 31
3 9
3 14
3 26
3 27
3 50
3 66
3 69
3 77
3 82
3 86
4 10
4 23
4 38
4 50
4 75
4 83
4 85
5 24
5 41
5 47
5 48
5 67
5 72
5 83
6 76
7 16
7 64
7 66
7 71
8 14
8 30
8 38
8 55
8 64
8 69
8 71
8 74
8 86
8 87
9 19
9 50
9 55
9 81
10 13
10 35
10 55
11 31
11 71
11 72
11 82
12 20
12 23
12 31
12 46
12 63
12 71
12 82
12 89
13 23
13 35
13 36
13 43
13 68
13 71
13 75
13 77
14 20
14 26
14 39
14 54
14 55
14 66
14 84
15 63
16 25
16 30
17 19
17 43
17 54
17 70
18 25
18 52
19 40
19 59
19 62
19 75
19 78
19 85
20 31
20 37
20 38
20 61
20 72
20 89
21 39
21 72
22 52
22 57
22 79
22 81
23 25
23 34
23 77
23 86
24 41
24 62
24 66
24 68
24 77
25 27
25 59
26 36
26 57
26 64
26 66
26 76
26 84
26 86
27 35
27 37
27 40
27 50
27 53
27 61
27 68
27 69
27 86
28 32
28 45
28 64
28 68
28 87
29 36
29 84
30 45
30 47
31 40
31 45
31 46
31 52
31 61
32 34
32 46
33 75
33 82
34 38
34 50
34 53
35 40
35 43
35 73
35 84
36 38
36 79
37 46
37 61
37 69
37 86
38 40
38 50
38 70
38 75
39 49
39 67
39 76
39 78
40 51
40 63
40 84
41 44
41 54
41 76
42 81
42 86
43 59
43 65
43 71
43 73
43 77
44 51
44 65
45 48
45 52
45 55
45 72
45 85
45 88
46 61
46 62
46 87
47 48
47 55
47 56
48 84
48 85
49 74
50 61
50 62
50 63
50 87
51 70
52 89
53 56
53 70
53 71
54 64
54 76
54 77
55 84
56 89
57 64
58 71
58 79
58 86
60 70
60 82
61 65
62 68
62 84
63 88
64 76
65 73
65 77
66 73
66 84
67 68
67 71
68 80
68 89
69 78
69 86
69 87
72 74
73 79
73 81
73 84
74 75
75 83
76 82
76 85
77 79
77 80
78 86
81 87
84 89
86 87
