35 214
6 5 0 4 0 3 0 7 1 6 4 0 1 2 3 1 6 1 3 3 5 4 1 0 1 0 7 5 4 1 1 1 1 4 7 
0 1
0 5
0 6
0 7
0 8
0 9
0 10
0 13
0 15
0 17
0 20
0 22
0 23
0 24
0 30
0 34
1 3
1 4
1 13
1 14
1 19
1 22
1 30
1 32
1 33
2 3
2 6
2 13
2 16
2 22
2 26
2 29
2 30
2 32
3 4
3 9
3 11
3 18
3 19
3 23
3 28
3 31
3 34
4 5
4 7
4 9
4 10
4 11
4 20
4 21
4 23
4 26
4 27
4 28
5 9
5 11
5 13
5 15
5 21
5 22
5 23
5 24
5 29
5 33
6 10
6 12
6 19
6 20
6 23
6 25
6 27
6 31
6 34
7 11
7 17
7 21
7 27
7 28
7 30
8 10
8 14
8 16
8 20
8 22
8 26
8 31
8 32
8 33
8 34
9 12
9 16
9 17
9 18
9 20
9 22
9 23
9 24
9 32
10 13
10 18
10 20
10 21
10 22
10 23
10 27
10 30
10 33
11 13
11 14
11 19
11 21
11 27
11 33
12 13
12 15
12 17
12 20
12 21
12 25
12 26
12 27
12 28
12 31
12 34
13 19
13 24
13 26
13 29
13 34
14 16
14 19
14 20
14 21
14 23
14 27
14 28
14 29
14 30
14 31
14 33
15 21
15 23
15 26
15 28
15 30
15 31
15 32
15 34
16 17
16 18
16 22
16 24
16 25
16 27
16 28
16 29
16 31
16 33
17 18
17 19
17 21
17 24
17 32
17 33
17 34
18 24
18 25
18 29
18 32
18 34
19 26
19 28
19 30
19 31
19 33
19 34
20 23
20 25
20 29
20 30
20 31
21 23
21 24
21 28
21 29
21 32
21 33
22 30
22 32
22 33
22 34
23 26
23 27
23 28
23 29
23 31
24 29
24 32
24 33
25 27
25 32
25 33
26 29
26 32
26 33
27 29
27 31
27 32
27 34
28 29
28 31
29 30
30 31
32 33
