50 224
7 0 1 2 7 6 2 1 2 6 6 4 7 0 0 5 3 6 3 5 7 3 1 3 2 4 6 7 3 2 3 2 7 0 4 1 5 1 6 4 3 7 1 3 0 7 4 1 0 2 
0 2
0 3
0 4
0 11
0 15
0 16
0 17
0 31
0 32
1 10
1 15
1 22
1 33
2 4
2 11
2 13
2 16
2 30
2 32
2 40
2 46
3 4
3 5
3 7
3 9
3 11
3 15
3 17
3 39
4 11
4 15
4 16
4 17
4 25
4 39
5 6
5 7
5 8
5 15
5 17
5 29
5 39
5 43
6 9
6 18
6 20
6 28
6 36
6 37
6 38
6 47
7 8
7 15
7 21
7 24
7 29
7 39
7 43
7 47
7 48
8 12
8 18
8 21
8 27
8 29
8 35
8 43
9 20
9 25
9 28
9 31
9 33
9 38
9 42
9 47
10 23
10 27
10 29
10 34
10 35
11 13
11 16
11 17
11 32
11 33
12 14
12 21
12 22
12 23
12 26
12 27
12 34
12 35
12 41
12 42
13 16
13 19
13 23
13 26
13 32
13 40
13 46
14 26
14 30
14 31
14 32
14 33
14 34
14 41
14 45
15 17
15 22
15 29
15 38
15 39
16 17
16 32
16 45
16 46
17 20
17 22
17 39
18 19
18 23
18 36
18 37
18 44
18 47
18 49
19 22
19 23
19 27
19 37
19 40
19 42
19 44
19 46
19 49
20 25
20 28
20 31
20 33
20 38
20 45
21 27
21 29
21 34
21 35
21 42
21 43
21 49
22 39
22 48
23 32
23 40
23 44
23 46
23 49
24 45
25 28
25 30
25 31
25 33
25 38
25 45
26 27
26 30
26 33
26 34
26 41
26 45
27 34
27 35
27 41
27 43
28 36
28 37
28 38
28 39
28 47
29 35
29 36
29 39
29 43
30 31
30 33
30 34
30 41
30 45
31 33
31 38
31 45
32 40
32 46
32 48
33 45
34 35
34 40
34 41
35 41
35 43
35 44
36 37
36 38
36 44
36 47
36 49
37 43
37 44
37 47
37 49
38 47
38 48
39 43
40 44
40 46
40 49
41 42
41 45
41 46
42 43
44 46
44 49
47 49
