60 119
5 10 2 5 15 8 9 15 0 14 12 0 2 8 7 10 13 9 10 11 14 9 8 8 10 14 8 5 8 12 7 2 13 14 5 7 5 2 11 2 6 6 1 7 3 2 10 12 13 9 5 5 0 1 7 6 4 14 2 1 
0 10
0 24
0 47
1 34
1 49
2 19
2 32
2 35
3 12
3 23
3 29
4 22
4 40
4 51
5 22
5 24
5 26
5 30
5 38
6 26
6 35
7 8
7 13
7 34
7 35
7 38
8 32
8 46
8 50
8 53
8 56
9 10
9 12
9 30
9 47
10 34
10 39
10 51
11 32
12 27
12 30
12 31
12 34
12 36
13 29
14 18
14 22
14 26
14 48
14 53
14 59
15 20
15 25
15 32
15 38
15 53
16 20
16 23
16 26
16 44
16 59
17 25
18 21
18 31
19 40
20 52
21 29
21 30
21 55
21 56
22 47
22 52
23 27
23 36
24 27
24 34
24 44
25 53
25 55
26 50
27 30
27 33
27 47
27 59
28 45
28 48
28 54
28 59
29 33
29 37
30 37
30 40
30 43
30 47
30 48
30 53
30 59
33 46
35 51
35 58
36 53
37 40
37 48
37 53
40 43
40 52
40 56
41 52
42 47
42 53
43 53
43 59
44 54
45 52
48 52
50 51
55 59
56 57
58 59
