70 163
11 0 7 6 3 7 5 10 6 15 14 13 1 2 5 7 15 11 0 12 2 7 10 15 10 9 5 5 14 5 10 5 2 2 13 11 11 8 5 13 6 9 12 0 1 2 3 13 0 2 9 12 15 13 4 6 6 13 8 15 12 8 15 12 0 0 3 3 0 1 
0 16
0 25
0 58
0 61
1 8
1 27
1 39
1 43
2 3
2 17
3 35
3 41
3 54
3 57
3 63
4 28
4 30
4 37
4 62
5 14
5 19
5 30
5 47
5 65
6 13
6 20
6 36
6 38
6 41
6 47
6 55
6 65
7 48
8 25
8 33
8 40
9 16
9 49
9 56
9 69
10 34
11 15
11 47
11 65
11 68
12 20
12 30
13 14
13 43
13 47
13 50
13 64
14 22
14 31
14 40
14 41
15 16
16 58
16 68
17 63
18 23
18 26
18 54
18 56
19 65
20 65
21 38
21 55
22 24
22 32
22 36
22 48
23 40
23 57
23 69
24 30
24 42
24 54
24 63
25 27
25 32
25 36
25 43
25 47
25 55
25 57
26 32
26 56
26 60
27 44
27 49
27 67
28 39
28 43
28 58
28 61
29 42
29 56
29 58
29 64
30 38
30 42
30 53
30 58
30 61
31 40
31 59
32 40
32 42
32 44
32 54
32 61
32 63
33 37
33 39
33 49
34 40
34 43
35 46
35 57
35 66
36 44
36 66
37 38
37 51
37 52
38 43
38 50
38 58
39 56
39 68
40 45
40 47
40 50
41 59
42 43
42 62
44 52
45 51
45 58
46 49
46 58
47 49
47 51
48 68
49 67
50 51
52 66
53 68
54 55
54 62
55 59
55 66
56 61
56 62
58 59
58 62
59 60
60 62
60 68
64 67
65 67
68 69
