90 255
0 2 12 2147483648 8 6 4 15 2 11 10 3 13 5 11 1 12 13 12 13 5 3 9 0 9 12 0 10 13 11 13 5 12 0 14 6 9 7 12 6 7 13 14 4 15 10 5 12 11 10 11 1 6 14 1 6 12 13 13 15 6 9 7 9 9 3 9 15 11 5 8 4 15 13 15 13 4 6 3 6 14 12 15 11 11 9 12 6 2 6 
0 3
0 13
0 15
0 17
0 51
1 3
1 72
1 79
1 83
1 85
2 3
2 6
2 33
3 5
3 6
3 7
3 11
3 13
3 14
3 15
3 17
3 20
3 22
3 26
3 27
3 29
3 31
3 33
3 34
3 35
3 36
3 37
3 40
3 43
3 46
3 47
3 50
3 51
3 52
3 53
3 54
3 55
3 56
3 58
3 59
3 60
3 62
3 63
3 66
3 67
3 68
3 70
3 71
3 72
3 73
3 74
3 76
3 78
3 79
3 81
3 82
3 85
3 89
4 28
4 48
4 65
4 71
4 77
5 7
5 9
5 16
5 34
5 68
5 70
6 35
6 43
6 59
7 26
7 47
7 52
7 55
7 57
7 76
7 81
8 9
8 57
8 83
8 85
8 89
9 24
9 33
9 61
9 78
10 19
10 80
10 84
11 15
11 17
11 54
11 70
11 88
12 23
12 41
13 37
13 81
13 85
13 89
14 50
14 55
14 66
14 68
14 76
15 39
15 45
15 60
16 18
16 42
16 45
17 26
17 27
17 75
17 81
18 60
18 64
18 68
19 21
19 23
19 41
19 44
20 24
20 47
20 55
20 68
20 76
20 89
21 48
21 84
22 27
22 40
22 49
22 82
23 42
23 48
23 59
23 81
23 83
24 49
24 57
24 82
25 38
25 42
25 45
25 74
25 75
26 29
26 51
26 67
26 86
27 28
27 52
27 57
27 58
27 71
28 40
28 49
28 57
28 84
29 50
29 55
29 63
29 81
29 89
30 68
30 79
30 82
31 33
31 37
31 50
31 76
31 78
31 89
32 51
32 62
32 87
33 35
33 43
34 42
34 45
34 74
35 36
35 79
36 37
36 50
36 64
36 73
36 81
37 41
37 86
38 54
38 88
39 40
39 64
39 88
40 43
40 46
40 59
41 80
42 64
42 70
42 88
43 79
44 66
45 62
46 79
47 51
47 89
49 50
50 56
51 53
51 89
52 62
52 67
53 63
53 73
53 81
54 74
54 84
55 62
55 85
56 63
56 66
56 73
57 58
57 77
57 85
58 72
58 82
58 85
60 64
60 68
60 70
62 63
62 66
63 67
64 87
68 88
69 88
70 74
70 87
71 72
72 77
76 85
77 83
78 82
78 85
