70 163
14 0 0 1 6 2 0 6 4 9 6 1 9 2 15 1 10 14 0 2 9 15 0 6 12 15 10 0 11 0 8 13 8 6 4 6 6 12 3 0 6 14 9 8 9 8 10 10 6 15 1 6 12 10 15 9 5 11 6 3 5 4 13 7 11 13 10 6 4 14 
0 1
0 6
0 16
0 28
0 48
0 58
0 67
0 68
1 22
1 29
1 32
1 40
1 52
1 59
2 16
2 38
2 43
3 4
3 12
3 19
3 28
3 37
4 8
4 14
4 34
4 62
5 7
5 16
5 50
6 9
6 28
6 34
6 66
6 68
7 21
7 43
7 44
8 18
8 25
8 31
8 43
9 16
9 18
9 23
9 26
9 54
10 39
10 58
10 60
10 64
11 19
11 22
11 33
11 34
11 48
12 16
12 52
12 58
12 62
13 28
13 29
13 37
13 46
14 37
15 29
16 28
16 42
16 47
16 62
16 68
17 40
18 45
18 52
18 66
19 67
19 69
20 31
20 64
20 68
21 40
21 44
21 53
21 57
22 61
22 63
22 65
23 28
23 29
23 34
23 52
24 48
24 53
25 32
25 36
25 38
25 52
26 32
26 33
26 58
26 61
26 67
26 69
27 33
27 44
27 58
27 62
28 49
28 59
29 43
29 44
29 53
29 54
29 65
30 52
30 67
31 45
31 54
32 51
33 38
33 44
34 67
34 68
35 52
35 57
36 41
36 57
36 67
37 45
38 45
39 50
39 52
40 60
41 45
41 49
41 59
41 61
42 44
42 50
42 51
42 55
42 68
43 53
43 60
43 66
44 69
46 60
46 61
47 68
48 51
48 68
49 64
50 55
50 61
51 66
53 60
53 64
53 68
54 67
55 58
56 60
57 61
61 63
66 68
