80 233
5 1 14 13 13 7 3 5 4 6 5 8 13 7 4 15 8 13 7 0 3 6 12 5 7 11 12 10 5 6 2 9 10 8 10 12 1 11 5 1 1 6 4 15 3 7 15 11 13 7 0 1 1 5 8 8 12 0 1 1 15 12 3 15 12 4 13 4 14 6 14 13 3 15 13 7 0 11 7 13 
0 25
0 49
1 7
1 12
1 28
1 49
1 74
1 75
2 14
2 44
2 57
2 71
2 74
3 5
3 28
3 34
3 49
3 55
3 58
3 68
3 70
3 73
3 79
4 30
4 34
5 25
5 50
5 52
6 7
6 9
6 14
6 32
6 38
6 39
6 41
6 63
6 75
7 10
7 15
7 24
7 30
7 38
7 41
7 66
7 74
7 75
8 61
8 63
8 67
9 15
9 31
9 39
9 43
9 65
9 73
9 79
10 19
10 52
10 54
10 75
11 35
11 38
11 64
11 65
12 14
12 17
12 19
12 32
12 38
12 73
12 77
13 41
13 73
14 26
14 64
14 66
15 52
15 67
15 72
16 28
16 33
16 53
16 69
16 75
17 23
17 47
18 31
18 36
18 53
18 66
18 72
18 77
19 27
19 33
19 52
19 70
20 64
21 30
21 47
21 71
22 38
22 39
22 48
22 73
22 79
23 46
24 37
24 41
24 60
25 34
25 44
25 59
25 78
26 51
26 54
27 62
27 70
28 32
28 34
28 41
28 47
28 49
28 65
28 67
28 74
29 32
29 39
29 43
29 47
29 75
30 33
30 41
30 42
30 46
31 32
31 61
31 67
32 54
32 78
33 51
33 59
34 35
34 36
34 41
34 49
34 58
34 70
34 74
34 75
35 45
35 58
35 75
36 50
36 51
36 68
38 39
38 48
38 54
38 77
39 41
39 59
39 67
40 49
40 52
40 56
40 57
40 61
40 65
40 67
41 51
41 56
41 74
42 60
42 73
43 45
43 46
43 51
43 71
44 69
45 56
45 77
46 49
46 60
46 66
47 51
48 61
48 62
48 67
48 70
48 73
48 78
48 79
49 60
49 65
49 67
50 64
50 73
51 63
51 74
52 65
52 77
53 59
54 63
55 67
55 69
55 78
56 70
57 58
57 65
57 67
57 69
57 78
57 79
58 70
58 78
59 73
60 62
60 64
60 65
61 78
64 66
64 71
65 67
65 78
66 72
68 77
69 76
70 78
70 79
71 72
73 77
74 75
74 76
