100 273
2 4 14 17 27 19 4 29 0 28 11 28 3 28 21 7 20 8 9 19 19 30 25 25 7 17 10 25 0 18 23 3 30 13 22 6 11 13 15 14 12 28 11 5 3 25 23 16 22 6 13 5 31 16 24 26 30 6 27 31 7 26 10 28 22 21 9 4 11 20 30 11 30 21 5 18 20 21 12 9 5 2 21 5 21 9 25 4 26 12 18 13 11 25 25 5 31 25 1 30 
0 12
0 22
0 40
0 71
1 10
1 37
1 56
1 65
1 71
1 96
2 7
2 37
2 85
3 20
3 22
3 28
3 34
3 40
3 55
3 68
3 79
3 80
3 98
4 7
4 16
4 36
4 55
4 60
5 24
5 29
5 93
6 24
6 28
6 34
6 61
6 70
6 83
7 31
7 48
7 57
7 62
7 84
7 95
8 12
8 23
8 30
8 61
8 66
9 10
9 42
9 68
10 20
10 54
10 63
10 71
10 79
11 25
11 45
11 69
11 89
12 72
12 76
12 90
12 96
13 51
13 53
13 75
14 47
14 58
14 65
14 71
14 78
14 79
15 56
15 98
16 27
16 46
16 74
16 80
16 86
17 53
17 68
17 91
17 92
17 97
18 32
18 67
18 76
18 90
19 28
19 51
19 62
20 64
20 65
20 68
21 26
21 33
21 48
21 56
21 63
21 96
23 38
23 83
24 27
24 33
24 57
24 68
24 86
24 94
24 96
25 33
25 35
25 57
25 62
25 63
25 75
25 76
25 88
25 95
26 34
26 45
26 69
26 70
27 30
27 55
27 56
27 83
28 35
28 38
28 74
28 86
29 64
29 80
29 99
30 33
30 72
30 88
31 36
31 47
31 54
31 78
31 81
32 35
32 49
32 80
32 85
32 89
32 97
33 61
33 70
33 81
33 86
34 65
34 96
35 94
36 46
37 49
37 58
37 71
37 73
38 61
38 97
39 41
39 65
39 80
39 81
39 97
40 93
41 62
41 83
41 93
42 61
42 87
43 56
43 74
43 85
43 86
43 90
43 91
43 95
44 52
44 56
45 56
45 65
45 92
46 47
46 55
47 57
47 86
48 61
48 69
48 85
48 89
49 56
49 63
49 90
49 97
50 51
50 60
50 66
50 73
50 87
51 79
51 84
52 59
52 66
52 69
54 68
54 82
54 85
55 57
55 88
56 89
57 58
57 68
57 98
58 63
58 80
58 84
58 91
58 93
58 96
59 86
60 64
60 88
60 95
61 75
61 76
62 89
63 77
63 85
64 67
64 89
65 96
66 75
66 88
67 77
67 85
67 87
68 75
69 76
70 72
70 73
70 76
71 82
72 83
72 90
72 91
73 82
73 84
73 90
74 83
75 81
75 85
75 87
76 90
77 84
77 85
77 90
77 95
78 82
78 84
79 80
79 86
79 96
80 81
85 90
86 92
87 95
88 96
89 98
91 98
95 98
