40 87
7 1 4 7 0 0 2 6 7 4 7 6 7 3 2 0 1 5 1 7 6 0 3 1 5 0 3 7 1 7 0 4 5 5 3 3 6 0 0 1 
0 11
0 12
0 13
0 14
0 15
0 23
0 31
1 2
1 29
2 3
2 14
2 20
2 39
3 8
3 22
3 27
3 30
3 31
3 37
4 12
4 15
4 19
4 21
5 24
5 29
5 31
5 32
6 13
6 24
6 29
6 31
7 16
7 26
7 31
8 31
9 25
10 11
10 14
10 25
10 29
10 39
11 18
11 20
11 26
11 28
11 37
11 38
11 39
12 16
13 19
13 37
14 19
14 21
14 26
14 37
15 17
15 19
15 28
15 32
15 38
16 27
16 30
16 33
17 23
17 27
17 34
17 37
18 34
18 38
19 23
19 31
20 25
20 31
22 36
23 35
23 36
24 27
24 30
24 37
25 34
29 30
29 31
31 36
32 36
33 37
34 38
35 38
