40 285
1 2 3 2 5 3 5 7 7 1 0 3 1 0 6 2 5 1 6 6 1 5 7 3 3 2 0 1 6 7 5 2 0 7 0 5 3 0 1 4 
0 2
0 3
0 4
0 6
0 13
0 20
0 24
0 27
0 29
0 33
0 36
0 37
0 39
1 4
1 5
1 6
1 9
1 10
1 11
1 14
1 15
1 17
1 19
1 21
1 22
1 25
1 26
1 28
1 30
1 32
1 34
1 39
2 4
2 5
2 16
2 20
2 23
2 26
2 30
2 32
2 35
2 38
2 39
3 4
3 5
3 6
3 7
3 13
3 16
3 17
3 20
3 29
3 30
3 33
3 34
3 39
4 6
4 7
4 8
4 10
4 13
4 15
4 17
4 23
4 29
4 30
4 34
4 35
5 6
5 7
5 9
5 12
5 15
5 17
5 21
5 22
5 24
5 26
5 27
5 28
5 31
5 34
5 39
6 10
6 15
6 17
6 20
6 23
6 24
6 25
6 26
6 28
6 29
6 31
6 33
6 35
7 9
7 10
7 15
7 19
7 23
7 26
7 29
7 35
7 36
7 39
8 9
8 11
8 12
8 13
8 17
8 18
8 25
8 27
8 28
8 31
8 33
8 36
8 38
8 39
9 14
9 17
9 21
9 28
9 30
9 33
9 35
9 36
9 37
9 39
10 11
10 15
10 16
10 20
10 21
10 22
10 23
10 24
10 27
10 28
10 32
10 34
10 36
10 37
10 39
11 14
11 18
11 28
11 30
11 32
11 33
11 36
11 37
12 13
12 17
12 20
12 21
12 27
12 31
12 32
12 35
12 36
12 37
12 38
13 15
13 18
13 21
13 22
13 24
13 26
13 37
14 16
14 19
14 20
14 21
14 22
14 26
14 27
14 30
14 38
14 39
15 18
15 22
15 23
15 24
15 25
15 29
15 32
15 36
15 37
15 39
16 17
16 18
16 22
16 27
16 35
16 38
16 39
17 22
17 29
17 30
17 31
17 32
17 34
17 38
18 26
18 32
18 33
18 34
19 22
19 30
19 32
19 33
19 34
19 37
20 25
20 26
20 31
20 33
20 35
20 39
21 23
21 25
21 26
21 28
21 34
21 35
21 36
21 37
22 23
22 31
22 33
22 35
22 36
22 38
23 24
23 30
23 31
23 36
23 37
23 38
24 25
24 27
24 31
24 33
24 34
24 36
24 37
25 26
25 29
25 34
25 39
26 32
26 33
26 34
26 38
28 34
28 35
28 36
28 37
29 30
29 33
29 34
29 37
29 38
29 39
30 32
30 33
30 34
30 35
30 36
30 38
31 33
31 37
32 36
32 37
32 38
32 39
33 36
33 39
34 38
34 39
35 37
35 39
36 37
