100 200
7 15 2 26 16 1 10 7 2 18 10 18 17 30 27 20 3 0 13 12 21 31 30 29 8 23 6 8 13 23 13 29 14 11 11 18 22 29 27 0 7 21 15 3 13 6 15 8 28 7 23 23 21 5 31 6 5 14 28 9 13 3 3 12 25 30 6 23 27 3 18 9 23 18 14 9 25 3 0 1 27 15 25 14 27 10 27 6 8 2 3 29 18 9 29 30 12 12 1 1 
0 27
1 49
1 82
1 96
2 11
2 12
2 14
2 47
2 87
3 5
3 11
3 13
3 26
3 71
3 75
3 79
3 87
3 92
4 25
4 43
4 51
4 63
4 82
4 85
4 90
5 23
5 69
6 29
6 30
6 44
7 21
7 23
7 72
8 40
8 53
8 69
9 37
9 44
9 80
10 30
10 44
10 48
10 86
11 65
11 83
12 27
12 65
13 59
13 66
13 90
14 37
14 46
14 55
14 63
14 99
15 17
15 21
15 65
15 81
15 95
16 34
16 63
16 76
18 20
18 82
19 39
19 65
19 73
20 75
21 38
21 67
21 75
22 48
22 51
22 78
23 39
23 58
23 61
24 27
25 55
26 79
27 47
27 90
28 33
28 34
28 38
28 44
28 84
29 50
30 32
30 67
31 36
32 53
32 82
32 96
33 37
33 39
33 45
33 53
33 64
34 47
34 72
34 90
34 95
35 85
35 96
36 40
36 41
36 69
37 71
37 81
38 47
38 48
38 56
38 85
38 87
39 56
39 71
40 45
40 48
40 69
40 74
40 76
40 79
40 85
41 86
41 99
42 72
42 86
43 44
43 53
43 59
43 66
43 81
44 82
44 85
44 89
45 61
45 98
46 50
46 76
46 90
47 52
47 72
48 71
49 58
51 84
51 97
52 54
52 60
52 97
52 98
53 78
54 94
55 86
57 60
57 82
57 89
58 74
59 76
59 81
59 98
60 72
60 73
60 83
60 90
61 94
62 72
63 80
64 72
65 86
66 78
66 85
66 87
68 75
69 92
70 79
70 99
71 83
71 84
72 84
73 94
75 97
76 78
76 95
77 87
79 97
80 85
80 91
82 91
82 93
83 96
83 99
84 88
84 89
84 96
86 89
86 94
87 99
93 94
