70 117
0 1 2 11 8 8 10 5 5 14 1 6 4 5 5 4 8 12 5 13 9 14 0 7 3 4 12 3 13 13 15 13 8 10 1 14 0 7 4 8 0 11 15 1 14 1 13 2 14 3 12 2 6 4 10 0 11 12 0 7 11 11 6 0 13 11 8 7 14 8 
0 4
0 6
0 62
1 32
1 37
1 38
1 42
1 44
1 51
2 3
2 4
3 7
3 26
3 32
3 42
4 5
4 57
5 28
5 37
5 64
6 15
6 68
7 55
8 51
8 61
8 65
9 31
9 64
10 32
11 22
11 28
11 33
11 46
11 52
11 58
12 15
12 27
12 44
12 49
12 52
12 54
12 55
13 25
13 29
14 25
14 38
14 64
15 19
15 33
15 46
15 52
16 26
16 38
16 42
16 52
17 22
17 43
18 29
18 67
20 26
20 32
20 34
20 38
20 52
21 24
21 38
22 27
22 29
22 52
22 59
23 28
23 60
24 44
24 69
26 39
26 41
26 52
26 53
27 45
27 46
28 68
29 30
29 41
29 57
30 37
30 60
31 38
31 49
31 60
31 62
32 36
32 44
33 52
34 61
35 45
35 48
36 40
36 50
37 57
38 52
38 69
39 41
40 58
43 57
43 66
46 52
46 61
46 64
47 49
47 57
48 63
56 58
56 59
57 63
58 69
60 68
65 66
