60 168
6 3 14 14 4 0 8 13 3 9 2 7 8 13 10 5 9 2 8 5 12 5 9 9 3 4 6 4 13 4 8 9 8 10 0 10 3 10 9 10 3 14 7 1 1 10 7 4 14 10 10 7 1 15 5 5 9 7 11 2 
0 2
0 14
0 16
0 29
0 35
0 43
0 46
0 50
1 3
1 7
1 8
1 9
1 16
1 30
1 36
1 39
2 14
2 21
2 22
2 27
2 39
2 43
2 53
3 27
3 30
3 37
3 42
3 55
4 12
4 27
4 43
4 58
5 13
5 28
5 30
5 45
5 55
6 7
6 25
6 29
6 33
6 51
6 52
7 12
7 20
7 45
7 46
7 47
7 50
7 53
8 12
8 20
9 21
9 30
9 35
9 36
9 49
9 59
10 38
10 46
10 52
11 37
12 29
12 40
12 45
12 48
13 16
13 17
13 26
13 45
13 53
13 55
13 56
14 15
14 27
14 34
14 43
15 19
15 31
15 33
15 42
15 50
16 20
16 27
16 36
16 48
17 25
17 27
17 59
18 44
19 27
19 57
20 43
21 44
21 49
22 26
22 31
22 51
23 24
23 46
23 48
24 31
24 40
24 47
24 58
25 37
25 52
26 35
26 55
27 38
27 41
27 43
27 46
27 48
28 43
28 53
29 34
29 41
30 31
30 33
30 41
30 58
30 59
31 32
31 42
31 48
31 59
32 40
32 41
32 56
32 57
33 42
33 44
33 57
34 35
34 36
34 55
35 40
35 54
35 57
36 41
36 48
37 42
37 45
38 46
38 55
39 47
40 41
40 43
40 50
40 53
41 53
42 47
42 52
43 46
43 59
44 56
46 47
46 50
46 51
46 58
48 50
49 53
50 51
51 58
52 54
52 58
56 58
