90 179
13 14 11 12 0 8 13 12 0 10 13 15 2 5 15 7 4 10 7 7 2 15 12 9 13 5 6 3 3 9 2 4 4 7 9 10 6 3 3 2 12 15 10 1 15 14 10 3 5 4 12 10 1 1 5 11 15 1 6 2 4 13 13 5 14 10 12 10 1 9 7 4 0 8 5 0 8 7 12 3 0 10 12 7 9 5 3 4 4 3 
0 3
0 4
0 11
0 42
1 36
1 53
1 82
1 88
2 28
2 64
2 72
2 77
3 37
3 73
4 5
4 10
4 46
4 60
5 9
5 11
5 72
5 89
6 12
6 38
6 59
6 73
6 85
7 17
7 29
7 57
7 58
7 86
8 18
8 21
8 40
8 84
9 48
9 59
9 63
11 59
11 73
12 50
13 14
13 43
13 79
14 66
14 85
15 24
15 26
15 31
15 34
15 76
16 22
16 43
16 65
16 83
17 71
17 86
18 48
18 56
19 29
19 55
19 58
19 65
19 68
19 72
20 39
20 44
20 55
20 58
20 85
21 38
21 48
21 59
22 54
22 62
22 81
23 69
23 78
24 29
24 40
24 65
24 83
25 87
26 50
26 53
26 82
27 28
27 30
27 33
27 64
27 73
28 56
30 48
30 56
30 63
31 64
31 77
31 87
32 41
32 54
32 61
32 62
33 34
33 63
33 84
34 53
34 64
34 75
35 36
35 44
35 55
35 70
35 88
36 60
36 73
36 84
37 42
37 70
37 88
38 40
39 46
39 47
39 49
39 71
40 64
40 80
41 50
41 74
41 82
42 46
42 49
43 55
43 62
43 66
44 46
44 60
44 68
45 51
45 69
45 76
47 52
47 67
47 70
49 52
49 70
50 51
50 76
51 74
52 71
52 86
53 84
54 69
54 82
54 88
55 73
55 81
55 83
57 84
58 71
58 74
60 89
61 63
61 74
61 75
61 79
62 79
63 89
65 81
66 72
66 83
67 86
69 87
72 88
76 87
77 78
78 87
81 88
84 89
