35 213
3 3 6 5 2 0 2 6 3 6 1 0 4 0 4 5 5 7 0 4 4 1 1 6 4 3 5 7 7 2 0 7 5 0 3 
0 1
0 2
0 5
0 14
0 17
0 21
0 23
0 24
0 26
0 27
0 28
0 30
0 31
0 32
0 33
1 3
1 5
1 9
1 10
1 11
1 12
1 13
1 15
1 20
1 23
1 24
1 27
1 30
1 31
1 33
1 34
2 4
2 6
2 7
2 9
2 15
2 17
2 20
2 21
2 25
2 30
3 4
3 8
3 11
3 13
3 14
3 21
3 22
3 23
3 26
3 28
3 31
4 5
4 8
4 9
4 10
4 12
4 13
4 14
4 22
4 27
4 34
5 8
5 10
5 14
5 20
5 21
5 31
5 33
5 34
6 9
6 10
6 11
6 19
6 20
6 23
6 25
6 28
6 30
6 31
7 11
7 14
7 22
7 34
8 9
8 10
8 11
8 14
8 15
8 16
8 18
8 25
8 27
8 29
8 31
9 14
9 15
9 17
9 21
9 26
9 27
9 29
9 33
9 34
10 12
10 15
10 16
10 18
10 21
10 25
10 26
10 30
10 32
11 14
11 21
11 25
11 26
11 27
11 30
11 34
12 13
12 14
12 15
12 18
12 21
12 24
12 26
12 28
12 30
12 32
13 17
13 18
13 21
13 22
13 26
13 31
13 33
14 15
14 16
14 17
14 19
14 23
14 25
14 27
14 31
14 33
15 16
15 29
15 30
15 33
16 28
16 30
16 34
17 18
17 19
17 21
17 26
17 27
18 19
18 20
18 25
18 26
18 27
18 28
18 31
18 32
18 33
19 20
19 21
19 33
19 34
20 24
20 25
20 26
20 29
20 33
21 22
21 26
21 31
21 33
22 33
23 25
23 27
23 30
23 31
23 32
23 34
24 29
24 30
24 33
24 34
25 28
25 29
25 34
26 29
26 31
26 32
26 33
26 34
27 28
27 29
27 30
27 31
27 33
27 34
28 31
28 33
28 34
29 30
29 34
30 31
30 34
32 34
