25 105
0 1 2 1 1 3 2 0 3 1 3 1 3 3 0 2 2 1 3 3 3 1 3 0 1 
0 1
0 5
0 6
0 10
0 12
0 13
0 15
0 16
0 22
0 23
1 3
1 5
1 10
1 12
1 13
1 22
1 23
1 24
2 8
2 10
2 16
2 18
2 24
3 6
3 11
3 12
3 16
3 17
3 18
3 20
3 22
3 23
3 24
4 8
4 16
4 18
4 24
5 6
5 7
5 9
5 12
5 13
5 14
5 16
5 23
5 24
6 8
6 9
6 10
6 13
6 15
6 17
6 18
6 24
7 9
7 14
7 16
7 20
7 21
7 23
7 24
8 11
8 15
8 16
8 18
9 12
9 16
9 17
9 20
9 21
9 24
10 12
10 13
10 17
10 18
10 20
10 23
11 13
11 21
11 22
11 23
12 13
12 14
12 17
12 23
12 24
13 16
13 18
13 23
15 17
15 21
15 24
16 17
16 19
16 20
16 22
17 19
17 22
17 23
17 24
18 21
19 22
20 22
20 24
22 24
