90 197
12 9 8 10 2 10 2 5 11 3 8 14 3 5 2 6 2 6 5 10 6 1 14 8 1 10 14 15 6 7 4 0 10 15 14 5 9 6 12 0 0 2 6 3 9 3 8 13 12 0 4 12 5 6 0 8 1 2 11 11 7 2 7 1 13 5 8 3 1 14 13 1 9 14 0 6 3 4 4 1 14 9 14 9 5 6 13 7 11 4 
0 39
0 47
0 48
0 54
0 61
1 3
1 15
1 28
1 49
1 61
2 7
3 19
3 39
3 45
3 47
3 73
3 84
4 34
4 35
4 81
4 87
5 26
5 30
5 32
5 65
5 73
5 84
5 85
6 16
7 38
7 39
7 47
7 86
8 69
9 39
9 65
10 16
10 18
10 45
10 61
10 62
11 16
11 45
11 61
11 72
12 28
12 43
12 77
13 23
13 40
13 83
14 17
14 33
14 38
14 56
14 81
14 83
14 89
15 27
15 33
15 51
15 87
16 19
16 50
16 61
16 72
17 46
17 65
17 82
18 36
18 38
18 49
18 79
19 20
19 43
19 50
19 60
19 61
19 62
19 89
20 26
20 52
21 46
21 48
21 70
22 38
22 56
22 72
23 28
23 54
23 70
23 77
24 46
24 70
24 73
24 76
25 45
25 59
25 63
25 66
25 68
26 56
26 80
28 33
28 61
28 73
28 82
28 85
28 88
29 52
29 53
29 54
29 77
29 83
30 39
30 50
30 82
31 35
31 37
32 43
32 67
33 57
35 54
35 58
36 40
36 78
37 41
37 45
37 51
37 70
38 60
38 81
39 80
40 56
40 88
41 54
41 63
42 54
43 57
44 45
44 53
44 75
45 69
45 72
45 85
46 51
46 79
46 80
46 82
46 87
47 60
48 52
48 54
48 75
48 78
49 60
49 61
49 84
49 85
50 69
51 57
51 67
51 76
51 80
51 87
52 84
52 87
53 57
54 74
55 56
55 67
55 72
56 63
56 71
56 89
57 82
58 61
58 85
59 79
59 81
59 87
61 62
61 72
61 85
62 72
62 73
63 67
64 65
64 66
64 70
66 71
68 76
68 83
71 82
72 88
73 84
74 88
