90 223
2147483651 15 13 11 6 4 15 0 11 0 14 9 15 7 8 7 12 8 9 11 5 10 8 4 5 9 4 6 14 2 14 9 12 14 1 3 15 13 11 2 9 7 4 4 15 7 2 0 1 1 6 10 8 10 12 0 8 9 0 9 8 7 9 11 8 7 8 7 4 4 10 15 5 1 13 2 0 0 14 10 4 6 5 6 15 4 7 8 6 2 
0 2
0 5
0 7
0 8
0 10
0 12
0 13
0 15
0 18
0 19
0 21
0 22
0 23
0 24
0 27
0 28
0 30
0 32
0 34
0 37
0 38
0 41
0 43
0 44
0 45
0 46
0 47
0 48
0 50
0 53
0 57
0 59
0 61
0 62
0 63
0 64
0 66
0 67
0 68
0 69
0 71
0 72
0 74
0 76
0 77
0 79
0 80
0 82
0 83
0 84
0 85
0 87
0 88
1 61
1 81
2 57
2 59
2 87
3 15
3 26
3 56
3 70
4 16
4 36
4 62
4 88
5 24
5 48
5 76
6 56
6 70
6 89
7 21
7 42
7 71
7 87
8 14
8 44
8 85
9 28
9 54
9 73
10 32
10 35
10 46
10 86
11 41
11 49
11 51
11 52
12 18
12 19
12 48
12 50
12 76
13 42
13 63
13 79
14 70
14 73
14 75
15 18
15 50
15 57
15 71
15 87
16 46
16 52
16 86
17 41
18 23
18 62
18 64
18 82
19 20
19 23
19 45
19 72
21 23
21 40
21 64
21 73
21 83
22 66
22 74
22 75
22 80
23 37
23 71
24 62
24 82
25 32
25 49
25 52
25 86
26 29
27 53
27 66
27 80
28 42
28 44
28 63
29 65
29 70
30 41
30 51
30 61
31 65
31 70
31 89
32 34
32 77
33 60
33 65
34 41
34 49
35 72
36 51
36 52
36 60
36 61
37 45
37 82
37 83
38 52
38 68
38 74
38 80
39 42
40 48
40 62
41 77
42 54
42 78
43 64
43 82
43 83
44 69
44 73
44 78
45 48
46 70
46 77
46 88
47 50
47 57
47 76
48 82
49 50
50 72
52 77
53 84
54 63
54 81
55 65
57 62
58 67
58 75
58 78
59 62
59 64
61 77
61 88
62 76
63 69
63 79
64 87
65 89
66 78
67 79
67 85
68 84
69 79
69 81
69 85
71 72
72 82
73 81
75 81
75 85
78 79
78 81
80 84
