90 135
2 9 7 2 14 0 14 1 13 2 14 6 13 8 7 12 1 14 14 9 11 6 10 9 6 9 9 5 2 9 13 1 8 11 11 8 3 2 15 13 12 15 8 2 9 0 3 4 13 2 0 15 2 14 9 13 7 13 0 4 3 5 12 13 11 15 13 3 8 10 4 2 2 1 0 13 8 4 7 12 4 4 11 3 9 14 3 3 4 11 
0 28
0 34
1 13
1 34
2 37
2 56
2 79
2 84
3 9
3 18
3 21
3 28
3 30
3 70
3 81
4 17
4 27
4 30
4 70
4 74
5 69
5 72
5 80
6 12
6 24
6 58
6 71
6 72
7 21
8 32
10 28
10 47
10 63
10 75
10 78
11 29
11 73
12 22
12 50
13 21
13 29
13 68
14 22
14 31
14 59
14 87
15 37
15 56
15 78
15 85
16 33
16 41
16 46
16 54
16 89
17 36
17 53
18 39
19 39
19 59
19 89
20 49
20 65
20 76
20 82
21 32
22 58
23 41
23 50
23 89
24 50
24 89
25 87
26 27
26 40
28 81
29 42
29 44
30 53
31 58
31 69
32 68
32 70
34 56
34 73
35 42
35 74
36 40
36 76
36 82
37 51
38 40
38 43
38 55
38 64
39 60
40 56
40 69
40 80
41 43
42 62
42 79
43 54
43 75
43 86
44 62
44 68
45 53
45 57
46 51
48 65
49 54
49 86
51 62
51 79
52 89
53 76
55 56
55 78
55 87
57 79
57 80
57 84
58 64
61 79
61 80
62 77
65 67
65 88
66 80
68 77
69 78
69 87
75 83
82 86
