90 135
9 0 8 15 6 13 15 3 10 11 6 12 7 1 11 0 0 15 5 2 5 3 2 8 0 7 2 3 6 7 4 2 10 9 10 8 14 8 9 15 12 15 7 13 9 8 0 11 13 13 10 8 9 11 15 3 4 2 1 14 6 13 15 3 9 8 0 14 2 7 3 12 14 15 8 8 1 2 9 5 3 7 15 14 11 11 14 2 5 1 
0 23
0 26
0 35
0 38
1 13
1 14
1 46
1 50
1 59
2 54
2 88
3 5
3 11
3 40
3 57
3 67
4 45
4 59
4 66
4 85
5 10
5 15
5 37
6 26
6 52
6 81
7 47
7 62
8 30
8 39
9 55
9 80
11 23
11 25
12 13
12 50
12 80
12 87
13 31
13 32
14 46
14 82
15 75
16 48
16 75
17 47
17 84
18 48
18 85
19 21
19 24
19 44
19 53
20 23
21 22
21 26
21 47
21 82
22 41
22 44
23 27
23 40
24 69
24 79
24 86
25 28
25 29
25 57
26 62
26 71
29 61
29 71
30 75
30 77
30 83
30 86
32 42
32 80
33 41
33 66
33 85
34 48
34 64
35 51
35 60
35 62
35 74
36 37
36 48
36 56
36 65
36 72
38 40
38 74
38 76
39 42
40 88
41 58
42 61
42 68
42 71
42 73
43 50
43 59
43 66
44 55
44 58
45 89
47 53
47 63
48 77
48 86
49 56
49 57
49 86
52 57
53 65
53 78
54 56
57 71
58 85
58 89
60 75
60 77
61 80
62 63
63 65
63 72
70 77
72 86
74 75
77 83
81 84
83 87
84 86
