90 267
9 7 1 5 5 0 14 10 15 11 7 15 12 4 7 9 10 6 9 9 6 6 6 1 10 11 2 15 11 8 1 4 13 4 1 7 9 11 15 7 7 1 6 14 2 1 11 13 5 7 15 0 15 8 4 14 13 9 0 6 15 13 2 7 11 6 6 6 7 13 5 9 1 13 0 3 5 14 7 10 6 9 5 0 2 2 10 1 8 9 
0 13
0 20
0 28
0 35
0 43
0 57
1 2
1 24
1 25
1 34
1 39
1 60
1 76
1 81
2 9
2 14
2 25
2 79
2 81
2 85
2 87
2 89
3 5
3 12
3 13
3 31
3 32
3 47
3 56
3 61
3 83
4 20
4 38
4 44
4 69
5 13
5 26
5 32
5 43
5 47
5 53
5 56
6 30
6 47
6 54
6 65
6 73
6 76
6 77
6 88
7 36
7 45
7 59
7 72
7 86
8 24
8 41
8 85
9 22
9 60
10 18
10 80
11 22
11 36
11 40
11 57
11 60
11 74
11 77
12 21
12 27
12 66
12 76
12 85
13 28
13 32
13 43
13 88
14 20
14 35
14 66
14 72
14 79
14 87
15 36
16 32
16 62
16 72
17 18
17 21
17 32
17 44
17 50
17 52
18 23
18 26
18 54
18 66
18 87
18 88
19 23
19 34
19 40
19 42
19 58
19 60
19 61
19 76
19 84
20 26
20 28
20 35
20 49
20 57
20 66
21 27
21 70
21 75
21 82
21 88
22 59
22 61
23 42
23 47
23 69
23 86
24 32
24 47
24 49
24 63
24 85
25 46
25 52
25 60
25 67
25 69
25 74
25 76
25 79
25 80
25 81
26 61
26 68
26 76
26 81
27 28
27 44
27 49
27 82
27 85
28 32
28 33
28 43
28 50
28 57
28 62
28 85
29 31
29 35
29 47
29 57
29 68
29 82
30 66
31 64
31 67
32 38
32 43
32 56
32 65
32 88
33 39
33 47
34 58
34 60
34 76
34 84
35 57
35 66
35 67
35 87
35 89
36 57
36 79
36 85
37 40
37 57
37 78
38 80
38 82
39 64
39 87
40 58
42 80
42 86
43 45
43 54
43 57
43 59
44 51
44 57
45 54
45 55
46 50
46 54
46 64
46 66
46 72
46 86
46 89
47 56
47 58
47 61
47 84
48 50
48 78
48 82
49 59
49 67
50 68
51 83
51 84
52 69
52 71
52 74
52 86
53 56
53 69
54 75
55 59
55 72
55 84
55 89
56 61
56 84
57 65
57 66
58 60
58 61
58 73
58 77
58 84
58 89
59 73
60 76
61 63
61 84
63 86
66 77
66 79
66 87
67 76
68 88
69 80
70 75
70 76
71 74
71 75
74 79
75 77
75 89
76 81
79 81
79 87
80 82
81 87
83 89
