50 74
2 4 6 3 3 6 5 3 0 6 6 1 0 6 0 6 7 0 2 5 5 6 5 6 3 3 5 3 3 0 2 5 6 7 2 3 3 7 6 7 2 3 4 4 2 3 2 1 1 2 
0 21
0 31
1 6
1 32
2 15
3 13
3 15
3 31
4 5
5 6
5 16
5 34
6 9
6 11
6 37
7 8
7 19
7 49
8 25
8 33
9 32
9 34
10 22
10 23
10 28
11 23
12 25
13 17
13 36
13 40
14 30
15 35
15 36
16 21
16 49
17 41
18 20
18 25
18 48
19 33
19 43
20 44
21 22
21 26
21 39
21 49
22 27
23 47
24 27
24 41
24 48
25 30
25 31
25 33
25 49
26 30
27 29
27 36
27 40
28 44
28 47
30 34
31 35
32 37
33 39
33 43
35 37
37 38
39 46
42 46
42 48
44 48
45 49
47 49
