70 458
0 13 15 5 5 13 5 3 14 12 11 1 6 5 11 6 13 15 1 3 7 0 0 8 0 7 11 2 6 8 14 2 15 4 5 7 0 13 11 1 9 13 15 6 2 8 1 4 3 2 11 4 14 13 0 5 12 11 15 8 3 6 0 3 5 6 14 13 4 8 
0 1
0 13
0 24
0 25
0 27
0 31
0 36
0 39
0 48
0 49
0 52
0 64
0 67
1 5
1 11
1 17
1 24
1 29
1 30
1 31
1 38
1 39
1 44
1 55
1 63
2 3
2 4
2 6
2 18
2 29
2 30
2 32
2 33
2 34
2 42
2 45
2 47
2 50
2 52
2 61
2 62
2 69
3 5
3 6
3 7
3 13
3 14
3 22
3 30
3 38
3 39
3 43
3 49
3 53
3 61
3 62
3 69
4 7
4 13
4 18
4 22
4 27
4 52
4 54
4 57
5 10
5 22
5 37
5 42
5 43
5 44
5 46
5 53
5 55
5 57
6 10
6 11
6 16
6 25
6 31
6 41
6 43
6 52
6 62
6 63
6 64
6 66
7 8
7 11
7 19
7 23
7 29
7 30
7 32
7 35
7 39
7 43
7 47
7 48
7 50
7 57
8 10
8 11
8 20
8 24
8 26
8 29
8 35
8 39
8 43
8 50
8 54
8 63
8 64
9 17
9 22
9 27
9 28
9 40
9 45
9 46
9 56
9 59
10 18
10 20
10 36
10 37
10 42
10 46
10 47
10 56
10 57
10 59
10 63
10 69
11 15
11 21
11 25
11 32
11 34
11 37
11 38
11 47
11 57
11 64
12 14
12 19
12 20
12 23
12 27
12 29
12 31
12 32
12 34
12 46
12 47
12 51
12 55
12 59
12 60
13 18
13 28
13 35
13 37
13 39
13 40
13 42
13 63
13 66
13 67
13 68
14 38
14 42
14 45
14 48
14 53
14 57
14 62
14 69
15 18
15 22
15 31
15 36
15 44
15 45
15 57
15 59
16 17
16 24
16 27
16 31
16 46
16 47
16 51
16 54
16 56
16 62
16 63
17 24
17 27
17 30
17 31
17 46
17 49
17 50
17 55
17 58
17 62
17 65
17 69
18 27
18 32
18 35
18 39
18 41
18 44
18 48
18 63
18 67
18 68
18 69
19 21
19 22
19 23
19 25
19 29
19 31
19 41
19 42
19 45
19 47
19 49
19 56
19 63
19 68
20 21
20 22
20 25
20 27
20 31
20 33
20 41
20 46
20 61
20 64
20 66
21 22
21 26
21 28
21 32
21 36
21 63
21 65
22 24
22 33
22 41
22 43
22 44
22 53
22 60
22 62
22 63
23 35
23 38
23 42
23 44
23 51
23 61
23 68
24 25
24 39
24 41
24 49
24 57
24 62
25 26
25 30
25 33
25 35
25 39
25 44
25 60
25 63
25 65
25 66
26 28
26 33
26 41
26 47
26 55
26 58
26 61
26 65
27 32
27 36
27 40
27 41
27 43
27 45
27 47
27 57
27 66
28 38
28 41
28 50
28 62
28 64
29 34
29 35
29 41
29 52
29 56
29 65
29 66
29 68
30 33
30 36
30 42
30 44
30 45
30 52
30 59
30 67
31 33
31 40
31 43
31 61
31 62
31 63
31 68
32 43
32 44
32 53
32 57
32 59
33 36
33 40
33 45
33 46
33 47
33 48
33 50
33 53
33 59
33 61
34 39
34 40
34 41
34 42
34 43
34 47
34 50
34 56
34 64
35 38
35 40
35 50
35 62
35 68
36 37
36 46
36 49
36 55
36 58
36 59
36 68
37 41
37 47
37 51
38 46
38 51
38 59
38 60
38 61
38 62
39 64
40 42
40 43
40 46
40 47
40 53
40 59
41 45
41 54
41 55
41 58
41 59
41 63
41 64
41 68
41 69
42 43
42 51
42 56
42 64
42 67
43 45
43 59
43 65
43 69
44 47
44 54
44 57
44 68
45 49
45 55
45 62
45 63
45 69
46 49
46 64
46 67
47 49
47 54
47 66
48 58
48 62
48 66
48 67
49 51
49 62
49 64
50 51
50 52
50 65
50 67
50 69
51 60
51 62
51 64
53 56
53 57
53 67
54 58
54 62
55 61
55 66
55 68
56 57
56 60
56 62
56 65
56 66
57 58
57 61
57 62
57 65
57 68
59 62
59 65
60 61
60 62
60 63
62 67
63 66
64 65
64 66
67 69
