90 206
9 4 12 5 10 13 12 15 1 7 12 7 4 4 12 1 1 9 4 15 0 11 14 15 1 12 14 4 13 0 3 14 9 0 2 14 11 2147483648 0 7 8 15 0 6 1 7 13 12 13 7 9 15 11 13 7 15 5 6 7 14 9 1 2 5 0 13 7 11 5 0 15 9 7 6 13 6 0 1 3 8 13 1 14 10 3 4 0 8 6 6 
0 3
0 32
0 37
0 41
0 57
0 66
1 37
1 56
1 73
2 25
2 29
2 37
2 81
2 82
2 87
3 8
3 13
3 28
3 69
3 77
4 10
4 31
4 63
4 70
5 37
5 60
5 65
5 76
5 85
6 21
6 29
6 37
6 54
6 64
6 83
7 37
7 43
7 60
7 62
7 76
8 17
8 41
8 84
9 39
10 12
10 24
10 79
11 13
11 40
11 77
12 22
12 31
12 75
13 57
13 71
14 15
14 37
14 44
14 59
15 22
15 25
15 29
15 37
15 47
15 54
16 42
16 52
16 67
16 68
17 27
17 28
18 37
18 39
18 56
18 73
18 86
19 21
19 37
19 45
19 83
20 37
20 39
20 86
21 37
21 44
21 59
23 37
23 73
23 86
24 34
24 75
24 89
25 37
25 78
25 89
26 37
26 45
26 81
26 82
27 32
27 37
27 41
28 32
28 71
29 37
29 44
29 50
29 74
30 37
30 41
30 66
30 84
32 37
32 80
33 35
33 37
33 52
33 67
34 79
35 37
35 43
35 55
35 60
36 37
36 58
36 82
36 87
37 38
37 39
37 40
37 41
37 43
37 44
37 45
37 47
37 50
37 54
37 56
37 57
37 58
37 59
37 60
37 61
37 64
37 65
37 66
37 67
37 72
37 73
37 74
37 76
37 78
37 80
37 81
37 82
37 83
37 86
37 87
38 39
38 56
40 57
40 66
42 65
42 85
43 46
44 45
44 81
45 50
46 55
46 62
47 72
47 74
47 78
48 53
49 62
49 76
49 85
50 58
50 82
50 83
51 67
52 55
53 64
53 87
54 59
54 72
55 68
57 80
58 61
58 74
60 67
60 68
61 64
61 83
61 88
62 68
64 72
64 74
65 67
66 77
68 85
70 79
71 80
74 87
77 84
78 87
