90 268
14 8 1 2 10 9 15 4 14 15 3 13 3 2 10 11 4 1 5 15 13 15 1 14 6 15 10 6 3 15 11 6 9 5 7 10 15 15 12 13 3 13 11 0 4 3 4 13 11 15 2 11 7 0 3 5 14 1 9 7 4 14 13 10 15 7 3 0 7 2 15 11 15 3 1 5 6 15 4 2 8 11 6 6 1 0 7 2 3 11 
0 31
0 42
0 46
0 51
0 72
0 73
0 81
1 11
1 36
1 73
1 79
1 82
1 89
2 9
2 14
2 28
2 54
2 80
3 9
3 23
3 32
3 43
3 58
3 83
4 20
4 61
4 67
4 69
4 76
4 77
5 14
5 36
5 52
5 64
5 79
5 85
5 87
5 89
6 7
6 29
6 41
6 61
6 67
6 76
7 15
7 24
7 29
7 37
7 41
7 44
7 71
7 86
8 13
8 34
8 56
8 59
8 65
8 66
8 80
9 12
9 20
9 23
9 25
9 32
9 88
10 17
10 33
10 34
10 86
11 12
11 30
11 36
11 72
11 73
11 79
11 82
12 42
12 45
12 81
13 34
13 38
13 49
13 57
13 59
13 66
14 47
14 48
14 50
14 85
14 87
15 19
15 24
15 44
15 60
15 63
16 35
16 45
16 52
16 70
17 22
17 47
17 48
17 50
17 54
17 62
17 80
18 23
18 63
18 82
19 26
19 27
19 44
19 45
19 55
19 60
19 63
19 78
20 25
20 37
20 69
20 74
20 77
20 88
21 26
21 27
21 42
21 46
21 60
21 81
22 50
22 53
22 54
22 62
22 65
23 25
23 32
23 43
23 83
24 29
24 41
24 44
24 63
25 31
25 32
25 69
25 88
26 27
26 33
26 42
26 60
26 78
26 81
27 60
27 63
27 81
28 53
28 56
28 79
29 41
29 44
29 61
30 54
30 69
31 34
32 45
32 70
32 83
32 88
33 34
34 40
34 53
34 56
34 59
34 65
35 44
36 39
36 79
36 85
36 89
37 71
38 72
39 52
39 85
40 49
40 63
40 68
40 70
41 61
41 67
42 46
42 51
42 81
43 49
43 57
43 58
43 83
44 63
45 50
45 82
46 51
46 72
46 81
47 48
47 50
47 52
47 54
47 87
48 50
48 78
48 85
48 87
49 57
49 58
49 59
49 66
50 52
50 54
51 72
51 73
51 82
52 75
53 54
53 56
53 62
53 65
53 80
54 62
55 67
55 88
56 59
56 62
56 64
56 65
57 58
57 66
57 83
58 66
58 83
59 66
60 63
60 68
60 70
61 67
61 74
61 76
62 65
62 84
64 70
67 70
67 76
67 77
69 76
69 77
69 88
71 73
71 80
71 89
72 73
72 82
73 82
76 77
77 88
79 80
79 82
79 89
85 87
85 89
87 89
