70 123
1 4 11 3 4 9 3 15 4 2 11 10 1 4 15 0 0 6 4 8 7 10 9 15 5 5 0 9 13 8 15 7 2 9 6 4 8 13 3 3 3 5 5 10 3 4 14 5 4 14 12 15 11 4 6 10 6 1 0 14 3 11 3 14 2 2 8 2 13 8 
0 4
0 21
0 39
0 43
0 54
1 26
1 38
1 67
2 13
2 32
2 62
3 45
4 10
4 29
4 57
5 17
5 28
5 47
6 20
6 29
7 46
8 22
8 24
9 14
9 26
9 38
9 45
10 13
10 19
10 46
10 62
11 31
12 24
12 40
12 44
12 58
13 34
13 51
14 41
14 52
14 55
15 17
15 40
15 47
15 58
16 20
16 36
16 45
16 51
16 64
17 21
17 43
17 54
18 20
18 26
18 45
19 22
19 35
19 48
19 50
19 54
19 57
19 67
20 68
23 27
23 53
23 61
23 63
24 31
24 41
24 55
25 49
25 61
25 63
27 44
27 56
28 30
28 43
28 60
29 31
29 46
29 54
29 59
29 69
30 63
30 68
31 58
31 64
32 34
33 50
33 69
34 68
35 56
35 65
36 68
37 41
37 42
37 54
38 52
39 42
39 57
40 49
40 63
40 66
41 45
41 64
42 43
42 60
44 55
44 63
46 51
46 64
47 49
48 51
48 52
48 68
51 68
52 56
54 58
55 56
57 62
59 68
68 69
