70 123
3 15 3 10 2 10 10 9 10 3 14 1 6 13 0 2 11 1 1 6 3 10 5 10 12 14 9 2 1 3 0 11 10 13 10 11 8 7 4 8 1 2 5 15 14 8 7 6 0 0 5 0 2 10 7 6 7 2 4 0 4 6 8 14 11 12 3 0 8 15 
0 3
0 24
0 38
0 41
1 36
1 42
1 56
2 9
3 16
3 17
3 58
4 25
4 37
4 39
5 17
5 22
6 11
6 27
6 43
6 51
7 28
7 31
7 42
8 31
8 47
8 58
8 59
9 12
9 14
9 22
9 57
10 11
10 53
10 63
11 23
11 51
12 26
12 29
12 30
12 50
12 60
12 65
12 69
13 29
13 53
14 45
15 22
15 36
16 43
16 44
17 57
17 63
18 43
18 46
19 58
19 68
20 59
20 64
21 60
22 28
22 40
22 56
22 58
22 65
23 47
23 62
24 62
25 27
25 31
25 46
25 50
25 64
25 67
26 45
27 28
27 61
27 62
27 63
27 65
27 69
28 44
28 60
30 34
31 37
31 48
32 34
32 67
33 38
33 52
33 56
33 64
35 58
36 64
37 38
37 50
39 53
40 49
41 49
41 50
41 61
43 48
44 56
44 60
45 49
45 51
47 67
48 54
50 62
51 66
52 54
52 63
52 64
53 67
54 56
54 60
54 65
55 61
55 67
56 60
56 65
58 59
58 67
65 67
