90 177
9 0 8 4 0 4 5 9 3 0 1 3 1 3 3 6 0 9 4 8 1 1 9 0 5 12 12 1 5 13 2 0 0 10 3 5 1 13 8 0 2 4 4 15 13 9 1 14 14 13 6 9 5 7 8 5 9 14 3 12 12 2 2 6 6 2 14 12 8 5 7 10 8 14 11 4 10 10 7 13 0 10 2 12 7 1 8 1 5 14 
0 21
0 25
0 37
1 28
1 72
2 64
3 9
3 15
3 37
3 56
4 88
5 31
5 71
5 78
5 87
6 37
6 55
7 13
7 43
7 61
8 25
8 40
8 71
8 87
8 88
9 22
9 35
9 79
10 24
10 47
10 48
10 52
10 78
10 82
10 87
11 21
11 25
11 46
11 49
11 57
11 58
11 88
12 44
12 47
12 54
12 65
12 77
13 16
13 27
13 41
13 72
13 74
14 16
14 18
14 49
14 52
15 22
15 29
15 61
15 85
16 38
16 48
16 83
17 33
17 35
17 71
17 80
18 49
18 55
18 68
19 44
19 73
19 77
20 50
21 30
21 43
21 46
21 74
22 45
22 59
22 86
23 74
23 84
24 27
24 83
24 86
25 86
26 29
26 38
26 42
26 61
27 37
27 39
27 64
28 29
28 52
28 72
28 78
29 32
29 38
29 56
29 66
29 74
29 89
30 45
30 49
30 55
30 62
31 38
31 54
31 70
31 77
32 76
32 83
33 45
34 42
34 43
34 49
36 49
36 66
36 68
36 88
37 86
38 44
38 58
38 67
38 71
38 89
39 40
39 83
39 84
40 48
40 60
40 63
40 72
41 44
42 66
42 71
42 79
42 88
43 55
43 71
44 76
45 69
47 60
47 63
48 51
50 56
50 66
50 68
51 60
51 84
52 83
53 57
54 72
54 78
55 70
55 75
56 80
58 75
58 76
59 61
59 73
61 67
63 86
64 88
65 69
65 72
65 76
65 78
67 73
67 77
73 78
76 77
80 81
80 89
86 87
