40 90
2 1 2 2 3 5 7 4 5 2 5 7 3 7 0 1 4 7 1 4 5 5 7 2 2 2 1 5 5 6 4 1 3 3 2 2 1 6 5 5 
0 6
0 10
0 14
0 15
0 33
1 6
1 12
1 15
1 16
1 26
1 29
1 34
2 17
2 21
2 29
2 35
2 36
2 39
3 7
3 13
4 26
4 34
4 39
5 7
5 11
5 14
5 16
5 23
5 31
5 32
5 39
6 14
6 18
6 20
6 25
7 17
7 22
7 31
7 33
8 37
8 39
9 14
9 20
9 38
10 13
11 29
11 31
11 33
11 37
12 17
12 30
12 31
12 38
13 19
13 25
13 28
13 29
13 37
13 39
14 17
14 19
15 22
15 30
16 22
16 26
16 32
17 18
17 24
17 28
18 30
19 27
19 28
20 32
20 35
21 24
22 29
22 35
23 32
24 30
24 36
25 36
26 36
27 37
27 38
27 39
32 36
32 37
32 38
33 36
34 39
