90 244
13 3 8 14 15 5 2 8 14 5 2 11 5 5 5 6 15 10 14 11 10 2 11 14 13 1 8 2 14 12 0 11 12 10 0 13 15 8 2 6 10 5 4 0 10 10 9 8 0 7 7 2 11 3 6 11 4 2 13 10 8 8 0 10 8 8 5 9 4 6 3 9 11 3 14 8 9 7 7 1 1 0 10 2 12 1 12 9 15 15 
0 1
0 39
0 40
0 46
0 55
0 75
0 84
0 89
1 7
1 23
1 30
1 37
1 53
1 58
1 68
1 83
2 55
2 57
2 74
2 89
3 5
3 6
3 34
3 44
3 59
4 45
4 47
4 85
5 25
5 67
5 81
5 83
6 21
6 27
6 46
6 81
6 82
7 11
7 30
7 45
7 51
7 70
7 76
7 78
7 85
8 52
8 55
9 10
9 31
9 66
9 86
10 89
11 15
11 33
11 40
11 58
11 65
11 83
11 86
12 32
12 59
12 87
13 15
13 20
13 22
13 31
13 42
13 69
14 23
14 46
14 60
14 72
14 76
15 33
15 60
15 86
15 88
16 21
16 24
16 37
16 60
16 72
17 28
17 40
17 49
17 59
17 64
17 65
18 38
18 60
19 31
19 58
19 64
19 67
19 81
20 21
21 32
21 36
21 53
21 61
21 78
22 36
22 78
22 86
23 25
23 32
23 41
23 64
23 68
23 80
24 43
24 49
24 63
24 86
25 31
25 35
25 48
25 50
25 52
25 59
26 28
26 38
26 43
26 62
26 65
27 43
27 71
28 33
28 83
28 87
28 88
29 34
29 38
29 59
29 66
29 73
31 44
31 78
31 88
32 81
33 39
33 62
34 37
34 74
34 82
35 40
35 49
35 59
35 74
35 87
35 89
36 69
36 76
37 38
37 41
37 45
37 47
37 55
38 56
38 58
38 76
38 83
39 46
39 83
40 50
40 56
40 62
40 83
40 89
41 42
42 71
43 82
44 79
45 58
46 50
46 53
46 59
46 66
47 52
47 68
48 49
48 64
48 67
48 71
49 63
50 54
50 64
50 80
50 81
52 55
52 57
52 75
52 88
53 76
53 77
53 80
54 69
54 76
54 77
54 79
54 85
55 56
56 65
56 71
56 74
56 84
57 73
57 85
58 62
59 62
59 89
60 61
60 71
61 69
61 77
61 82
62 71
62 88
63 65
63 74
64 88
65 77
66 75
66 77
66 82
67 72
68 75
68 77
68 82
68 85
70 72
70 73
70 85
72 84
72 85
73 75
73 89
76 86
78 79
78 80
78 81
80 83
80 86
80 88
