50 103
3 7 2 7 4 2 1 1 1 1 5 1 7 7 5 3 4 1 6 5 1 7 5 0 7 4 3 7 0 6 6 2 1 3 6 0 1 0 3 3 0 6 3 4 3 2 7 6 3 5 
0 5
0 6
0 7
0 10
0 24
0 31
0 34
1 8
2 22
2 37
2 38
2 42
3 15
3 23
3 27
3 34
3 36
3 39
3 40
4 31
4 44
5 21
5 40
6 21
6 22
6 31
6 32
7 15
7 24
7 46
8 28
8 49
9 22
9 30
9 32
9 44
9 46
10 20
10 38
10 48
11 13
11 27
11 35
11 44
12 21
12 23
12 38
12 46
13 16
13 19
13 24
13 26
13 31
13 42
14 19
14 22
14 30
15 19
15 27
15 43
16 27
16 42
16 44
17 19
17 20
17 24
18 42
19 35
19 38
19 43
20 29
20 42
21 23
21 33
21 40
21 43
21 49
22 25
22 41
23 48
24 34
25 29
25 38
26 33
27 33
27 41
27 48
29 35
30 38
30 44
30 45
31 36
31 42
32 43
33 45
33 47
35 43
36 41
36 49
37 45
39 49
40 43
47 49
