100 490
31 1 14 8 15 9 26 13 23 25 21 1 30 0 1 3 21 21 24 18 31 10 15 24 4 28 2 6 6 4 9 20 6 20 25 8 28 17 6 9 25 1 20 6 7 9 21 25 6 15 16 26 17 19 16 19 9 25 17 1 29 0 20 24 24 2 18 24 12 25 28 0 17 31 27 2 16 4 21 28 2 14 7 3 12 15 18 31 15 21 7 7 13 9 12 24 17 12 11 17 
0 12
0 18
0 22
0 34
0 35
0 38
0 39
0 57
0 62
0 66
0 86
0 93
1 2
1 4
1 23
1 27
1 31
1 46
1 48
1 98
2 4
2 15
2 25
2 36
2 44
2 45
2 50
2 53
2 57
2 58
2 59
2 69
2 91
3 4
3 9
3 24
3 40
3 42
3 68
3 69
3 74
3 78
3 84
3 97
3 99
4 10
4 19
4 20
4 21
4 34
4 36
4 45
4 59
4 67
4 81
4 88
5 13
5 16
5 54
5 61
5 62
5 72
6 17
6 18
6 20
6 33
6 43
6 44
6 53
6 73
6 82
7 27
7 29
7 33
7 43
7 48
8 16
8 23
8 43
8 70
8 77
8 87
8 97
9 11
9 21
9 24
9 49
9 62
9 64
9 84
10 13
10 24
10 49
10 69
10 91
10 93
10 96
11 12
11 15
11 31
11 41
11 51
11 55
11 67
11 73
11 76
11 78
11 92
12 15
12 17
12 20
12 26
12 35
12 42
12 65
12 69
12 80
12 82
12 86
12 87
13 17
13 50
13 80
13 89
13 99
14 16
14 50
14 54
14 78
14 81
14 82
14 83
14 84
14 90
15 49
15 50
15 51
15 57
15 61
15 68
15 75
15 83
15 85
15 91
16 17
16 19
16 20
16 23
16 25
16 31
16 37
16 44
16 46
16 66
16 82
17 29
17 30
17 40
18 19
18 44
18 58
18 82
18 85
19 25
19 32
19 38
19 39
19 47
19 50
19 57
19 65
19 69
19 80
19 92
20 21
20 29
20 48
20 69
20 70
20 76
20 79
20 81
21 65
21 69
21 76
21 89
22 30
22 33
22 46
22 47
22 49
22 54
22 61
22 68
22 78
22 79
22 99
23 33
23 42
23 53
23 55
23 57
23 59
23 76
23 88
23 93
24 26
24 41
24 56
24 62
24 65
24 80
24 84
24 99
25 31
25 43
25 69
25 80
26 34
26 38
26 47
26 56
26 70
26 71
26 77
26 93
27 34
27 48
27 57
27 58
27 60
27 85
28 58
28 67
28 81
28 88
28 92
28 96
29 32
29 33
29 44
29 72
29 79
29 84
29 91
30 59
30 64
30 69
30 80
30 81
31 34
31 76
31 84
31 86
32 51
32 56
32 70
33 43
33 46
33 53
33 63
33 64
33 74
33 84
33 93
34 39
34 52
34 64
34 91
35 42
35 46
35 63
35 70
35 71
35 73
35 76
36 39
36 59
36 89
36 91
37 43
37 66
37 69
37 70
37 79
37 81
37 90
38 44
38 49
38 51
38 54
38 55
38 67
38 68
38 73
38 75
38 81
38 88
38 92
39 40
39 62
39 78
39 83
40 44
40 45
40 59
40 90
41 43
41 46
41 50
41 73
41 76
41 92
41 98
42 63
42 77
42 85
42 95
42 99
43 44
43 45
43 66
43 68
43 80
44 45
44 49
44 50
44 54
44 66
44 68
44 71
44 75
44 94
45 75
46 54
46 59
46 76
46 89
47 49
47 64
47 87
47 99
48 49
49 51
49 55
49 57
49 70
49 85
49 90
49 95
50 67
50 82
50 86
51 57
51 59
51 64
51 70
51 71
51 82
51 83
51 86
52 72
52 76
52 80
52 81
52 83
52 84
52 90
52 97
53 58
53 66
53 68
53 85
53 90
53 93
54 55
54 56
54 62
54 71
54 75
54 85
54 86
55 56
55 74
55 76
55 95
56 59
56 68
56 74
56 81
56 93
57 60
57 63
57 99
58 64
58 84
58 99
59 64
59 97
60 61
60 64
60 73
60 74
61 68
61 72
61 82
61 91
61 96
61 99
62 75
62 93
62 95
63 65
63 67
63 88
63 97
63 98
64 66
64 68
64 72
64 88
64 95
65 67
65 76
65 78
65 84
65 93
65 96
66 74
67 73
67 82
67 84
68 71
68 72
68 75
68 84
68 92
69 79
69 81
69 92
69 97
70 75
70 91
71 74
71 81
71 88
71 99
72 78
72 86
72 90
72 94
73 76
73 77
73 90
73 99
74 83
74 88
76 83
76 99
77 79
77 81
77 98
78 89
78 97
78 98
79 85
79 91
80 84
80 94
80 95
81 88
81 92
82 89
83 93
83 95
83 96
83 97
83 99
84 87
85 93
86 88
86 97
87 93
87 98
88 89
88 92
88 97
90 97
92 94
93 97
