60 268
13 13 11 5 15 8 2 5 1 6 3 3 3 8 12 10 2 11 7 15 0 14 9 15 0 12 1 13 2 2 7 10 4 10 8 14 13 5 13 4 3 12 14 12 14 10 10 6 9 13 5 1 7 15 4 0 4 12 12 15 
0 10
0 14
0 17
0 18
0 25
0 28
0 29
0 31
0 32
0 42
0 43
0 45
0 56
0 57
1 21
1 23
1 34
1 57
2 4
2 18
2 22
2 30
2 32
2 33
2 44
2 45
2 47
2 55
3 4
3 6
3 14
3 17
3 25
3 30
3 43
3 51
3 52
3 53
3 59
4 11
4 19
4 20
4 27
4 34
4 41
4 48
4 51
4 52
4 59
5 6
5 28
5 29
5 37
5 42
6 23
6 36
6 43
6 56
6 57
6 59
7 14
7 16
7 20
7 50
7 53
7 57
8 18
8 38
8 40
8 50
9 10
9 11
9 12
9 13
9 23
9 25
9 26
9 28
9 30
9 34
9 42
9 49
9 54
10 11
10 12
10 13
10 19
10 23
10 24
10 26
10 34
10 46
11 19
11 24
11 26
11 32
11 34
11 48
11 59
12 13
12 16
12 17
12 23
12 26
12 28
12 30
12 33
12 34
12 36
12 46
12 53
13 14
13 22
13 23
13 30
13 33
13 36
13 47
14 17
14 25
14 43
14 44
14 51
14 52
14 59
15 16
15 30
15 34
15 35
15 48
16 30
16 31
16 33
16 38
16 39
16 40
16 44
17 25
17 28
17 43
17 45
17 51
17 56
18 19
18 22
18 27
18 32
18 45
18 47
18 55
18 56
18 58
19 26
19 34
19 35
19 40
19 48
19 52
19 57
19 59
20 26
20 35
20 36
20 38
20 41
21 24
21 26
21 36
21 39
21 40
21 49
21 55
21 58
22 23
22 30
22 33
22 47
22 52
22 55
22 58
23 26
23 30
23 33
23 43
23 46
24 29
24 31
24 44
24 45
24 54
24 55
25 29
25 32
25 41
25 42
25 43
25 45
25 56
26 34
26 37
26 48
26 56
27 28
27 29
27 32
27 40
27 46
27 48
27 53
28 40
29 31
29 41
29 54
30 33
30 47
31 50
32 45
32 47
32 55
32 56
33 38
33 47
33 51
33 55
34 35
34 45
34 48
36 49
37 46
37 58
38 40
38 41
39 44
39 45
39 46
39 48
39 54
40 51
41 44
41 46
41 51
41 54
41 59
42 53
42 54
43 44
43 51
43 52
43 56
44 53
45 55
45 56
47 50
47 55
47 59
48 51
48 52
48 53
48 55
48 59
49 50
50 51
51 52
51 53
51 59
52 59
54 55
55 56
