30 90
7 2 2 2 3 2 7 4 2 5 6 6 3 1 7 7 6 1 0 5 5 0 1 2 0 5 1 2 1 6 
0 4
0 12
0 15
0 20
0 21
0 22
1 4
1 8
1 11
1 14
1 23
1 28
2 5
2 7
2 8
2 17
2 19
2 25
2 27
2 29
3 5
3 6
3 9
3 18
3 19
3 25
4 11
4 14
4 15
4 22
5 6
5 17
5 18
5 19
5 25
6 9
6 10
6 18
6 19
7 8
7 23
7 25
7 26
7 28
7 29
8 23
8 28
8 29
9 10
9 13
9 16
9 18
9 27
10 13
10 16
10 18
10 24
11 14
11 15
11 22
11 28
12 13
12 16
12 20
12 21
12 24
13 16
13 21
13 24
14 22
14 23
14 28
15 20
15 21
15 22
16 17
16 18
16 24
16 26
19 25
19 27
19 29
20 21
20 22
20 24
21 24
21 26
23 28
23 29
25 29
