90 134
11 14 9 12 11 14 5 3 1 1 5 1 13 0 15 2 14 12 5 12 12 15 7 10 1 5 0 15 3 5 7 14 2 1 2 0 8 11 7 12 9 9 7 9 5 13 10 5 7 4 1 5 11 5 11 0 2 15 14 11 5 8 13 6 2 0 0 9 3 15 2 10 14 8 12 13 15 0 8 14 5 10 2 4 7 3 9 7 13 11 
0 21
1 56
1 80
2 7
2 9
2 64
3 10
3 40
3 48
3 54
3 78
4 6
5 23
5 78
6 28
6 31
7 79
8 38
8 56
8 69
8 75
8 79
9 33
9 68
10 23
10 30
10 54
11 17
11 50
11 63
12 21
12 30
12 33
13 17
13 53
13 82
14 60
15 21
15 52
15 67
16 81
17 49
18 20
19 34
19 44
19 47
19 89
20 28
20 34
21 30
21 34
21 39
21 53
21 60
22 27
22 37
22 76
22 78
23 31
23 80
24 31
25 33
26 66
26 72
26 76
26 83
26 87
27 44
27 47
27 86
28 42
29 51
29 70
29 84
30 32
30 39
30 45
30 51
30 56
30 57
30 61
30 68
31 77
33 43
33 62
34 72
35 42
35 50
36 58
36 65
37 44
37 45
38 63
39 62
40 89
41 44
42 50
42 59
42 63
43 84
44 74
45 55
46 78
47 72
49 50
49 71
49 82
50 56
51 69
52 73
52 81
53 83
54 57
55 82
55 85
57 60
58 60
58 88
59 83
59 87
61 67
63 77
64 75
64 79
65 81
66 77
67 87
68 78
69 70
70 75
73 84
73 88
77 78
81 84
