100 298
23 14 13 31 6 17 17 25 11 23 18 23 12 3 31 31 31 16 25 17 7 24 23 3 27 21 23 8 9 6 14 16 18 11 27 0 22 24 1 0 30 24 21 8 14 2 19 30 28 13 17 20 15 26 19 28 13 8 15 28 31 4 18 6 7 5 28 14 13 14 23 1 25 4 24 23 20 30 6 31 18 30 21 26 15 14 21 27 10 10 10 29 3 3 21 0 10 19 1 16 
0 23
0 33
0 35
0 59
0 81
0 83
1 6
1 14
1 29
1 48
1 55
1 63
2 12
2 15
2 25
2 41
2 50
2 76
2 88
3 13
3 33
3 52
3 66
3 78
4 8
4 19
4 46
4 49
4 67
4 72
5 8
5 19
5 68
5 74
5 91
5 97
6 14
6 27
6 40
6 50
6 54
6 63
6 71
7 26
7 38
7 61
7 69
7 82
8 21
8 46
8 63
8 68
9 29
9 37
9 42
9 53
9 82
9 94
10 72
10 94
11 31
11 34
11 43
11 57
11 60
11 61
11 85
12 15
12 25
12 30
12 76
12 81
12 88
13 33
13 34
13 55
13 65
13 85
13 89
14 27
14 40
14 48
14 63
14 71
14 97
15 25
15 76
16 17
16 38
16 69
16 81
16 87
16 97
16 98
17 21
17 34
17 52
17 64
17 81
17 87
17 90
17 97
18 20
18 40
18 62
18 67
18 71
18 84
19 46
19 68
19 87
19 94
19 99
20 21
20 22
20 27
20 31
20 62
20 77
20 97
21 22
21 32
21 59
21 76
21 77
21 81
21 89
22 27
22 48
22 62
22 77
22 79
22 83
22 98
23 35
23 52
23 59
23 79
24 68
24 74
24 75
24 77
25 41
25 79
25 88
25 95
26 80
26 82
26 84
26 87
26 94
27 40
27 62
27 71
28 32
28 39
28 57
29 48
29 50
29 54
29 64
29 85
29 87
29 98
30 63
30 92
30 95
31 39
31 43
31 53
31 57
31 95
32 77
32 95
33 52
33 58
33 78
33 91
34 60
34 85
34 89
35 41
35 54
35 59
35 79
35 82
35 83
35 88
35 96
36 47
36 60
36 66
37 39
37 42
37 44
37 53
37 94
38 45
38 69
38 82
38 84
38 97
39 42
39 43
39 53
39 86
39 90
40 41
40 47
40 71
41 66
41 79
41 88
42 53
42 93
43 57
43 86
44 86
44 93
45 81
45 87
46 49
46 70
46 80
47 85
48 49
48 70
48 98
49 70
49 80
49 98
50 51
50 86
50 92
51 65
51 68
51 75
51 78
52 59
52 78
53 75
53 86
55 64
56 67
56 81
56 96
57 60
57 86
60 81
60 89
61 67
61 93
62 77
62 91
64 65
65 92
66 92
66 94
67 70
67 89
68 74
68 91
69 84
69 87
69 93
70 78
70 80
70 87
70 98
71 81
72 78
73 74
73 77
74 76
74 80
74 91
74 93
76 87
76 91
77 81
77 85
77 94
77 97
78 85
78 89
78 95
79 88
79 96
80 98
81 87
81 97
81 99
82 94
85 89
86 87
89 92
90 93
91 98
