70 171
3 15 8 7 5 6 9 10 12 9 10 10 11 11 3 12 14 2 3 11 11 2 12 12 1 14 3 6 15 15 1 12 11 2 3 13 2 6 14 12 14 7 4 12 8 5 8 12 9 7 1 13 2 11 0 13 4 0 1 10 0 4 5 6 5 7 10 15 7 4 
0 10
0 51
0 53
0 69
1 7
1 39
1 65
2 3
2 8
2 13
2 22
2 36
2 57
2 65
3 16
3 24
3 50
3 63
3 66
4 55
4 62
4 63
5 7
5 13
5 31
5 58
6 14
7 24
7 39
7 49
7 56
8 16
8 19
8 64
8 66
9 15
9 20
9 21
9 46
9 51
9 63
9 66
9 69
10 13
10 60
10 65
11 53
11 66
12 20
12 56
12 58
12 65
12 67
13 37
13 42
13 51
13 53
13 55
13 66
14 19
14 29
14 30
14 69
15 16
15 19
15 24
15 49
15 54
15 55
16 46
17 18
17 24
17 33
17 43
17 63
17 68
17 69
18 40
18 66
19 23
19 32
19 52
19 57
19 59
20 34
20 49
21 24
21 25
21 29
21 41
22 36
22 49
23 48
23 50
24 28
24 37
24 52
24 54
25 26
25 36
25 46
25 48
25 68
26 28
26 52
26 59
26 60
26 65
27 47
27 65
28 29
28 43
28 49
29 44
30 32
30 39
30 54
30 56
30 62
30 66
31 45
32 53
32 59
33 60
33 63
34 47
34 53
35 46
35 55
35 64
36 40
36 41
36 44
36 63
37 46
37 63
38 40
38 41
38 58
39 49
40 49
40 64
42 53
43 60
44 48
44 58
45 46
46 64
47 48
47 58
48 49
48 61
49 58
49 59
49 68
50 56
52 53
52 66
52 69
53 57
53 65
55 64
56 60
57 62
57 67
58 61
59 62
60 65
60 69
62 65
64 69
