100 449
23 20 25 21 26 11 9 16 7 2 24 15 29 13 18 1 6 0 7 20 0 7 4 2 14 24 28 15 13 21 21 20 15 17 15 3 3 20 0 22 24 9 30 6 18 3 4 5 18 31 3 10 27 3 3 19 17 2 0 18 3 7 4 13 6 23 5 1 22 12 0 29 26 17 17 2 27 24 4 6 20 18 20 3 14 2 4 29 5 21 21 19 3 14 15 21 12 16 10 5 
0 2
0 13
0 17
0 32
0 34
0 37
0 56
0 63
0 70
0 77
1 7
1 10
1 12
1 33
1 53
1 57
1 75
1 81
1 97
2 14
2 17
2 31
2 44
2 56
2 63
2 70
2 82
3 17
3 21
3 26
3 32
3 43
3 52
3 67
3 82
3 89
4 5
4 17
4 20
4 45
4 55
4 68
4 84
5 9
5 74
5 80
5 82
5 84
5 90
6 15
6 25
6 27
6 36
6 66
6 68
6 86
6 91
6 96
7 10
7 33
7 52
7 57
7 62
7 75
7 81
7 97
8 15
8 18
8 20
8 25
8 29
8 35
8 74
8 86
8 96
8 99
9 11
9 16
9 22
9 30
9 38
9 68
9 69
9 91
9 95
10 13
10 32
10 33
10 43
10 52
10 57
10 97
11 30
11 38
11 47
11 53
11 62
11 75
11 85
11 95
12 16
12 28
12 30
12 75
12 81
12 83
12 92
12 97
13 37
13 47
13 53
13 55
13 62
13 63
13 77
13 85
14 17
14 31
14 34
14 44
14 56
14 65
14 70
14 76
14 89
15 25
15 36
15 48
15 74
15 86
15 93
15 96
15 99
16 23
16 28
16 75
16 81
16 83
16 92
16 94
17 31
17 37
17 56
17 63
17 70
18 38
18 48
18 57
18 81
19 23
19 36
19 46
19 61
19 66
19 71
19 80
19 83
19 93
19 94
20 24
20 51
20 64
20 71
20 78
20 80
20 87
20 93
21 32
21 33
21 43
21 52
21 56
21 67
21 82
21 89
22 27
22 30
22 36
22 38
22 68
22 69
22 83
22 91
23 61
23 66
23 68
23 80
23 83
23 92
23 94
24 29
24 42
24 45
24 46
24 49
24 51
24 54
24 73
24 78
24 87
24 88
25 27
25 36
25 46
25 71
25 74
25 86
25 96
26 31
26 41
26 50
26 58
26 67
26 79
26 82
26 89
26 90
27 36
27 61
27 68
27 69
27 86
27 91
28 38
28 75
28 81
28 83
28 92
28 94
28 97
29 35
29 59
29 72
29 73
29 74
29 84
29 98
29 99
30 38
30 47
30 53
30 69
30 90
30 95
31 39
31 44
31 65
31 70
31 76
32 33
32 43
32 52
32 67
32 82
33 43
33 52
33 57
33 77
34 51
34 54
34 61
34 75
34 76
35 59
35 74
35 84
35 87
35 96
35 98
35 99
36 68
36 86
36 91
37 52
37 56
37 62
37 63
37 77
37 85
38 47
38 69
38 91
38 95
39 40
39 41
39 42
39 44
39 45
39 49
39 65
39 76
40 42
40 44
40 45
40 49
40 60
40 65
40 76
40 88
41 50
41 58
41 59
41 60
41 72
41 79
41 84
42 45
42 49
42 51
42 59
42 87
42 88
43 52
43 57
43 63
43 82
44 58
44 65
44 70
44 76
45 49
45 65
45 72
45 76
45 88
46 71
46 98
47 53
47 62
47 85
47 95
47 97
48 99
49 76
49 84
49 87
49 88
50 58
50 60
50 65
50 67
50 72
50 79
50 89
51 64
51 78
51 87
51 88
51 93
51 99
52 57
53 62
53 77
53 85
53 95
54 69
55 59
55 73
56 63
56 70
56 77
57 75
57 85
57 97
58 60
58 67
58 79
58 82
58 89
59 60
59 72
59 84
59 98
59 99
60 72
60 79
60 84
60 90
60 98
61 66
61 71
61 80
61 83
61 92
61 94
62 77
62 85
62 95
63 77
63 85
64 66
64 71
64 78
64 80
64 87
64 93
64 96
65 70
65 76
66 71
66 80
66 93
66 94
67 70
67 82
67 89
68 69
68 86
68 91
69 91
69 92
69 95
71 73
71 78
71 80
71 93
72 79
72 84
72 90
72 98
74 78
74 96
74 98
74 99
75 81
75 97
76 79
77 85
78 87
78 88
78 93
79 84
79 89
80 86
80 93
81 92
81 95
81 97
82 89
83 92
83 94
84 98
86 96
87 88
88 98
91 94
92 94
96 99
98 99
