50 124
2 0 3 0 0 4 5 0 7 6 4 6 3 3 2 6 7 5 0 7 7 4 3 2 0 0 6 3 6 0 6 6 3 0 6 0 7 6 2 2 0 2 4 2 2 4 6 2 2 2 
0 1
0 12
0 22
0 36
0 37
1 7
1 17
1 19
1 29
1 30
2 15
2 19
2 21
2 30
2 37
2 39
2 40
3 17
3 28
3 30
3 36
3 40
3 41
3 42
3 45
4 46
4 49
5 7
5 18
5 20
5 26
5 45
6 7
6 11
6 30
6 34
7 41
8 10
8 13
8 21
8 23
8 25
8 40
9 23
10 11
10 14
10 15
10 20
10 25
10 30
10 42
10 46
11 16
11 42
12 21
12 35
12 40
13 14
13 27
13 35
14 17
14 20
14 22
14 28
14 35
14 47
15 24
15 34
15 36
15 49
16 22
16 27
16 30
16 38
16 39
16 40
17 19
17 22
17 36
17 38
18 20
18 23
18 25
18 46
19 25
19 26
19 38
19 40
19 43
19 48
20 30
21 40
22 43
22 49
23 31
23 32
24 30
24 31
24 40
24 47
24 49
25 31
25 32
25 39
26 36
26 44
26 49
27 33
27 36
28 36
28 41
30 37
30 43
32 40
33 39
36 37
37 45
39 43
39 44
40 49
41 46
42 46
44 48
47 48
