100 275
9 25 7 14 16 24 14 31 7 14 0 14 28 2 28 5 19 26 29 14 9 5 0 1 7 30 21 30 20 5 10 18 1 30 15 16 21 26 27 0 1 20 21 9 24 27 24 29 18 19 13 21 28 23 0 28 24 13 24 3 13 25 14 12 9 15 10 8 26 2 18 2 2 17 5 5 2 1 3 21 15 28 28 14 23 18 30 9 17 11 0 14 8 6 9 6 7 13 0 12 
0 2
0 80
0 90
0 98
1 2
1 18
1 36
1 47
1 73
2 9
2 62
3 6
3 13
3 18
3 20
3 33
3 44
3 58
3 66
3 70
3 73
3 86
4 19
4 26
4 37
4 60
4 71
5 28
5 62
5 96
6 11
6 23
6 32
6 36
6 38
6 49
6 57
6 58
6 76
6 85
6 88
6 96
7 13
7 37
7 42
7 74
8 15
8 24
8 25
8 54
8 65
8 95
9 58
9 72
9 94
10 52
10 60
10 64
10 86
11 38
11 78
11 84
12 62
12 64
12 73
12 88
12 89
13 36
13 43
13 58
13 76
13 80
13 90
13 97
14 15
14 22
15 34
15 54
15 60
15 61
15 81
16 64
16 91
17 32
17 49
17 82
17 86
17 93
17 94
18 20
18 40
18 51
18 57
18 91
19 59
19 60
19 61
19 66
19 73
19 84
19 86
19 95
20 43
20 71
20 74
20 78
20 85
21 35
21 43
22 38
22 46
22 52
22 66
22 67
22 69
23 27
23 75
24 35
24 48
24 68
25 33
25 74
25 84
25 86
25 93
26 43
26 51
26 67
27 62
27 63
27 74
27 91
28 66
28 71
28 94
29 72
29 89
29 95
30 76
30 80
31 55
31 75
31 77
32 47
32 80
32 82
32 84
33 79
33 96
34 43
34 46
34 89
35 57
35 96
36 47
36 62
36 63
36 69
36 85
37 55
38 47
38 51
38 54
38 59
38 69
38 73
38 77
39 53
39 78
39 98
40 43
40 87
40 97
41 43
41 47
41 62
41 92
42 44
42 76
42 79
42 90
42 96
43 52
43 68
43 89
45 46
45 54
45 60
45 72
45 82
46 48
46 57
46 74
46 82
48 52
48 70
48 95
49 55
50 58
50 69
51 58
51 76
51 87
52 55
53 73
53 97
54 74
54 76
54 78
55 59
55 62
55 69
55 87
56 62
56 88
56 95
57 77
57 94
58 65
58 69
58 81
59 85
60 72
60 80
61 84
61 88
61 89
61 95
62 66
62 85
62 99
63 83
63 90
63 96
63 99
65 67
65 82
66 76
66 78
66 79
66 87
66 97
67 83
68 78
68 81
68 87
71 74
71 93
72 75
73 74
73 87
73 94
73 95
74 84
74 85
74 87
74 93
74 96
75 77
75 82
76 87
77 93
78 94
82 95
82 97
83 90
83 99
85 86
86 91
89 91
89 97
90 98
91 92
91 94
93 97
