70 238
13 0 9 7 12 2 14 11 13 12 4 4 4 9 2 14 6 15 10 15 15 9 7 5 2 2 2 6 3 12 10 2 9 3 13 4 6 12 6 7 4 10 1 6 1 15 7 5 11 5 7 1 1 12 13 4 12 10 3 10 0 2 12 4 11 8 13 1 13 15 
0 42
0 53
0 56
0 57
1 6
1 8
1 15
1 32
1 36
1 42
1 46
1 48
1 50
1 55
1 64
2 21
2 26
2 28
2 37
2 38
2 42
2 58
2 63
3 13
3 19
3 27
3 29
3 39
3 47
3 50
3 61
3 63
4 9
4 16
4 19
4 39
4 41
4 53
4 62
5 8
5 17
5 19
5 21
5 25
5 29
5 41
5 55
5 58
5 63
5 67
6 58
6 66
7 10
7 14
7 17
7 23
7 31
7 36
7 59
7 63
7 64
7 66
8 18
8 34
8 36
8 39
8 49
8 52
8 56
9 14
9 25
9 49
9 59
9 69
10 27
10 32
10 35
10 41
10 65
11 21
11 24
11 31
11 32
11 37
11 66
12 14
12 34
12 40
12 67
13 19
13 24
13 33
13 35
13 39
13 50
13 59
14 19
14 29
14 45
14 48
15 16
15 21
15 37
15 43
16 19
16 25
16 29
16 36
16 45
16 68
17 29
17 47
17 54
17 63
18 34
18 38
18 43
18 51
18 55
19 34
19 48
19 63
20 27
20 30
20 31
20 32
20 39
21 26
21 50
22 25
22 30
22 40
22 65
22 66
23 29
23 46
23 51
23 52
23 55
23 66
24 27
24 29
24 46
24 56
24 68
25 26
25 44
25 52
25 66
26 29
26 42
26 54
26 64
27 29
27 37
27 57
28 29
28 30
28 32
28 51
28 54
28 56
28 60
29 32
29 62
29 65
30 32
30 40
30 43
30 52
30 54
30 58
30 59
30 69
31 44
31 52
32 36
32 63
33 42
34 38
34 53
35 58
36 37
36 53
37 38
37 50
38 41
38 56
38 68
39 62
40 45
40 57
40 68
41 53
41 54
41 56
41 62
42 45
43 45
43 66
44 56
44 60
44 67
44 69
45 52
45 60
45 64
45 69
46 53
47 52
48 62
49 57
49 58
49 65
50 52
50 58
50 63
50 67
51 60
53 64
54 58
54 60
55 62
55 64
55 65
55 67
55 69
56 64
57 64
58 59
58 64
59 66
60 64
62 65
64 65
64 67
65 66
68 69
