80 238
12 6 1 10 12 13 6 1 8 1 10 8 11 1 6 15 6 9 5 4 1 1 10 13 8 14 6 10 10 1 12 12 9 14 14 2 13 1 6 8 15 0 4 15 4 3 7 0 3 14 2 4 8 14 3 0 11 5 9 14 0 10 3 12 2 5 7 9 9 11 5 4 12 5 6 6 11 5 4 0 
0 5
0 9
0 11
0 16
0 25
0 30
0 36
0 40
0 48
0 56
1 2
1 10
1 49
1 54
1 61
1 74
1 77
2 20
2 44
2 47
2 52
2 54
2 61
3 13
3 26
3 46
3 49
3 64
3 71
3 74
3 75
4 7
4 32
4 38
4 59
4 66
4 70
5 22
5 41
5 43
5 78
6 7
6 22
6 31
6 60
6 66
6 70
6 72
7 31
7 60
7 66
7 70
8 12
8 17
8 18
8 30
8 35
8 48
8 52
8 53
9 46
9 51
9 56
9 66
9 79
10 26
10 49
10 54
10 64
10 77
11 34
11 40
11 45
11 60
12 17
12 19
12 35
12 53
12 71
12 75
12 79
13 26
13 33
13 45
13 50
13 53
13 64
13 71
13 75
13 76
14 22
14 30
14 35
14 37
14 77
15 77
16 22
16 25
16 28
16 36
16 43
16 56
16 60
17 30
17 35
17 48
17 56
17 65
18 19
18 42
19 60
19 68
20 24
20 32
20 42
20 44
20 47
20 61
21 32
21 33
21 40
21 60
22 25
22 31
22 36
22 60
23 27
23 41
23 43
23 53
23 70
24 32
24 38
24 39
24 44
24 47
24 59
24 79
25 30
25 36
25 56
26 49
26 52
26 64
26 68
26 77
27 37
27 46
27 62
27 66
28 52
28 57
28 72
29 58
30 48
30 51
30 56
30 69
30 78
31 36
31 45
31 60
31 70
31 79
32 38
32 47
32 57
32 59
32 63
32 73
32 76
33 39
33 42
33 54
33 69
34 47
34 51
34 57
34 68
34 74
35 48
35 53
35 71
36 60
36 62
36 67
37 45
37 57
37 70
38 47
38 59
38 66
39 65
40 62
40 63
41 55
41 73
43 44
43 49
43 67
44 45
44 47
44 54
44 61
44 78
45 60
48 56
48 68
49 64
49 77
50 57
51 76
51 78
52 69
53 62
53 71
53 72
53 75
54 55
54 61
54 77
55 65
55 68
56 62
57 75
58 73
59 66
59 70
61 77
63 76
64 75
66 69
66 70
66 76
67 78
69 76
69 79
71 75
