60 89
3 4 6 0 6 3 1 7 0 1 4 6 2 13 7 13 8 5 10 11 11 13 13 6 0 6 4 2 15 6 9 7 14 6 0 8 9 1 13 13 14 12 10 6 11 1 0 6 12 3 15 11 5 11 11 8 6 9 8 0 
0 40
1 22
1 25
2 22
2 47
3 11
3 40
3 45
4 9
4 23
4 47
4 48
5 14
6 8
6 21
6 27
7 22
7 45
7 46
7 57
7 58
8 42
9 30
9 44
10 11
10 14
10 21
10 23
10 36
10 39
10 54
11 16
11 20
11 35
11 57
12 24
13 38
15 18
15 24
15 28
15 32
17 28
18 57
19 40
20 31
21 22
21 24
21 25
21 39
21 43
21 46
21 49
21 50
23 25
23 50
24 42
24 56
25 38
25 39
26 39
26 57
27 30
28 33
28 36
28 38
28 41
28 51
29 44
29 51
29 53
29 56
30 41
31 37
31 55
32 53
33 36
33 39
33 55
34 44
36 51
36 58
37 46
37 53
39 55
40 49
42 48
45 47
46 59
49 52
