60 134
5 6 3 14 1 11 12 7 8 9 0 6 4 8 13 1 15 1 4 7 8 7 3 3 3 8 1 14 9 15 3 14 12 2 10 12 2 10 1 2 1 13 15 5 0 15 1 9 1 8 0 11 10 14 3 0 7 10 11 1 
0 6
0 9
0 18
0 19
0 41
0 44
0 54
0 55
0 56
1 31
1 33
1 45
2 7
2 9
2 27
2 44
3 10
3 37
4 16
4 22
4 26
4 50
5 18
5 22
5 34
5 42
5 48
6 30
6 46
6 49
6 55
7 25
7 51
8 42
9 10
9 30
9 48
9 56
9 57
10 11
10 39
10 51
10 53
10 59
11 16
11 36
11 50
11 54
12 13
12 19
12 38
12 39
13 15
13 26
14 43
14 59
15 25
15 32
16 43
16 44
16 58
17 27
18 42
19 26
19 29
19 49
19 57
20 21
20 28
20 30
20 45
20 50
20 54
21 26
21 28
21 43
21 51
21 52
22 38
22 41
22 42
22 55
23 27
23 46
23 50
24 32
24 45
24 53
24 56
25 33
25 41
25 48
26 27
26 39
26 46
27 37
27 56
28 40
28 46
28 49
29 31
29 32
29 58
30 31
30 36
30 43
30 53
31 34
31 41
31 44
33 49
34 49
35 37
35 43
36 47
36 55
37 40
39 42
39 50
39 51
39 57
40 45
40 51
40 54
43 54
45 48
45 58
47 59
50 53
51 59
54 56
54 58
54 59
57 59
