35 86
5 1 5 5 6 7 7 4 2 6 3 7 6 2 4 3 5 1 1 2 0 3 4 6 3 3 3 2 0 4 0 0 4 1 5 
0 1
0 5
0 18
0 28
0 30
1 9
1 10
1 19
1 21
1 32
2 4
2 7
2 12
2 27
3 18
3 27
3 30
3 31
4 5
5 9
5 13
5 15
5 23
5 29
5 31
6 14
6 15
6 24
6 26
6 33
7 9
7 15
7 22
7 23
7 32
8 13
8 17
8 28
8 30
9 12
9 34
10 14
10 17
10 22
10 25
11 12
11 20
11 23
12 26
12 29
13 23
13 25
13 27
13 31
14 23
14 25
14 29
14 33
15 17
15 18
15 19
15 27
15 31
16 17
16 18
16 28
17 23
17 28
17 33
18 32
19 30
19 34
20 31
22 25
22 26
22 27
22 29
22 31
23 28
24 26
26 34
27 29
27 33
28 32
30 31
31 34
