40 178
2 2 3 5 0 3 5 1 2 6 7 2 2 6 6 6 4 7 3 1 6 2 6 0 6 7 2 2 6 7 0 3 6 5 0 4 3 7 1 4 
0 2
0 7
0 13
0 23
0 26
0 33
0 34
0 38
0 39
1 9
1 10
1 17
1 18
1 19
1 21
1 24
1 32
1 37
2 13
2 15
2 19
2 22
2 23
2 26
2 33
2 34
2 37
2 38
3 8
3 17
3 28
3 39
4 5
4 7
4 11
4 12
4 14
4 20
4 25
4 35
4 36
4 39
5 6
5 11
5 12
5 14
5 16
5 19
5 25
5 29
5 35
5 36
5 38
5 39
6 25
6 28
6 36
7 9
7 17
7 18
7 23
7 24
7 26
7 29
7 38
8 11
8 14
8 15
8 16
8 28
8 33
9 17
9 18
9 21
9 22
9 24
9 25
9 26
9 28
9 38
10 13
10 14
10 17
10 19
10 21
10 24
10 29
10 32
10 39
11 13
11 15
11 17
11 20
11 25
11 34
11 36
11 37
12 15
12 17
12 27
12 30
13 20
13 23
13 33
13 34
13 37
14 19
14 23
14 32
14 35
14 36
14 39
15 18
15 21
15 22
15 28
15 29
15 36
16 21
16 34
17 18
17 21
17 24
17 29
17 38
18 23
18 24
18 26
18 36
18 38
19 21
19 30
19 32
19 35
19 39
20 24
20 25
20 33
20 34
20 36
20 37
21 24
21 32
21 34
21 39
22 23
22 29
23 26
23 33
23 38
24 28
24 31
24 32
25 34
25 35
25 36
25 37
26 27
26 29
26 33
26 35
26 38
27 32
27 38
27 39
28 30
28 38
30 33
30 37
32 33
32 35
32 39
33 34
33 37
34 37
35 36
35 39
36 37
