70 146
9 13 2 15 6 2 7 6 2 9 7 1 5 8 6 13 5 4 11 14 2 3 1 12 1 4 9 12 5 3 4 0 5 1 13 3 10 3 0 4 10 11 7 2 12 15 9 8 3 0 6 0 3 15 6 10 3 10 13 7 13 0 10 1 13 7 13 9 9 11 
0 34
1 13
1 45
1 63
2 5
2 18
2 44
2 68
3 5
3 13
3 33
3 52
4 13
4 27
4 39
4 44
4 45
4 47
4 67
5 11
5 23
5 36
5 52
5 56
6 14
6 15
6 46
6 60
7 27
7 29
7 30
7 46
7 58
8 43
8 45
8 67
9 34
9 47
9 57
10 16
10 40
11 31
11 41
11 46
11 65
11 66
12 16
12 34
12 44
12 61
13 16
13 30
13 36
14 53
15 58
15 63
16 17
16 26
16 51
16 67
17 46
17 48
17 55
18 35
19 27
19 39
19 56
20 38
20 56
20 60
20 67
21 25
21 28
21 54
22 61
22 64
23 39
24 28
24 45
24 47
24 57
25 28
26 27
26 34
26 37
26 38
26 47
26 53
26 56
26 62
26 65
27 55
27 56
28 31
28 32
28 63
29 33
29 34
29 50
29 51
29 58
29 59
30 60
32 60
32 61
32 64
32 69
33 36
33 40
34 37
34 68
35 53
35 56
36 57
36 58
36 59
37 46
38 48
38 53
39 69
40 61
41 56
41 68
42 53
43 44
44 58
44 62
46 50
46 63
47 64
47 66
48 60
48 66
49 63
52 55
52 57
53 64
54 56
54 66
55 59
59 60
60 61
60 65
60 68
62 63
63 64
