40 149
1 1 3 3 5 7 6 1 3 6 6 6 4 0 3 6 2 5 5 0 1 3 0 1 0 7 6 1 0 0 1 0 0 3 2 0 4 0 7 4 
0 5
0 6
0 12
0 13
0 15
0 17
0 22
0 26
0 33
0 36
0 37
0 39
1 7
1 10
1 12
1 17
1 19
1 25
1 33
1 36
2 10
2 13
2 14
2 15
2 18
2 25
2 32
3 7
3 10
3 27
3 37
3 38
4 14
4 15
4 20
4 21
4 30
4 32
4 37
4 39
5 10
5 21
5 32
6 11
6 16
6 21
6 27
6 30
6 37
7 22
7 32
7 33
7 39
8 15
8 16
8 17
8 19
8 34
8 35
8 39
9 12
9 15
9 16
9 22
9 28
9 31
10 13
10 19
10 20
10 21
10 32
10 35
11 13
11 16
11 19
11 21
11 32
11 39
12 17
12 32
13 18
13 20
13 24
13 25
13 27
13 32
13 33
14 22
14 23
14 25
14 29
15 16
15 17
15 19
15 25
15 26
15 34
16 21
16 32
16 33
17 23
17 26
17 29
17 32
17 36
18 23
18 24
18 28
18 31
18 38
19 28
19 38
20 28
20 32
20 34
21 26
21 36
22 23
22 27
22 28
23 25
23 26
23 30
23 32
24 29
24 33
24 34
24 37
25 27
25 37
27 32
27 33
27 34
27 38
27 39
28 31
28 37
29 37
30 38
31 33
31 36
32 37
32 38
33 37
34 36
34 37
35 37
35 39
37 38
