35 219
7 0 7 5 7 3 0 5 1 2 2 4 6 3 6 6 2 0 6 0 1 3 2 6 6 6 0 2 4 0 4 6 1 1 7 
0 5
0 8
0 14
0 20
0 21
0 22
0 23
0 26
0 27
0 28
0 29
0 31
0 32
0 33
1 4
1 8
1 12
1 16
1 17
1 18
1 19
1 20
1 23
1 25
1 29
1 30
2 4
2 6
2 9
2 11
2 13
2 16
2 20
2 23
2 24
2 27
2 31
3 8
3 10
3 13
3 14
3 17
3 19
3 26
3 27
3 30
3 34
4 5
4 11
4 15
4 17
4 18
4 21
4 22
4 24
4 25
4 26
4 27
4 30
4 31
5 8
5 9
5 11
5 15
5 20
5 22
5 23
5 30
6 8
6 11
6 13
6 14
6 16
6 20
6 23
6 27
6 28
6 29
6 30
6 32
6 34
7 8
7 11
7 12
7 16
7 19
7 20
7 22
7 27
7 28
7 30
8 10
8 11
8 20
8 22
8 27
8 28
8 31
8 33
8 34
9 12
9 13
9 26
9 27
9 29
9 31
9 33
9 34
10 14
10 16
10 28
10 33
11 15
11 16
11 19
11 22
11 24
11 25
11 26
11 27
11 28
11 32
12 17
12 18
12 19
12 21
12 23
12 24
12 25
12 27
12 30
12 31
13 18
13 21
13 23
13 32
13 34
14 16
14 19
14 22
14 23
14 28
14 29
14 30
14 31
14 32
15 19
15 20
15 23
15 24
15 26
15 30
15 33
16 18
16 21
16 25
16 30
16 32
16 33
17 18
17 19
17 20
17 32
18 21
18 24
18 25
18 26
18 28
18 30
19 20
19 21
19 23
19 26
19 28
19 29
19 31
19 34
20 23
20 24
20 28
20 31
20 32
20 34
21 25
21 27
21 28
21 29
21 30
22 23
22 28
22 29
22 30
23 25
23 27
23 31
23 32
23 33
24 26
24 27
24 29
24 31
25 29
25 32
25 33
26 29
26 30
26 32
27 29
27 34
28 29
28 30
28 32
28 34
29 30
29 31
29 34
30 31
30 34
31 34
