50 220
1 0 7 3 2 7 1 4 6 6 2 0 1 4 3 4 4 6 2 2 7 3 7 4 3 6 7 7 0 2 6 3 4 6 0 7 3 3 6 6 7 2 6 3 4 1 1 5 4 7 
0 10
0 13
0 16
0 27
0 31
0 39
0 40
0 48
0 49
1 10
1 11
1 12
1 15
1 18
1 26
1 33
1 36
1 37
1 38
1 44
1 48
1 49
2 7
2 16
2 39
3 35
3 41
4 11
4 16
4 20
4 28
4 34
5 18
5 26
5 29
5 31
5 39
5 40
5 48
6 18
6 22
6 24
6 25
6 39
7 24
7 27
7 33
7 43
8 11
8 28
8 30
8 31
8 33
8 34
8 36
8 40
9 10
9 21
9 37
10 12
10 18
10 22
10 31
10 33
10 41
10 45
10 49
11 15
11 18
11 23
11 24
11 27
11 32
11 38
11 44
11 45
11 48
12 14
12 15
12 23
12 32
12 36
12 37
12 38
12 41
12 42
12 44
12 49
13 14
13 15
13 16
13 17
13 25
13 34
13 37
13 43
13 46
14 17
14 28
14 42
14 45
14 47
15 18
15 19
15 23
15 24
15 40
15 44
15 48
15 49
16 24
16 25
16 37
16 38
16 39
16 44
16 46
17 20
17 21
17 22
17 23
17 31
17 40
17 48
18 21
18 23
18 24
18 36
18 42
18 43
18 48
18 49
19 30
19 36
19 37
20 21
20 22
20 25
20 41
20 46
21 25
21 27
21 45
21 49
22 37
22 40
22 45
23 24
23 30
23 32
23 42
23 44
23 49
24 32
24 35
24 36
24 41
24 42
24 44
24 46
24 48
25 30
25 33
25 39
25 46
26 30
26 41
26 48
27 43
28 35
28 36
28 43
28 49
29 31
29 39
29 40
29 46
29 47
30 33
30 39
31 37
31 46
31 49
32 33
32 36
32 38
32 42
32 44
32 48
33 34
33 40
33 44
34 45
34 47
34 48
35 39
36 38
36 42
36 48
36 49
37 44
38 42
38 44
38 46
38 48
38 49
39 41
40 47
41 42
41 46
41 49
42 44
42 45
42 49
43 45
43 47
43 48
45 46
46 48
48 49
