50 119
4 7 5 2 2 7 6 1 1 1 0 3 5 2 3 6 2 6 0 0 5 1 3 5 0 7 4 6 7 6 1 2 2 7 5 2 3 2 5 7 1 4 4 1 1 6 6 0 2 3 
0 11
0 32
0 43
0 47
1 13
1 16
1 19
1 29
1 39
1 47
2 16
2 23
2 26
3 11
3 12
4 19
4 34
4 37
4 39
5 14
5 16
5 24
5 29
5 33
6 10
6 26
6 49
7 15
7 31
8 29
8 48
9 15
9 18
9 33
10 14
10 32
10 49
11 17
11 37
11 39
12 21
12 35
12 37
12 43
12 46
13 15
13 22
13 24
13 40
14 33
14 47
14 49
15 16
15 28
15 44
16 19
18 41
18 45
19 22
19 40
19 42
19 46
20 28
20 30
20 34
20 37
20 40
21 23
21 25
21 27
21 28
21 47
22 23
23 35
23 49
24 27
24 28
24 29
24 31
24 33
24 43
24 46
26 27
26 28
26 31
26 39
26 42
26 44
26 45
26 48
27 29
27 33
27 40
27 42
28 29
28 38
28 46
30 36
31 32
31 49
32 45
32 48
33 39
33 49
34 36
34 46
35 36
35 41
35 43
36 37
37 42
38 39
38 40
38 43
40 42
40 47
40 49
41 42
42 47
