70 209
10 11 10 12 2 9 14 10 0 1 12 5 5 6 0 8 8 14 1 11 8 2 11 12 8 0 8 3 5 4 9 13 6 7 14 10 9 5 13 9 7 9 2 15 8 10 9 6 0 11 4 4 6 12 4 13 12 10 14 9 14 7 6 6 9 6 0 5 2 4 
0 5
0 6
0 18
0 21
0 23
0 55
0 64
1 9
1 11
1 19
1 25
1 28
1 62
2 17
2 18
2 30
2 35
2 55
2 64
3 20
3 27
3 43
3 46
3 47
4 10
4 44
4 57
4 63
5 13
5 21
5 23
5 32
6 17
6 35
6 37
6 67
7 29
7 34
7 49
7 53
7 61
7 69
8 16
8 17
8 24
8 30
8 45
8 60
9 11
9 41
9 57
9 65
10 21
10 33
10 35
10 37
10 39
10 42
10 45
10 48
10 56
11 19
11 28
11 39
11 65
12 39
12 53
12 56
13 14
13 21
13 23
13 32
13 34
13 42
14 23
14 41
14 42
14 52
14 56
14 66
15 26
15 29
15 40
15 53
15 54
15 58
16 17
16 25
16 30
16 45
16 60
16 62
17 18
17 30
17 36
17 64
17 68
18 33
18 55
18 64
19 50
19 51
20 27
20 43
20 46
20 48
20 59
21 23
21 32
21 55
21 61
21 67
22 26
22 31
22 40
22 44
22 63
22 66
23 32
23 41
24 45
24 50
24 51
24 60
24 62
25 30
25 32
25 36
25 37
25 42
25 52
25 66
25 68
25 69
26 29
26 40
26 54
26 69
27 34
27 47
27 48
27 49
28 37
28 39
28 65
28 66
29 40
29 53
29 69
31 40
31 44
31 54
31 57
31 63
32 42
32 43
33 37
33 41
33 52
33 61
33 66
34 49
34 53
34 69
35 59
36 37
36 42
36 68
37 46
37 47
37 58
37 59
37 60
37 66
38 46
39 51
39 62
40 54
41 42
41 56
41 63
42 48
42 52
42 69
43 46
43 48
43 68
44 57
44 63
44 65
44 67
45 60
46 59
46 68
47 49
47 67
48 49
49 53
50 51
50 60
50 62
51 62
52 56
52 66
55 56
55 64
57 63
57 65
59 68
