90 224
13 1 6 3 2 3 9 5 8 7 6 5 0 0 2147483652 2 15 4 2 12 4 15 8 1 0 2 4 4 3 1 0 3 13 3 6 6 6 11 8 13 0 15 1 2 15 7 2 4 8 2 4 0 14 10 12 6 7 11 2 7 11 3 8 2 7 7 10 5 2 5 7 11 11 0 6 3 13 9 13 2 6 0 6 1 0 6 10 0 4 11 
0 7
0 18
0 19
0 27
1 34
1 53
1 78
1 80
2 79
2 87
3 32
3 38
3 62
3 77
4 7
4 14
4 26
4 41
4 51
4 74
4 88
5 12
5 14
5 24
5 31
5 61
6 14
6 29
6 46
7 32
8 11
8 14
8 30
8 42
8 48
8 76
8 81
9 14
9 39
9 60
9 61
9 65
9 84
10 32
10 35
10 38
10 57
11 14
11 24
11 45
11 61
11 68
11 84
13 14
13 40
13 85
13 89
14 15
14 16
14 17
14 20
14 21
14 22
14 24
14 26
14 29
14 30
14 31
14 35
14 39
14 40
14 41
14 42
14 43
14 44
14 45
14 46
14 47
14 48
14 49
14 50
14 51
14 52
14 55
14 56
14 58
14 59
14 60
14 61
14 63
14 68
14 71
14 72
14 74
14 76
14 77
14 78
14 79
14 82
14 83
14 84
14 85
14 86
15 16
15 34
15 78
16 44
16 64
16 83
17 79
17 82
18 24
18 28
18 44
18 54
19 25
20 43
20 45
20 59
20 84
21 41
21 43
21 45
21 66
21 68
22 42
22 48
22 59
22 86
23 27
23 36
23 37
24 28
24 42
24 56
24 78
24 86
25 27
25 36
26 62
26 77
27 28
28 37
28 73
28 88
29 71
29 72
30 41
30 52
30 68
31 42
31 76
32 74
32 75
32 88
33 53
33 73
33 85
33 89
34 64
35 49
35 63
35 74
36 67
36 81
37 47
38 63
39 47
39 60
40 58
40 66
40 83
41 48
43 47
43 83
44 51
44 73
44 85
45 48
45 86
46 50
46 72
47 68
47 84
49 55
49 57
50 65
50 79
51 55
51 69
52 60
52 76
53 64
53 66
53 83
54 82
55 74
55 75
56 59
56 84
57 75
58 78
58 80
59 86
60 61
60 68
61 76
62 88
63 77
64 73
66 80
66 89
69 75
69 88
70 76
70 87
71 82
72 79
72 82
73 85
74 77
76 80
78 83
83 85
