60 174
1 10 9 11 1 12 5 11 14 10 10 6 13 14 11 2 5 11 12 1 0 12 12 13 1 1 8 7 4 6 2 8 7 6 7 15 2 9 11 12 12 2 4 0 2 0 3 14 7 0 2 9 11 10 6 1 6 0 9 1 
0 5
0 6
0 19
0 20
0 21
0 27
0 44
0 54
0 59
1 2
1 12
1 16
1 53
1 57
2 3
2 41
2 48
2 52
3 57
3 59
4 23
4 24
4 27
5 22
5 36
5 37
5 39
6 9
6 34
6 49
6 54
7 11
7 18
7 42
7 56
8 25
8 28
8 29
8 45
8 53
8 59
9 27
9 48
10 12
10 26
10 32
11 35
11 56
11 57
12 13
12 35
12 40
12 41
12 50
12 53
13 15
13 21
13 31
13 48
14 16
14 18
14 23
14 43
14 48
14 53
14 59
15 19
15 28
15 33
15 36
15 49
15 58
16 34
16 56
17 18
17 21
17 28
17 31
17 45
17 54
17 58
17 59
18 24
18 26
18 50
19 23
19 49
19 56
19 59
20 23
20 25
20 28
20 29
20 39
20 41
20 44
21 25
21 32
21 33
21 39
21 42
21 43
21 52
21 54
21 57
22 43
22 54
23 26
23 41
23 47
23 51
24 45
25 32
25 35
26 30
26 37
26 57
27 37
27 38
27 48
27 49
28 34
28 51
28 58
29 33
29 36
29 40
29 55
29 58
30 34
30 43
30 47
31 39
32 43
32 50
33 41
33 49
34 52
34 56
35 42
36 40
37 45
37 49
37 52
38 40
38 43
38 49
38 50
38 56
39 44
39 50
40 44
40 54
40 55
41 43
41 44
41 51
42 46
42 54
42 57
44 59
46 47
47 54
48 50
48 56
48 58
49 53
49 58
50 53
50 54
51 54
52 53
54 58
55 57
