100 218
16 21 24 7 6 26 24 19 17 4 16 26 0 18 13 17 14 1 5 15 21 21 31 28 30 8 18 6 18 19 13 7 30 22 29 5 6 30 31 18 22 3 23 8 25 2 23 1 5 28 25 11 22 0 27 23 16 5 27 24 12 31 24 6 2 9 27 4 19 30 26 9 1 18 8 22 3 24 5 11 4 31 1 8 27 29 31 16 25 26 15 13 21 1 21 25 11 20 11 1 
0 5
0 11
0 13
0 56
0 58
0 63
0 74
1 11
1 12
1 22
1 29
1 39
1 58
1 93
1 95
2 15
2 25
2 50
2 69
2 70
3 80
3 83
3 92
4 14
4 20
4 27
4 39
4 63
5 6
5 17
5 46
5 98
6 18
6 37
6 51
6 78
7 23
7 47
7 57
7 64
7 92
8 96
8 98
9 17
9 25
9 77
9 79
9 81
10 13
10 51
11 38
11 57
11 59
11 67
11 76
12 32
12 48
12 95
13 37
13 48
14 33
14 39
14 43
14 71
15 96
16 51
16 56
16 74
16 75
17 18
18 27
18 28
18 29
18 58
18 71
18 79
19 26
19 48
19 61
19 65
19 77
20 41
20 51
21 50
21 57
21 66
22 36
22 47
22 78
22 92
23 46
23 91
24 93
25 38
25 81
26 59
26 63
26 69
26 71
27 74
27 81
27 87
28 99
30 39
30 63
30 65
30 71
31 36
31 47
31 51
31 78
32 48
32 52
32 58
32 65
32 79
32 82
32 94
33 68
33 70
33 84
33 88
34 48
34 66
35 53
35 76
35 94
36 55
36 74
38 87
39 44
39 53
40 56
40 66
41 48
41 60
41 78
42 43
42 69
42 71
42 73
42 75
42 76
44 65
44 74
45 85
46 49
46 51
46 61
47 83
48 52
48 63
49 50
49 64
49 69
49 86
50 61
50 81
50 96
51 61
51 63
51 90
52 60
52 61
52 81
52 84
52 88
53 60
53 74
54 73
54 84
55 63
55 83
56 83
57 62
57 69
57 87
58 78
58 82
60 73
61 97
62 75
63 95
64 68
65 85
65 95
66 99
67 81
67 98
68 85
68 86
68 92
69 77
69 97
70 76
70 79
71 72
74 85
74 86
75 79
76 91
76 98
76 99
77 97
79 81
79 89
81 88
81 93
82 83
85 89
85 91
85 93
86 94
91 97
92 93
93 95
96 97
96 98
