90 750
14 0 0 4 3 12 13 10 7 2 4 2 13 4 8 14 1 7 0 6 0 9 5 1 1 13 11 12 3 6 3 4 7 6 15 9 10 1 1 8 12 13 12 0 2 13 13 13 0 8 11 5 10 4 1 0 2 10 3 4 14 5 13 6 11 11 12 13 0 10 15 8 14 8 2 6 5 14 6 1 13 8 5 4 0 15 3 5 6 4 
0 11
0 12
0 18
0 20
0 25
0 30
0 31
0 32
0 34
0 36
0 47
0 48
0 49
0 51
0 53
0 60
0 61
0 71
0 72
0 81
0 88
0 89
1 4
1 16
1 20
1 26
1 30
1 38
1 41
1 45
1 47
1 50
1 54
1 62
1 70
1 78
1 80
1 81
1 82
1 85
1 89
2 5
2 13
2 26
2 31
2 33
2 40
2 47
2 53
2 54
2 72
2 73
2 80
2 84
2 89
3 11
3 14
3 22
3 35
3 37
3 42
3 47
3 49
3 54
3 56
3 59
3 66
3 67
3 73
3 79
3 81
3 82
3 85
4 14
4 15
4 18
4 20
4 23
4 33
4 34
4 37
4 38
4 40
4 47
4 59
4 60
4 65
4 66
4 74
4 79
4 87
5 10
5 19
5 21
5 22
5 23
5 24
5 25
5 27
5 40
5 45
5 51
5 53
5 69
5 71
5 72
5 76
5 82
5 83
5 86
5 87
6 7
6 9
6 11
6 29
6 36
6 37
6 39
6 43
6 44
6 54
6 59
6 60
6 68
6 78
6 86
6 89
7 9
7 17
7 37
7 39
7 41
7 43
7 50
7 59
7 71
7 78
7 79
7 87
7 88
7 89
8 11
8 13
8 14
8 17
8 22
8 25
8 28
8 29
8 32
8 35
8 37
8 41
8 42
8 45
8 49
8 51
8 62
8 67
8 70
8 72
8 81
8 82
9 13
9 15
9 18
9 22
9 28
9 31
9 33
9 35
9 36
9 43
9 52
9 74
9 75
9 77
9 82
9 83
10 12
10 13
10 17
10 19
10 23
10 27
10 28
10 30
10 34
10 40
10 47
10 50
10 52
10 64
10 67
10 74
10 89
11 16
11 24
11 34
11 37
11 39
11 41
11 42
11 49
11 56
11 60
11 65
11 66
11 68
11 74
11 79
12 15
12 19
12 20
12 25
12 27
12 32
12 41
12 46
12 47
12 51
12 68
12 73
12 74
12 76
12 79
12 86
13 17
13 19
13 25
13 28
13 37
13 46
13 49
13 53
13 56
13 61
13 65
13 69
13 71
13 75
13 76
13 83
13 85
13 87
13 88
14 29
14 39
14 41
14 46
14 48
14 54
14 57
14 65
14 66
14 70
14 71
14 73
14 78
14 89
15 20
15 21
15 25
15 26
15 33
15 36
15 40
15 61
15 64
15 67
15 68
15 75
16 23
16 25
16 26
16 33
16 36
16 46
16 55
16 62
16 70
16 76
17 24
17 28
17 31
17 32
17 35
17 43
17 47
17 55
17 57
17 78
17 86
17 89
18 19
18 26
18 30
18 36
18 45
18 48
18 54
18 56
18 69
18 71
18 77
18 78
18 85
18 87
19 27
19 29
19 33
19 42
19 48
19 51
19 54
19 74
19 75
19 77
19 86
20 25
20 38
20 50
20 52
20 53
20 55
20 57
20 59
20 60
20 66
20 75
20 82
20 86
21 22
21 28
21 32
21 37
21 44
21 45
21 46
21 56
21 57
21 60
21 62
21 67
21 71
21 74
21 83
21 88
22 26
22 27
22 28
22 34
22 42
22 50
22 59
22 75
23 25
23 27
23 45
23 49
23 51
23 54
23 57
23 59
23 81
24 27
24 29
24 38
24 40
24 41
24 50
24 56
24 60
24 71
24 72
24 74
24 75
24 76
24 77
24 88
24 89
25 27
25 29
25 42
25 48
25 51
25 54
25 57
25 60
25 66
25 70
25 74
25 78
25 88
26 35
26 42
26 44
26 53
26 54
26 56
26 66
26 74
26 78
26 79
26 87
27 33
27 35
27 37
27 39
27 40
27 48
27 49
27 54
27 56
27 59
27 71
27 89
28 47
28 54
28 58
28 64
28 71
28 77
28 83
28 89
29 42
29 53
29 76
29 78
29 80
29 82
29 89
30 34
30 47
30 52
30 68
30 69
30 73
30 74
30 76
30 77
30 83
30 84
30 87
30 88
31 34
31 41
31 45
31 61
31 63
31 67
31 69
31 72
31 75
31 83
31 84
31 89
32 37
32 42
32 46
32 53
32 57
32 58
32 61
32 64
32 74
32 84
33 36
33 41
33 68
33 72
33 73
33 85
33 87
33 88
33 89
34 38
34 39
34 47
34 53
34 60
34 63
34 71
34 83
35 41
35 42
35 51
35 70
35 82
35 83
35 84
36 37
36 40
36 43
36 45
36 61
36 66
36 72
36 74
36 85
36 87
36 88
37 39
37 41
37 43
37 47
37 48
37 53
37 66
37 71
37 77
38 39
38 40
38 41
38 43
38 53
38 58
38 68
38 72
38 74
38 76
38 82
38 87
39 44
39 48
39 57
39 80
39 86
40 49
40 53
40 62
40 73
40 75
40 79
40 80
40 81
40 88
41 47
41 53
41 61
41 68
41 78
41 80
41 82
41 83
41 85
41 86
41 88
41 89
42 43
42 49
42 50
42 53
42 71
42 78
42 80
42 86
43 46
43 52
43 54
43 55
43 56
43 69
43 76
43 77
43 85
43 86
44 49
44 50
44 69
44 76
44 77
44 80
44 85
44 88
45 61
45 71
45 88
45 89
46 48
46 50
46 64
46 70
46 85
47 53
47 68
47 80
47 88
48 50
48 58
48 72
48 74
48 76
48 78
48 81
48 82
48 84
48 85
48 89
49 50
49 52
49 58
49 62
49 73
49 78
49 79
49 85
50 51
50 55
50 60
50 67
50 71
50 74
50 86
51 53
51 54
51 66
51 70
51 80
51 81
51 82
52 55
52 57
52 58
52 61
52 63
52 64
52 65
52 70
53 54
53 60
53 67
53 68
53 76
53 78
53 85
54 56
54 57
54 59
54 69
54 78
54 82
54 86
54 87
55 68
55 73
55 82
55 85
55 87
56 59
56 68
56 71
57 62
57 72
57 73
57 75
57 84
57 85
57 88
58 67
58 86
59 61
59 64
59 72
59 76
59 77
59 78
59 79
59 87
60 64
60 69
60 73
60 86
61 77
61 79
61 89
62 75
62 81
62 87
63 64
63 70
63 87
63 89
64 65
64 67
64 72
65 67
65 72
65 87
66 70
66 77
66 81
66 82
66 85
67 70
67 80
68 71
68 78
68 81
68 83
69 72
69 75
69 79
69 84
69 86
70 72
70 77
70 82
70 85
70 89
71 78
71 85
71 88
71 89
72 76
72 79
72 83
72 84
72 86
73 76
73 78
73 83
73 85
73 88
74 86
75 80
75 82
75 85
75 89
76 78
76 79
76 84
79 81
79 84
79 86
80 85
80 86
80 88
80 89
81 88
82 83
82 85
82 88
83 85
84 85
84 86
85 87
85 88
85 89
87 89
