60 138
12 15 1 9 14 11 6 13 8 1 8 3 4 10 2 15 3 10 6 11 11 10 5 8 6 6 4 0 15 12 4 14 15 4 4 0 13 3 2 8 11 9 8 4 15 0 9 1 5 11 15 0 14 6 0 15 10 13 11 10 
0 19
0 27
0 56
1 14
1 26
1 46
2 24
2 40
2 44
3 44
3 51
3 56
3 57
4 22
4 55
5 7
5 32
5 47
5 48
6 14
6 21
6 54
6 58
7 10
7 37
7 45
7 52
7 53
7 54
7 58
7 59
8 13
8 17
8 35
8 38
8 45
8 58
9 20
9 28
9 34
9 58
10 12
10 22
10 26
10 27
10 44
10 48
11 20
11 33
11 44
12 21
12 23
12 30
12 46
12 54
13 17
13 41
14 23
14 39
14 41
14 43
15 22
15 26
15 40
15 59
16 19
16 34
16 36
16 38
16 42
16 45
17 31
18 31
18 32
18 42
18 55
19 43
19 46
19 52
19 59
20 21
20 30
20 35
21 25
21 44
21 51
21 58
22 27
22 41
22 43
23 25
23 27
23 31
23 43
23 47
23 50
24 52
25 46
25 52
26 36
26 52
27 37
27 42
27 46
27 58
28 35
28 48
28 57
28 59
29 34
29 44
29 48
29 56
32 42
32 43
33 53
34 55
35 38
35 45
35 54
36 37
36 38
36 48
37 56
38 46
39 56
40 51
41 51
43 48
43 54
45 55
47 58
49 51
50 59
51 52
52 53
52 56
55 59
