40 174
5 5 1 6 3 2 5 0 6 5 7 5 6 4 3 1 5 7 0 2 4 4 4 1 6 7 2 1 2 6 5 4 4 7 3 3 1 2 1 4 
0 2
0 8
0 17
0 25
0 26
0 28
1 5
1 6
1 11
1 12
1 17
1 25
1 35
1 38
2 3
2 15
2 33
2 36
3 5
3 8
3 10
3 11
3 14
3 17
3 21
3 23
3 24
3 26
3 29
4 8
4 10
4 11
5 7
5 8
5 11
5 14
5 17
5 19
5 21
5 24
5 27
5 30
6 19
6 22
6 24
7 18
7 28
7 29
7 30
7 31
7 35
7 37
7 38
8 13
8 14
8 17
8 21
8 23
8 24
8 25
8 29
8 33
8 37
9 10
9 12
9 13
9 19
9 25
9 29
9 34
9 36
9 38
10 13
10 15
10 22
10 27
10 28
10 32
10 36
10 39
11 14
11 17
11 25
11 30
11 31
11 34
11 37
11 39
12 13
12 15
12 25
12 36
12 37
12 38
13 15
13 18
13 22
13 27
13 31
13 36
13 38
14 17
14 21
14 29
14 30
14 31
14 36
14 37
15 19
15 21
15 31
15 32
15 34
15 36
15 38
16 29
16 32
16 33
17 26
17 30
18 20
18 33
18 37
19 21
19 25
19 26
19 32
19 34
19 35
20 25
20 27
20 29
20 36
20 37
21 23
21 27
21 29
21 37
22 26
22 30
22 35
22 36
22 39
23 24
23 29
23 35
23 37
23 38
25 26
25 30
25 32
25 38
25 39
26 27
26 29
26 35
26 37
27 32
27 33
27 35
27 36
28 35
29 30
29 37
30 34
31 35
32 34
32 36
32 39
33 34
34 38
35 37
35 39
37 39
