100 108
20 22 7 31 24 0 22 5 7 2 0 13 23 18 10 29 18 6 3 12 31 18 7 23 19 3 1 12 14 24 0 31 5 4 2 24 7 16 11 22 13 9 0 8 28 11 6 28 20 17 24 26 7 9 22 0 31 19 11 22 6 31 16 29 20 12 29 29 5 16 11 1 26 2 13 0 4 7 8 16 5 24 20 1 22 29 3 25 30 14 19 6 6 14 7 31 0 24 7 9 
0 2
0 50
0 59
0 71
0 72
0 90
0 92
0 95
1 7
1 95
2 24
3 42
4 26
4 69
4 77
4 80
5 16
5 18
5 79
5 95
6 21
7 63
8 62
9 73
9 92
9 96
10 21
10 98
11 89
12 37
12 94
12 99
13 86
14 66
15 18
17 33
17 59
18 70
19 30
19 37
19 77
20 32
20 74
21 50
22 44
23 88
23 94
25 92
27 50
27 80
27 91
28 34
28 72
28 75
29 80
30 66
30 68
31 49
31 58
31 73
35 43
35 53
35 65
36 43
38 50
38 89
39 42
40 95
41 69
41 88
42 56
43 81
43 99
44 51
44 60
44 88
45 89
46 95
46 99
47 71
47 76
48 78
48 97
48 99
52 66
53 98
54 81
55 74
55 76
55 89
56 82
56 88
57 76
57 84
59 61
62 63
63 77
64 77
64 83
66 69
66 94
67 79
70 93
71 86
79 87
80 88
81 94
85 90
