60 176
11 8 12 11 10 2 12 8 1 9 15 4 2 8 8 11 2 2 3 7 3 14 11 8 9 8 14 4 15 14 5 4 15 7 1 10 8 9 5 4 10 10 13 6 9 5 5 0 2 3 9 9 3 11 12 5 0 9 9 4 
0 3
0 43
1 7
1 11
1 23
1 26
1 40
1 42
2 8
2 12
2 15
2 32
2 33
2 36
2 44
2 47
2 54
3 7
3 10
3 15
3 19
3 20
3 38
3 41
3 42
3 49
3 52
3 58
3 59
4 21
4 26
4 42
4 44
4 59
5 11
5 35
5 36
6 11
6 12
6 13
6 28
6 31
6 47
8 10
8 27
8 34
8 42
8 45
8 46
8 55
8 59
9 18
9 41
10 18
10 40
10 41
10 48
11 20
11 37
11 49
11 50
11 59
12 17
12 32
12 35
13 19
13 33
13 58
14 15
14 22
14 30
14 31
14 37
14 43
14 46
14 47
14 48
14 54
14 59
15 17
15 19
15 25
15 36
15 37
15 50
15 54
16 20
16 22
16 28
16 43
17 20
17 22
17 23
17 24
17 50
17 58
18 20
18 24
18 32
18 52
19 45
19 53
19 59
20 31
20 37
20 52
20 57
21 36
22 31
22 51
22 55
22 57
22 58
23 47
23 57
24 26
24 42
24 49
24 52
25 32
25 58
26 35
27 36
27 43
27 45
27 55
28 31
28 38
28 42
28 52
28 55
29 45
30 31
30 32
30 43
31 33
31 47
32 46
32 56
33 39
33 46
34 37
34 44
34 55
35 40
35 43
35 59
36 52
36 58
37 39
37 41
37 57
37 59
38 42
38 55
39 46
39 48
39 55
41 48
41 58
42 43
42 46
42 50
43 51
44 48
44 49
45 51
45 55
47 54
48 49
48 59
50 52
51 59
52 58
53 55
54 57
