100 236
31 9 6 20 12 16 21 9 3 3 28 19 8 28 20 27 22 24 22 4 4 29 31 14 8 15 14 1 9 8 12 17 24 6 25 0 27 1 5 13 8 21 2 6 4 2 12 0 31 10 4 14 18 18 4 30 9 4 5 19 27 27 21 28 19 28 9 14 15 18 17 20 4 1 29 20 31 21 18 18 25 2 14 26 17 15 0 13 1 18 30 21 10 12 4 25 2 26 13 25 
0 2
0 5
0 43
0 71
0 72
0 92
1 5
1 54
1 77
1 93
2 20
2 37
2 42
2 60
2 70
3 21
3 23
3 68
3 69
3 75
4 5
4 10
4 54
4 60
4 88
5 26
5 74
6 31
6 42
6 99
7 24
7 26
7 56
7 61
7 63
7 87
7 89
8 34
8 36
8 51
8 53
8 72
8 85
8 90
9 18
9 25
9 68
11 42
11 50
11 55
11 56
11 59
11 96
12 26
12 40
12 44
12 53
12 56
12 58
12 59
13 55
13 58
13 71
13 97
13 98
14 41
14 45
14 61
14 80
14 82
15 37
15 47
16 17
16 54
16 62
17 27
17 67
17 76
17 78
18 21
18 65
18 69
18 87
18 93
19 24
19 32
19 45
19 47
19 61
19 91
20 32
20 90
20 91
20 94
20 95
21 55
21 65
21 92
21 97
22 47
22 53
22 58
22 71
22 72
22 80
23 25
23 30
23 66
24 79
25 42
25 45
25 50
25 68
26 28
26 31
26 35
26 42
26 50
26 59
27 43
28 51
28 79
28 84
28 86
29 39
29 81
29 86
30 66
30 69
30 86
30 89
31 48
32 38
32 70
33 41
33 43
33 50
33 80
33 83
33 92
34 36
34 83
34 96
35 95
36 49
37 65
37 79
38 45
38 47
38 62
38 94
39 86
39 89
40 64
40 82
40 96
41 44
41 47
41 88
41 94
41 96
42 49
42 51
42 66
42 97
43 73
43 91
44 78
44 82
45 47
46 48
46 51
46 94
46 95
46 98
48 59
50 66
50 67
51 52
51 57
51 63
52 56
52 61
52 82
52 94
52 96
53 78
53 84
54 62
54 83
54 92
54 95
55 64
55 68
56 98
56 99
57 74
57 96
58 64
59 96
59 98
60 85
60 90
61 72
61 83
61 96
63 79
63 98
64 67
64 79
65 74
65 75
66 85
66 86
66 99
67 68
67 96
68 84
69 75
71 77
72 73
73 85
74 93
75 89
75 91
77 92
77 97
78 90
78 94
81 86
81 94
81 99
83 88
84 95
85 87
93 97
