25 107
3 3 2 2 1 3 2 1 1 0 0 1 0 3 0 0 2 3 3 3 1 3 0 1 2 
0 5
0 14
0 18
0 19
0 22
1 2
1 4
1 9
1 11
1 13
1 19
1 20
1 21
1 24
2 4
2 8
2 11
2 13
2 14
2 17
2 18
2 23
2 24
3 4
3 5
3 8
3 9
3 15
4 5
4 6
4 9
4 10
4 11
4 12
4 13
4 18
4 19
4 21
4 24
5 13
5 16
5 20
5 22
5 24
6 9
6 15
6 16
7 16
7 23
8 9
8 10
8 11
8 12
8 13
8 15
8 16
8 17
8 19
8 21
8 23
9 11
9 12
9 13
9 14
9 20
9 21
9 24
10 14
10 19
10 24
11 12
11 13
11 14
11 16
11 19
11 20
11 21
12 13
12 14
12 15
12 19
12 20
12 22
13 18
13 19
13 24
14 15
14 16
14 17
14 24
15 18
16 18
16 20
16 21
16 23
17 19
17 20
17 21
17 22
17 24
18 22
19 20
19 21
19 24
20 22
20 23
20 24
