60 264
13 10 12 2 15 1 3 11 10 7 4 12 9 8 10 14 9 9 1 13 10 4 4 8 11 7 2 7 8 5 10 3 4 0 11 1 0 10 10 2 7 9 7 6 1 8 12 0 9 15 7 6 9 2 15 14 6 1 0 14 
0 1
0 7
0 11
0 19
0 55
0 59
1 4
1 18
1 21
1 25
1 30
1 34
1 39
1 49
1 54
1 55
1 56
2 7
2 8
2 9
2 14
2 26
2 42
2 46
3 17
3 28
3 29
3 48
4 9
4 12
4 16
4 18
4 21
4 25
4 26
4 34
4 35
4 36
4 48
5 11
5 14
5 18
5 20
5 27
5 42
5 51
5 53
5 55
5 57
6 17
6 20
6 37
6 45
7 17
7 20
7 29
7 30
7 39
7 42
7 45
7 52
7 57
8 12
8 16
8 23
8 34
8 35
8 37
8 39
8 41
8 45
8 47
8 48
8 56
8 59
9 27
9 31
9 41
9 51
9 52
9 58
10 15
10 39
10 40
10 41
10 53
10 58
11 24
11 27
11 31
11 32
11 44
11 49
11 59
12 14
12 24
12 28
12 30
12 33
12 37
12 39
12 40
12 46
12 47
12 49
12 55
12 56
12 59
13 20
13 24
13 31
13 32
13 40
13 47
13 48
14 24
14 25
14 31
14 38
14 40
14 41
14 49
14 50
14 53
14 58
15 31
15 49
16 18
16 26
16 30
16 32
16 35
16 37
16 39
16 41
16 47
16 48
17 28
17 47
17 49
17 52
17 55
18 20
18 23
18 31
18 36
18 50
18 57
19 22
19 33
19 41
19 57
20 33
20 36
20 37
21 25
21 26
21 27
21 30
21 34
21 35
21 42
21 47
21 55
22 25
22 56
23 38
23 46
23 48
23 57
24 29
24 42
24 45
24 55
25 26
25 30
25 31
25 34
25 35
25 37
25 44
25 48
26 34
26 35
26 39
26 48
26 50
26 52
26 54
26 56
27 33
27 43
27 53
28 29
28 33
28 36
28 44
28 46
29 30
29 33
29 41
29 58
30 33
30 34
30 41
30 49
30 55
30 56
31 35
31 44
31 50
31 56
31 59
32 48
32 52
33 48
33 56
33 57
34 40
34 44
34 49
34 55
35 39
35 48
35 49
36 37
36 38
36 41
37 39
37 47
37 49
37 50
37 55
37 56
38 41
38 57
38 58
39 41
39 47
39 48
40 58
41 51
41 54
42 51
43 47
43 58
44 54
45 51
46 47
47 48
47 49
47 52
47 56
48 55
49 50
49 55
49 56
49 57
50 51
50 52
51 53
55 56
55 57
57 58
