100 178
6 4 14 19 24 11 7 10 21 6 5 10 6 7 24 4 4 22 25 29 4 21 24 25 15 16 19 23 28 16 30 22 11 17 14 28 17 15 12 23 2 28 15 5 0 3 19 22 12 25 23 23 11 10 5 15 25 12 3 27 27 5 21 14 8 23 17 17 15 5 27 2 23 16 27 8 18 7 5 27 21 26 3 22 23 6 25 8 17 24 27 15 1 1 27 24 20 4 10 11 
0 75
1 2
1 30
1 55
1 72
1 93
1 97
2 28
2 72
3 7
3 8
4 29
4 36
4 85
5 62
5 72
6 14
6 54
6 61
6 86
7 16
7 20
7 29
7 69
8 11
8 40
8 49
8 52
8 72
9 72
10 65
10 73
10 78
11 38
11 58
11 68
11 69
11 86
12 13
12 31
12 45
12 59
12 79
13 78
13 83
14 15
14 28
14 41
14 53
14 86
15 37
15 52
15 72
15 85
15 87
16 22
16 51
16 53
16 80
16 97
17 72
17 97
18 21
18 41
19 26
19 40
19 56
21 24
21 28
21 94
22 81
22 86
22 89
23 25
23 78
23 83
24 63
24 75
24 85
25 62
25 68
25 99
26 73
26 88
27 65
27 92
28 63
29 46
29 55
29 61
29 93
30 37
30 54
30 73
31 41
31 67
31 82
32 64
33 42
33 68
34 95
35 56
35 97
36 66
36 94
37 39
37 43
37 53
37 61
37 70
37 90
37 94
37 95
37 97
38 54
38 57
38 87
38 95
39 44
39 46
39 73
39 92
40 43
40 59
40 72
41 80
42 47
42 97
43 76
44 53
44 68
44 72
44 82
45 62
45 84
46 98
47 56
48 73
49 72
50 72
50 91
51 71
52 60
53 58
54 64
54 99
55 67
55 96
56 64
56 85
57 70
57 96
59 62
59 93
59 98
60 98
61 75
61 83
65 81
65 86
66 77
66 98
68 84
69 73
72 85
72 87
72 91
73 80
74 93
74 96
75 76
78 92
79 80
84 85
84 90
88 93
88 96
91 92
