100 1777
10 23 1 31 23 1 9 20 17 6 29 25 28 19 3 24 12 15 22 12 6 8 3 3 27 29 24 28 1 24 4 11 29 23 18 17 2 21 26 21 3 22 5 6 28 11 29 8 27 6 21 24 26 3 6 18 18 14 15 13 22 5 0 16 11 9 24 27 24 14 14 28 3 7 1 11 28 11 14 20 4 30 11 20 30 24 28 20 5 16 7 26 7 11 28 31 17 16 19 27 
0 1
0 6
0 16
0 22
0 24
0 32
0 36
0 38
0 41
0 46
0 53
0 55
0 58
0 59
0 61
0 64
0 66
0 68
0 69
0 70
0 71
0 74
0 75
0 76
0 79
0 82
0 84
0 85
0 88
0 90
0 95
0 98
1 13
1 14
1 18
1 21
1 23
1 25
1 26
1 27
1 28
1 34
1 35
1 36
1 41
1 44
1 45
1 47
1 48
1 51
1 54
1 56
1 57
1 58
1 62
1 63
1 64
1 68
1 69
1 70
1 74
1 75
1 77
1 80
1 81
1 82
1 84
1 87
1 99
2 5
2 6
2 8
2 9
2 14
2 16
2 18
2 20
2 21
2 23
2 24
2 27
2 31
2 38
2 39
2 42
2 44
2 46
2 50
2 52
2 62
2 64
2 69
2 72
2 75
2 77
2 78
2 81
2 83
2 85
2 89
2 91
2 92
2 94
2 95
2 96
2 97
2 98
3 6
3 7
3 8
3 10
3 13
3 15
3 19
3 21
3 22
3 25
3 26
3 27
3 28
3 30
3 32
3 33
3 36
3 42
3 45
3 48
3 50
3 55
3 58
3 64
3 70
3 71
3 81
3 82
3 87
3 88
3 92
3 93
3 97
4 9
4 10
4 12
4 16
4 17
4 18
4 27
4 34
4 35
4 36
4 37
4 38
4 40
4 44
4 46
4 47
4 48
4 50
4 51
4 53
4 55
4 66
4 68
4 71
4 76
4 78
4 82
4 83
4 96
4 97
5 6
5 8
5 9
5 10
5 13
5 15
5 20
5 23
5 25
5 33
5 37
5 38
5 39
5 41
5 43
5 44
5 46
5 47
5 48
5 53
5 55
5 56
5 57
5 62
5 65
5 66
5 68
5 69
5 74
5 75
5 77
5 78
5 79
5 81
5 92
6 8
6 11
6 12
6 14
6 15
6 22
6 24
6 25
6 29
6 30
6 36
6 44
6 45
6 46
6 47
6 53
6 54
6 55
6 57
6 58
6 59
6 60
6 62
6 65
6 68
6 69
6 70
6 72
6 73
6 75
6 76
6 77
6 78
6 81
6 86
6 88
6 89
6 92
6 93
6 96
6 98
6 99
7 8
7 11
7 13
7 15
7 22
7 24
7 28
7 31
7 36
7 41
7 44
7 49
7 52
7 54
7 57
7 58
7 60
7 61
7 69
7 71
7 72
7 74
7 80
7 81
7 83
7 85
7 87
7 88
7 91
7 94
7 97
8 9
8 10
8 12
8 15
8 16
8 17
8 19
8 20
8 22
8 24
8 25
8 26
8 29
8 31
8 39
8 41
8 42
8 43
8 46
8 48
8 50
8 51
8 52
8 53
8 54
8 55
8 56
8 61
8 63
8 65
8 66
8 67
8 73
8 77
8 78
8 80
8 93
8 95
9 12
9 15
9 18
9 25
9 28
9 30
9 31
9 37
9 38
9 40
9 43
9 44
9 46
9 48
9 53
9 54
9 58
9 59
9 60
9 62
9 63
9 64
9 66
9 69
9 70
9 72
9 73
9 77
9 80
9 81
9 82
9 83
9 84
9 85
9 87
9 89
9 90
9 95
9 96
9 98
10 13
10 19
10 21
10 23
10 25
10 31
10 32
10 34
10 38
10 40
10 42
10 43
10 45
10 47
10 51
10 52
10 57
10 59
10 61
10 75
10 76
10 77
10 84
10 85
10 88
10 90
10 97
10 99
11 13
11 15
11 20
11 32
11 37
11 38
11 46
11 47
11 50
11 54
11 55
11 59
11 62
11 67
11 68
11 70
11 74
11 77
11 78
11 85
11 89
11 96
11 99
12 15
12 18
12 20
12 26
12 28
12 30
12 31
12 35
12 36
12 37
12 40
12 43
12 44
12 46
12 47
12 48
12 50
12 52
12 53
12 55
12 58
12 59
12 60
12 62
12 66
12 70
12 71
12 74
12 76
12 77
12 83
12 87
12 90
12 92
12 94
12 96
12 98
13 14
13 19
13 22
13 24
13 26
13 27
13 28
13 29
13 31
13 33
13 34
13 38
13 40
13 41
13 42
13 44
13 48
13 50
13 52
13 57
13 58
13 60
13 62
13 66
13 67
13 68
13 71
13 72
13 77
13 78
13 84
13 85
13 87
13 88
13 89
13 90
13 91
13 98
14 15
14 18
14 19
14 33
14 35
14 38
14 41
14 42
14 43
14 46
14 47
14 48
14 49
14 50
14 55
14 61
14 63
14 68
14 69
14 76
14 77
14 80
14 83
14 85
14 95
14 96
14 99
15 18
15 21
15 24
15 26
15 27
15 28
15 30
15 31
15 33
15 36
15 37
15 39
15 45
15 49
15 57
15 58
15 60
15 63
15 66
15 68
15 69
15 70
15 73
15 77
15 79
15 83
15 84
15 86
15 87
15 88
15 91
15 92
15 98
15 99
16 17
16 18
16 21
16 23
16 24
16 25
16 27
16 31
16 32
16 35
16 37
16 44
16 51
16 55
16 57
16 59
16 62
16 64
16 65
16 66
16 69
16 71
16 74
16 80
16 86
16 89
16 91
16 95
16 96
16 98
17 20
17 23
17 26
17 30
17 35
17 39
17 45
17 46
17 48
17 49
17 51
17 54
17 56
17 59
17 61
17 65
17 66
17 68
17 69
17 71
17 79
17 80
17 82
17 87
17 88
17 89
17 92
17 98
18 20
18 22
18 23
18 24
18 37
18 39
18 40
18 41
18 43
18 47
18 49
18 50
18 54
18 57
18 59
18 61
18 62
18 66
18 67
18 68
18 70
18 71
18 75
18 80
18 86
18 90
18 96
19 20
19 23
19 27
19 29
19 33
19 36
19 37
19 38
19 43
19 45
19 46
19 48
19 52
19 55
19 60
19 63
19 65
19 72
19 74
19 76
19 79
19 80
19 85
19 86
19 87
19 91
19 94
19 95
19 99
20 21
20 23
20 25
20 26
20 31
20 46
20 47
20 48
20 49
20 52
20 53
20 55
20 56
20 59
20 60
20 61
20 62
20 63
20 65
20 66
20 68
20 73
20 75
20 76
20 80
20 81
20 83
20 86
20 87
20 88
20 92
20 94
20 95
20 96
21 25
21 32
21 39
21 41
21 44
21 46
21 47
21 48
21 52
21 53
21 61
21 70
21 71
21 73
21 76
21 79
21 81
21 82
21 83
21 89
21 92
21 96
21 97
22 25
22 26
22 27
22 34
22 35
22 36
22 37
22 42
22 44
22 48
22 53
22 54
22 56
22 57
22 59
22 60
22 63
22 67
22 68
22 69
22 70
22 79
22 81
22 82
22 85
22 86
22 87
22 93
22 96
23 25
23 28
23 31
23 32
23 35
23 37
23 39
23 42
23 43
23 46
23 54
23 59
23 61
23 62
23 65
23 72
23 80
23 87
23 89
23 91
23 95
23 97
23 98
24 25
24 26
24 30
24 33
24 34
24 40
24 41
24 47
24 49
24 52
24 53
24 56
24 58
24 60
24 61
24 65
24 66
24 69
24 73
24 75
24 76
24 78
24 80
24 83
24 85
24 87
24 92
24 93
25 27
25 30
25 35
25 39
25 40
25 46
25 50
25 51
25 58
25 59
25 60
25 66
25 79
25 80
25 81
25 86
25 87
25 96
25 98
25 99
26 28
26 32
26 33
26 35
26 38
26 40
26 41
26 43
26 45
26 48
26 49
26 52
26 53
26 55
26 56
26 59
26 62
26 71
26 73
26 75
26 76
26 77
26 79
26 80
26 82
26 83
26 84
26 86
26 87
26 89
26 94
27 29
27 31
27 34
27 36
27 41
27 42
27 43
27 47
27 58
27 59
27 61
27 65
27 66
27 67
27 70
27 76
27 77
27 79
27 86
27 94
27 96
27 99
28 29
28 31
28 41
28 42
28 49
28 51
28 54
28 59
28 63
28 65
28 66
28 68
28 69
28 71
28 72
28 74
28 77
28 80
28 81
28 87
28 92
28 93
28 98
29 30
29 32
29 33
29 37
29 38
29 42
29 43
29 46
29 47
29 53
29 54
29 56
29 58
29 71
29 73
29 76
29 78
29 82
29 85
29 87
29 88
29 94
29 98
29 99
30 31
30 34
30 42
30 43
30 44
30 45
30 46
30 47
30 48
30 49
30 53
30 54
30 56
30 62
30 67
30 68
30 71
30 72
30 74
30 77
30 78
30 81
30 88
30 89
30 90
30 92
30 94
30 96
31 33
31 34
31 35
31 36
31 38
31 41
31 46
31 53
31 55
31 61
31 63
31 71
31 74
31 78
31 80
31 82
31 85
31 86
31 87
31 89
31 91
31 96
31 99
32 35
32 36
32 41
32 42
32 45
32 46
32 47
32 48
32 49
32 52
32 53
32 54
32 55
32 59
32 64
32 65
32 68
32 71
32 72
32 73
32 75
32 77
32 78
32 79
32 88
32 91
32 95
32 97
33 35
33 36
33 37
33 38
33 43
33 44
33 48
33 50
33 51
33 52
33 54
33 58
33 60
33 61
33 62
33 65
33 69
33 71
33 75
33 76
33 78
33 81
33 88
33 89
33 90
33 97
34 47
34 48
34 51
34 53
34 54
34 60
34 61
34 71
34 76
34 78
34 79
34 80
34 82
34 84
34 93
34 94
34 96
34 97
35 42
35 45
35 52
35 53
35 54
35 55
35 57
35 58
35 64
35 66
35 67
35 71
35 74
35 76
35 78
35 79
35 80
35 85
35 94
35 95
35 96
35 97
35 99
36 48
36 55
36 56
36 58
36 61
36 62
36 63
36 68
36 73
36 74
36 80
36 81
36 91
36 93
36 94
36 97
37 41
37 43
37 44
37 52
37 55
37 65
37 67
37 69
37 71
37 73
37 81
37 83
37 87
37 90
37 96
38 39
38 41
38 43
38 44
38 45
38 46
38 47
38 49
38 52
38 54
38 56
38 58
38 60
38 68
38 70
38 73
38 75
38 77
38 79
38 82
38 83
38 84
38 85
38 88
38 89
38 90
38 92
38 93
38 96
38 99
39 42
39 47
39 48
39 50
39 51
39 53
39 56
39 59
39 62
39 63
39 64
39 81
39 85
39 89
39 90
39 91
39 93
39 97
39 99
40 47
40 48
40 54
40 60
40 61
40 62
40 65
40 68
40 69
40 70
40 71
40 72
40 75
40 78
40 81
40 82
40 83
40 87
40 88
40 92
40 93
40 95
41 54
41 55
41 56
41 58
41 59
41 60
41 62
41 64
41 67
41 68
41 70
41 71
41 75
41 84
41 89
41 93
41 94
41 98
41 99
42 46
42 50
42 54
42 58
42 59
42 60
42 61
42 71
42 74
42 75
42 80
42 83
42 85
42 86
42 98
43 51
43 53
43 55
43 57
43 61
43 72
43 77
43 80
43 82
43 83
43 86
43 90
43 92
43 93
43 96
44 45
44 46
44 47
44 49
44 50
44 51
44 54
44 55
44 60
44 62
44 72
44 73
44 74
44 75
44 78
44 81
44 82
44 84
44 85
44 89
44 91
44 92
44 95
44 97
45 47
45 49
45 50
45 53
45 54
45 55
45 56
45 58
45 59
45 64
45 67
45 72
45 74
45 76
45 78
45 81
45 82
45 83
45 84
45 91
45 95
45 98
46 51
46 53
46 58
46 59
46 61
46 62
46 63
46 66
46 67
46 68
46 70
46 72
46 73
46 75
46 78
46 80
46 81
46 83
46 85
46 86
46 87
46 88
46 89
46 94
46 97
47 50
47 52
47 53
47 56
47 58
47 60
47 66
47 67
47 69
47 70
47 73
47 74
47 75
47 82
47 84
47 87
47 88
47 90
47 91
47 92
47 95
47 99
48 49
48 50
48 54
48 57
48 58
48 60
48 62
48 63
48 65
48 68
48 70
48 72
48 73
48 77
48 78
48 79
48 81
48 82
48 85
48 86
48 87
48 92
48 93
48 94
48 96
48 97
49 52
49 55
49 62
49 68
49 70
49 73
49 75
49 81
49 83
49 86
49 89
49 90
49 94
49 96
50 52
50 53
50 56
50 59
50 62
50 64
50 66
50 67
50 68
50 69
50 75
50 77
50 78
50 81
50 82
50 84
50 86
50 91
50 93
50 94
50 96
50 98
51 53
51 55
51 56
51 58
51 60
51 61
51 64
51 73
51 74
51 75
51 81
51 85
51 87
51 88
51 89
52 53
52 55
52 58
52 60
52 62
52 68
52 84
52 86
52 87
52 89
52 92
52 96
53 54
53 55
53 60
53 61
53 67
53 72
53 74
53 75
53 80
53 81
53 83
53 84
53 86
53 89
53 91
53 92
53 93
53 94
53 96
53 97
54 63
54 65
54 66
54 71
54 73
54 74
54 78
54 80
54 82
54 84
54 85
54 86
54 88
54 92
54 93
54 94
54 98
54 99
55 56
55 61
55 69
55 70
55 72
55 74
55 77
55 79
55 80
55 84
55 86
55 87
55 90
55 92
55 95
55 98
55 99
56 57
56 61
56 62
56 67
56 70
56 75
56 76
56 81
56 83
56 99
57 59
57 62
57 68
57 71
57 74
57 79
57 81
57 82
57 84
57 85
57 87
57 88
57 89
57 92
57 94
57 97
58 59
58 66
58 67
58 68
58 73
58 76
58 78
58 79
58 80
58 81
58 83
58 85
58 87
58 88
58 92
58 93
58 97
58 99
59 63
59 64
59 65
59 66
59 70
59 71
59 76
59 78
59 82
59 84
59 87
59 90
59 92
59 93
59 94
59 95
59 98
59 99
60 63
60 64
60 70
60 74
60 78
60 81
60 82
60 85
60 87
60 91
60 93
60 94
60 96
60 97
61 65
61 68
61 69
61 80
61 81
61 83
61 87
61 90
61 92
61 93
61 94
61 95
62 63
62 70
62 75
62 76
62 81
62 84
62 89
62 92
62 96
62 97
63 65
63 67
63 71
63 72
63 74
63 78
63 84
63 89
63 94
63 98
63 99
64 65
64 66
64 67
64 70
64 73
64 75
64 78
64 81
64 83
64 84
64 89
64 92
64 93
64 94
64 98
65 66
65 67
65 75
65 76
65 81
65 88
65 90
65 92
65 93
65 95
65 96
65 99
66 68
66 72
66 73
66 78
66 79
66 81
66 84
66 91
66 92
66 94
66 95
66 96
66 98
66 99
67 68
67 70
67 71
67 76
67 79
67 85
67 87
67 93
67 96
68 75
68 77
68 81
68 84
68 88
68 89
68 95
68 96
68 97
69 70
69 74
69 75
69 76
69 77
69 78
69 79
69 82
69 88
69 89
69 99
70 75
70 76
70 78
70 80
70 84
70 86
70 89
70 90
70 92
70 99
71 78
71 79
71 85
71 87
71 88
71 93
71 95
71 96
72 73
72 74
72 77
72 78
72 79
72 80
72 81
72 88
72 89
72 92
72 96
72 97
72 98
73 75
73 76
73 79
73 80
73 81
73 84
73 85
73 92
73 94
73 95
73 96
74 75
74 76
74 78
74 79
74 83
74 86
74 87
74 88
74 90
74 91
74 94
74 96
74 98
75 83
75 84
75 88
75 96
75 99
76 84
76 85
76 88
76 97
77 80
77 83
77 85
77 86
77 89
77 96
77 98
78 79
78 80
78 84
78 87
78 91
78 93
78 97
79 81
79 83
79 85
79 86
79 89
80 85
80 89
80 90
80 91
80 95
80 96
80 99
81 84
81 88
81 89
81 93
81 94
82 86
82 94
82 95
83 84
83 87
83 88
83 91
83 93
83 94
83 96
83 99
84 88
84 92
84 95
84 96
84 98
85 92
85 94
85 99
86 90
86 91
86 92
86 93
86 95
86 97
86 98
87 88
87 91
87 94
87 95
88 91
88 93
88 95
88 98
89 90
89 92
89 99
90 97
90 98
90 99
91 94
91 95
91 96
91 97
91 98
91 99
92 94
92 97
93 95
93 99
94 95
94 97
95 96
95 99
97 99
