90 163
10 6 5 14 3 6 1 10 4 6 8 0 2 11 7 9 12 4 2 7 5 15 9 6 11 8 4 15 6 7 15 7 5 7 13 8 11 14 15 8 12 5 11 14 6 5 15 0 4 1 13 0 8 2 0 6 6 9 2 0 1 15 4 13 9 12 15 0 4 7 1 13 12 4 0 0 12 10 12 12 15 5 10 12 3 12 8 11 0 15 
0 16
0 19
0 27
0 31
0 44
0 70
0 83
0 85
1 18
1 85
2 58
2 73
2 84
3 9
3 14
3 39
3 44
3 73
4 61
5 50
5 54
6 15
6 30
6 79
6 83
7 28
7 31
7 39
7 42
7 65
7 72
8 29
8 34
9 20
9 34
9 35
9 42
9 56
9 81
10 31
10 51
10 81
11 24
11 33
12 69
12 77
12 79
13 67
13 71
15 42
16 31
16 35
16 37
16 39
16 72
17 21
17 32
17 48
17 65
17 80
18 25
18 31
18 49
18 51
18 60
18 61
18 73
18 84
19 89
20 22
20 30
20 38
20 57
20 67
20 71
22 41
22 45
22 56
23 24
23 30
23 75
24 49
24 60
25 57
25 73
26 65
26 78
27 32
27 63
29 66
29 80
30 49
31 34
31 39
31 49
31 65
31 72
31 84
31 87
32 41
32 47
33 55
33 58
34 40
34 49
34 58
34 73
34 84
34 88
35 49
35 58
35 64
35 67
35 73
35 81
35 86
36 53
36 79
36 87
37 62
38 43
39 57
39 80
39 83
40 68
42 89
43 64
44 49
44 74
45 56
46 48
46 74
46 82
47 82
49 77
50 63
51 60
52 67
53 87
54 59
54 76
54 81
54 83
57 76
57 81
60 63
63 69
63 77
64 74
65 83
66 73
68 69
68 75
68 80
68 82
68 86
69 87
71 72
73 74
74 85
76 79
77 79
82 84
