50 74
7 2 0 3 2 6 7 6 4 6 0 4 2 6 3 6 6 5 3 3 5 3 7 1 5 0 7 3 0 3 3 0 5 6 4 7 3 2 1 2 1 6 1 3 7 7 4 0 7 1 
0 33
0 40
0 45
0 49
1 11
1 14
1 36
1 46
2 5
2 16
2 45
3 22
3 28
3 36
4 15
4 39
4 49
5 6
5 12
6 13
6 16
6 31
7 8
7 36
7 45
7 47
8 25
8 33
8 44
8 49
9 10
9 14
9 47
10 30
10 42
11 15
11 35
11 42
12 20
12 31
14 44
14 48
16 41
17 23
18 19
18 27
18 39
19 34
19 35
20 32
20 44
21 28
21 36
21 48
22 25
22 48
23 27
23 39
24 40
25 37
26 35
26 38
26 43
27 34
28 38
29 35
29 37
30 47
33 49
35 49
37 49
38 48
40 48
43 44
