80 306
1 8 6 8 0 14 7 13 9 9 9 4 1 4 7 11 14 3 4 8 6 7 11 3 4 13 3 10 6 0 12 9 15 6 13 10 3 2 3 9 8 7 10 15 13 6 13 2 12 10 1 1 12 6 9 11 9 6 2 14 9 3 9 4 15 5 6 13 10 6 4 13 15 10 4 13 5 3 7 11 
0 5
0 13
0 23
0 28
0 30
0 77
1 2
1 10
1 18
1 23
1 24
1 27
1 28
1 32
1 36
1 40
1 42
1 55
1 62
1 63
1 75
2 8
2 26
2 42
2 43
2 53
2 65
2 67
3 6
3 7
3 20
3 62
3 70
4 9
4 13
4 23
4 70
4 73
5 16
5 23
5 27
5 37
6 17
6 26
6 30
6 31
6 45
6 46
7 12
7 23
7 51
7 69
8 23
8 36
8 70
8 78
9 39
9 57
9 72
9 73
10 32
10 45
10 54
10 57
10 60
10 61
11 23
11 29
11 32
11 49
11 53
11 73
11 76
11 79
12 21
12 22
12 43
12 62
12 63
12 70
12 73
13 20
13 21
13 22
13 35
13 37
13 51
13 52
13 78
14 18
14 26
14 29
14 31
14 40
14 47
14 49
14 62
14 63
14 66
14 70
15 25
15 30
15 51
15 55
15 56
15 71
16 23
16 25
16 26
16 31
16 41
16 64
16 75
16 78
17 25
17 38
17 40
17 48
17 65
17 75
18 30
18 36
18 66
18 70
18 72
18 77
19 31
19 34
19 43
19 45
19 50
19 53
19 54
19 59
19 69
20 22
20 37
20 39
20 46
20 59
20 62
20 68
20 73
20 78
20 79
21 32
21 39
21 40
21 47
21 55
21 61
21 62
21 63
21 69
21 70
22 25
22 35
22 46
23 59
23 60
24 25
24 54
24 60
24 68
25 26
25 32
25 34
25 37
25 41
25 42
25 52
25 56
25 66
25 75
25 77
26 36
27 38
27 48
27 56
27 75
28 47
28 67
28 75
29 33
29 41
29 42
29 48
29 53
29 71
29 79
30 38
30 44
30 52
30 64
31 34
31 41
31 48
31 72
31 74
31 77
32 40
32 62
32 79
33 34
33 45
33 47
33 69
33 71
33 73
34 46
34 50
34 61
34 68
34 75
34 76
34 79
35 41
35 45
35 62
35 66
35 72
35 74
35 79
36 51
36 57
36 70
37 43
37 45
37 47
37 50
37 58
37 63
37 65
37 78
38 43
38 50
38 59
38 62
38 64
39 43
39 57
39 64
39 79
40 58
40 67
40 77
41 45
41 66
42 56
42 58
42 71
42 72
42 75
42 79
43 59
43 74
44 48
44 54
45 52
45 55
46 52
46 53
46 60
46 61
47 75
48 51
48 56
48 63
49 64
49 65
50 76
51 63
51 68
53 56
53 71
53 75
53 76
54 66
55 57
55 73
56 78
57 61
57 75
58 63
58 73
59 68
59 70
59 72
61 77
61 79
63 68
63 70
63 74
65 72
66 74
67 71
68 76
68 77
69 75
70 71
70 72
72 75
72 77
72 79
76 77
78 79
