70 308
12 14 14 2 2 6 15 10 11 14 8 15 5 7 2 15 5 1 3 1 14 4 0 12 1 3 0 1 4 8 3 14 9 8 8 14 9 3 11 15 9 14 1 4 0 14 9 5 13 5 11 13 8 9 12 3 9 10 13 0 13 13 0 6 12 8 3 1 11 9 
0 3
0 5
0 9
0 24
0 30
0 36
0 41
0 63
0 64
0 65
1 5
1 20
1 33
1 44
2 3
2 4
2 9
2 34
2 35
2 38
2 49
2 50
2 56
2 58
2 66
2 67
3 28
3 31
3 34
3 42
3 49
3 50
3 59
3 67
4 13
4 26
4 28
4 39
4 41
4 49
4 50
4 54
4 57
4 61
4 62
4 65
4 66
5 10
5 12
5 14
5 25
5 51
5 55
5 59
5 60
5 61
6 7
6 29
6 35
6 45
6 46
6 47
6 48
7 14
7 22
7 44
7 59
8 13
8 41
8 49
8 56
9 21
9 30
9 36
9 41
9 57
9 62
9 64
10 12
10 15
10 28
10 34
10 44
10 45
11 12
11 16
11 19
11 25
11 28
11 35
11 44
11 53
11 58
12 19
12 23
12 39
12 64
13 22
13 27
13 40
13 54
14 20
14 32
14 49
14 66
15 17
15 21
15 36
15 40
15 47
16 18
16 28
16 32
16 35
16 44
16 58
16 67
17 25
17 32
17 43
18 22
18 23
18 28
18 35
18 44
18 48
18 53
18 57
18 62
18 65
18 68
19 24
19 30
19 32
19 54
19 57
19 61
19 65
19 66
20 27
20 53
21 23
21 30
21 32
21 38
21 41
21 43
21 46
21 57
21 63
21 64
22 36
22 43
22 52
22 57
23 47
23 53
23 57
23 58
23 60
23 61
23 67
24 28
24 30
24 32
24 38
24 55
24 57
24 63
24 65
25 30
25 32
25 56
25 58
26 60
26 62
27 29
27 30
27 31
27 34
27 45
27 52
28 35
28 42
28 52
28 60
28 67
29 47
29 59
29 68
30 32
30 57
30 63
31 32
31 39
31 41
31 42
31 50
31 53
31 54
31 58
31 64
32 39
32 45
32 56
32 57
32 59
32 63
32 65
32 66
33 37
33 46
33 50
33 56
33 61
33 65
33 68
34 35
34 40
34 60
35 42
35 44
35 53
35 57
35 58
35 61
35 67
35 69
36 38
36 39
36 50
36 57
36 62
36 64
36 68
37 52
37 54
37 59
37 60
38 40
38 55
38 63
39 42
39 43
39 50
39 53
39 54
39 65
39 68
40 49
40 52
41 53
41 62
41 68
42 49
42 51
42 52
42 54
42 58
43 53
43 66
43 67
44 51
44 53
44 66
45 49
45 56
45 58
45 59
45 61
46 51
46 60
46 68
46 69
47 48
48 52
49 50
49 52
49 54
49 61
49 67
50 51
50 54
50 64
50 66
50 68
52 56
52 60
52 62
52 64
53 59
53 68
54 65
54 66
54 68
56 61
57 62
57 63
57 65
57 66
59 64
61 69
62 64
62 68
63 65
63 67
64 68
65 66
