80 184
4 13 5 13 5 15 15 12 2 9 11 2 0 12 6 15 14 10 8 4 2 12 15 12 6 4 8 0 2 7 9 13 12 4 9 7 14 1 14 15 2 9 14 13 14 4 5 4 8 7 1 8 3 1 15 5 11 1 3 0 7 11 8 10 8 6 1 9 4 14 5 13 4 12 1 5 8 12 9 4 
0 18
0 19
0 38
0 47
0 50
1 8
1 31
1 41
1 55
1 63
2 43
3 5
3 7
3 30
3 54
3 69
4 17
4 20
4 30
4 43
4 62
5 15
5 32
5 51
5 60
5 68
6 10
6 37
6 39
6 41
6 48
7 68
7 74
7 77
8 13
8 26
8 52
8 67
9 10
9 23
9 39
9 58
9 71
9 73
10 18
10 24
10 27
10 38
10 54
11 31
11 41
11 74
11 77
11 79
12 19
12 30
12 63
13 39
13 48
13 55
13 58
14 18
14 29
14 55
15 18
15 27
15 50
15 57
16 19
16 26
16 64
16 72
17 35
17 51
17 66
17 71
17 73
17 78
18 51
18 63
18 71
19 56
19 58
19 71
20 35
20 59
20 65
21 37
21 41
21 68
21 74
22 39
22 41
22 73
22 76
22 79
23 26
23 52
23 64
23 70
24 41
24 51
24 68
24 73
24 77
25 35
25 40
25 59
25 78
26 58
27 29
27 34
27 37
27 68
28 43
28 46
28 62
28 70
29 33
29 60
30 51
30 65
30 77
31 55
31 73
32 54
33 65
34 38
34 42
34 50
35 36
35 45
35 61
36 51
36 60
36 63
36 65
37 42
38 48
38 58
38 61
39 52
40 45
40 64
40 72
42 48
43 73
43 77
43 79
44 49
44 59
44 77
44 79
45 56
45 63
45 71
46 54
46 76
46 79
47 49
47 56
47 63
49 50
49 57
52 76
53 79
54 68
55 68
56 72
57 60
57 63
59 62
59 75
60 69
61 63
62 78
64 66
64 71
64 78
65 69
67 68
70 73
70 76
70 78
