80 308
11 10 2 12 8 15 3 13 13 2 8 11 1 4 10 0 13 13 9 14 4 6 13 0 13 5 7 5 15 4 7 6 4 5 13 12 7 9 15 6 3 10 2 13 13 15 11 1 15 6 10 15 12 5 6 13 6 6 3 1 8 11 11 14 3 5 12 9 4 11 1 0 13 4 11 10 13 13 3 11 
0 4
0 31
0 40
0 44
0 51
0 60
0 69
0 73
0 76
1 21
1 27
1 30
1 55
1 57
1 79
2 18
2 25
2 26
2 45
2 55
2 75
2 76
2 78
3 8
3 13
3 34
3 46
3 49
3 50
3 51
3 55
3 61
3 64
3 69
4 15
4 19
4 35
4 44
4 64
4 78
5 6
5 22
5 46
5 59
6 27
6 46
6 57
6 67
6 73
6 74
6 79
7 12
7 15
7 18
7 65
8 24
8 30
8 32
8 47
8 51
8 53
8 75
9 23
9 47
9 53
9 74
10 21
10 23
10 24
10 38
10 41
10 52
10 55
10 57
10 60
10 64
10 69
10 76
11 32
11 50
11 60
11 64
11 65
11 76
11 78
11 79
12 14
12 15
12 35
12 38
12 39
12 41
12 52
12 60
13 17
13 31
13 34
13 37
13 58
13 65
13 67
13 76
13 77
14 20
14 26
14 31
14 45
14 58
14 60
14 72
14 74
15 16
15 45
15 50
15 71
16 17
16 23
16 24
16 25
16 35
16 51
16 70
16 75
16 77
17 21
17 22
17 36
17 40
17 44
18 19
18 51
18 68
19 23
19 30
19 32
20 25
20 41
20 68
20 70
20 71
20 76
21 26
21 44
21 46
21 58
22 26
22 30
22 45
22 53
22 56
22 62
22 65
22 72
22 79
23 26
23 61
23 64
23 79
24 38
24 43
24 46
24 52
24 53
24 74
24 77
25 38
25 45
25 47
25 55
25 57
25 65
25 72
25 78
26 45
26 55
26 76
27 33
27 49
27 56
28 49
28 54
28 66
28 75
29 39
29 48
29 61
30 32
30 38
30 75
30 76
31 38
31 43
31 46
31 48
31 51
31 57
32 40
32 60
32 75
32 79
33 40
33 42
33 59
33 71
34 52
34 57
34 77
35 39
35 68
35 71
36 48
36 63
36 68
37 39
37 42
37 60
37 62
37 65
38 54
38 63
38 68
38 77
39 51
39 57
39 68
39 69
39 77
39 79
40 41
40 54
40 71
41 62
42 47
42 52
42 60
42 66
42 71
42 73
43 44
43 47
43 49
43 53
43 61
43 75
44 60
44 64
44 72
44 79
45 59
45 60
45 64
46 71
46 77
47 63
47 64
47 67
47 69
47 73
48 52
48 63
48 66
48 75
49 50
49 53
49 65
49 70
50 58
50 60
50 72
51 54
51 69
51 71
52 76
53 72
53 75
54 59
54 61
55 57
55 61
55 72
55 74
56 58
56 62
56 70
56 77
57 61
57 62
59 66
60 72
60 75
61 65
61 69
61 79
62 63
62 68
62 70
62 78
63 67
64 68
64 70
64 73
65 67
65 69
66 77
66 79
67 77
71 75
72 79
