40 83
5 1 1 2 2 5 2 7 2 5 5 6 0 3 3 5 7 4 3 2 3 6 3 5 7 6 0 7 3 1 4 1 4 4 6 5 1 0 4 4 
0 13
0 14
0 32
0 33
0 39
1 2
1 12
1 16
2 3
2 16
2 23
2 31
2 37
2 38
3 8
3 12
3 13
3 14
3 29
4 10
4 12
4 28
4 33
5 8
5 18
5 25
5 34
6 7
6 13
6 20
6 24
6 32
7 15
7 17
7 27
8 10
8 11
8 17
9 15
9 17
9 29
9 39
10 18
10 36
11 34
11 36
11 37
12 20
12 38
13 31
14 23
14 38
15 26
16 36
16 37
17 20
17 24
17 30
18 21
18 35
19 26
19 35
20 25
20 27
20 30
21 29
21 34
21 39
22 25
22 27
23 29
23 31
23 34
23 37
24 29
24 31
25 28
25 32
26 39
27 36
29 34
30 37
35 39
