50 128
6 1 5 0 3 4 2 2 0 3 2 2 2 3 4 2 6 0 4 0 6 7 6 5 3 3 0 1 7 5 7 0 4 7 3 3 0 4 5 5 3 2 3 3 2 6 3 4 5 6 
0 18
0 43
0 49
1 4
1 5
1 7
1 8
1 19
1 29
1 32
2 5
2 12
2 44
2 45
2 46
3 22
3 25
3 31
3 41
3 46
4 40
4 47
5 9
5 24
6 13
6 16
6 28
6 32
7 11
7 14
7 23
7 25
7 31
7 36
8 9
8 10
8 13
8 17
8 18
8 25
8 32
8 35
9 21
9 22
9 46
9 47
10 19
10 30
10 47
11 20
11 26
11 40
11 43
12 14
12 16
12 28
12 41
12 45
12 48
13 16
14 19
14 20
14 30
14 38
14 44
15 28
15 32
15 45
16 21
17 20
18 29
18 31
18 32
18 35
18 36
18 46
20 37
20 49
21 25
22 25
22 34
22 42
23 27
23 46
23 49
24 34
24 39
25 26
25 27
25 30
25 31
26 37
26 42
26 48
27 29
27 35
27 38
27 43
28 30
28 35
28 38
29 36
30 34
30 36
30 37
31 36
31 44
31 48
31 49
33 42
34 44
34 47
36 40
37 39
37 42
37 44
37 46
38 49
39 40
40 48
41 42
41 46
41 48
42 44
43 44
43 49
45 46
47 48
