35 218
0 5 7 6 0 4 0 7 3 2 3 1 0 6 5 0 0 4 1 1 1 3 1 7 1 4 5 1 1 4 1 0 2 5 5 
0 4
0 5
0 9
0 10
0 13
0 15
0 18
0 20
0 21
0 22
0 26
0 27
0 31
0 32
0 34
1 3
1 4
1 6
1 7
1 8
1 9
1 15
1 20
1 25
1 29
1 31
1 34
2 3
2 6
2 8
2 11
2 16
2 20
2 21
2 23
2 25
2 28
2 31
3 7
3 9
3 11
3 12
3 14
3 18
3 22
3 23
3 28
3 31
4 5
4 6
4 15
4 16
4 21
4 22
4 25
4 28
4 29
4 30
4 34
5 6
5 7
5 16
5 20
5 22
6 7
6 8
6 9
6 12
6 15
6 17
6 19
6 22
6 24
6 26
6 27
6 31
7 9
7 10
7 11
7 12
7 13
7 14
7 15
7 19
7 22
7 23
7 34
8 10
8 11
8 13
8 15
8 19
8 22
8 23
8 24
8 25
8 27
8 28
8 30
8 31
8 32
8 33
9 11
9 13
9 14
9 15
9 19
9 22
9 24
9 29
9 31
9 33
10 11
10 13
10 18
10 19
10 23
10 27
10 30
10 33
10 34
11 19
11 20
11 21
11 24
11 25
11 26
11 27
11 28
11 29
11 30
11 32
12 16
12 18
12 22
12 26
12 31
12 32
12 33
13 15
13 17
13 18
13 26
13 34
14 16
14 18
14 20
14 24
14 32
15 16
15 24
15 25
15 26
15 30
15 33
16 17
16 20
16 27
16 29
16 34
17 18
17 19
17 22
17 27
17 32
17 33
17 34
18 19
18 20
18 21
18 22
18 25
18 28
18 34
19 23
19 26
19 31
19 32
20 23
21 23
21 24
21 26
21 30
21 31
21 32
22 26
23 27
23 28
23 30
23 34
24 25
24 26
24 27
24 29
24 31
24 32
24 33
24 34
25 27
25 30
25 32
25 34
26 27
26 30
26 32
27 29
28 30
29 31
29 32
29 33
30 31
30 32
30 33
30 34
31 32
31 33
31 34
33 34
