70 234
7 11 14 4 7 2 9 12 1 5 3 8 11 6 11 15 4 11 7 7 0 11 10 10 11 6 7 9 4 12 0 15 7 6 3 14 14 6 6 2 4 7 8 1 3 15 0 7 11 8 5 1 4 2 5 11 6 3 8 3 4 6 5 12 11 10 13 1 8 1 
0 6
0 9
0 27
0 41
0 45
0 55
0 58
1 34
1 38
1 42
1 48
1 69
2 6
2 12
2 38
2 43
2 59
3 11
3 22
3 29
3 30
3 32
3 37
3 46
3 62
4 12
4 39
4 47
4 69
5 6
5 36
5 40
5 62
5 63
5 68
6 28
6 34
6 37
6 60
6 63
7 19
7 28
7 34
7 35
7 46
7 53
7 58
7 60
8 11
8 21
8 22
8 45
8 51
8 60
8 69
9 19
9 22
9 56
9 65
9 66
9 69
10 22
10 36
10 37
10 38
10 49
10 53
10 61
10 66
11 12
11 25
11 33
11 39
11 41
12 13
12 18
12 27
12 28
12 42
12 50
12 58
12 60
12 66
13 16
13 54
14 28
14 34
14 58
14 68
15 30
15 53
16 17
16 25
16 26
16 34
16 39
16 56
17 20
17 29
17 46
17 64
18 19
18 26
18 31
18 32
18 39
18 66
18 68
19 27
19 30
19 32
19 37
19 42
19 47
20 47
21 26
21 36
21 58
21 63
21 67
22 24
22 28
22 31
22 67
23 27
23 28
23 29
23 40
23 42
23 44
24 39
24 52
24 58
25 37
25 45
25 60
25 61
25 62
25 69
27 39
27 45
27 49
27 57
27 67
28 32
28 36
28 39
28 49
28 50
28 64
29 35
29 38
29 40
29 43
29 56
29 66
30 32
30 36
30 58
31 32
31 40
31 57
31 60
31 68
32 55
32 61
32 65
32 67
33 37
33 41
33 58
33 64
34 36
34 65
35 40
35 60
35 64
36 38
36 46
36 63
37 41
37 51
37 53
37 64
38 44
38 68
39 45
39 46
39 52
39 54
40 60
41 46
42 47
42 51
42 68
43 48
43 50
43 53
44 53
44 65
45 54
45 56
45 60
46 48
46 57
46 61
46 68
47 65
48 62
49 50
49 52
49 67
50 56
51 54
51 55
51 59
51 63
52 55
53 62
53 63
54 65
55 67
55 69
56 65
57 60
57 65
58 69
59 60
59 66
60 65
62 63
63 65
63 66
63 67
