70 234
8 15 1 15 6 3 4 0 7 8 11 6 10 8 6 5 11 9 15 11 11 11 6 6 7 9 9 10 7 11 2 10 13 15 5 10 13 12 7 11 0 11 5 0 9 11 2 8 2 1 15 6 14 7 6 15 11 11 12 7 3 11 3 2 6 4 15 6 11 14 
0 8
0 10
0 14
0 26
0 40
0 51
0 52
1 5
1 11
1 26
1 33
1 42
1 44
1 49
2 5
2 17
2 23
2 41
2 45
2 52
2 56
2 62
2 64
3 12
3 14
3 27
3 33
3 36
3 67
3 69
4 15
4 17
4 28
4 33
4 37
4 38
4 41
5 26
5 32
5 48
5 51
5 54
5 66
5 68
6 8
6 9
6 16
6 17
6 25
6 42
6 69
7 15
7 18
7 28
7 45
7 56
8 16
8 17
8 22
8 24
8 25
8 38
9 12
9 50
9 52
9 53
9 54
10 23
10 26
10 44
10 49
10 61
11 15
11 18
11 23
11 31
11 32
11 48
11 69
12 14
12 26
12 31
12 46
12 53
12 60
12 63
12 68
13 27
13 33
13 34
13 36
13 44
13 58
14 22
14 27
14 36
14 45
14 66
14 67
15 45
15 51
15 69
16 28
16 30
16 34
16 56
16 61
16 64
17 20
17 28
17 40
17 55
17 57
18 25
18 43
19 20
19 25
19 33
19 39
20 40
20 55
20 61
21 22
21 24
21 47
21 54
22 28
22 32
22 37
22 47
22 57
23 58
23 66
24 43
24 60
25 27
25 34
25 47
26 34
26 39
26 42
26 46
26 66
26 67
27 44
27 45
27 54
27 56
27 66
28 33
28 39
28 59
28 69
29 50
29 52
29 61
29 66
30 33
30 35
30 45
30 68
31 33
32 35
32 40
32 50
32 51
32 55
32 57
32 63
33 42
33 44
33 48
34 56
35 46
35 61
36 63
37 42
37 43
37 64
37 65
38 45
38 55
38 62
39 48
39 67
39 69
40 41
40 42
40 53
41 47
41 48
42 53
42 54
42 57
42 60
42 64
43 48
44 46
44 48
44 52
44 61
44 65
46 58
46 60
46 67
47 48
47 54
47 67
48 55
48 67
49 56
49 57
49 59
49 62
49 69
50 57
50 69
51 57
51 66
52 56
53 55
53 57
53 58
53 65
54 61
54 66
56 60
56 61
56 68
58 60
61 65
62 64
63 68
64 67
