60 176
15 15 13 9 3 12 6 1 0 11 9 13 4 11 12 2 10 11 14 4 3 2 10 7 13 8 14 5 4 12 7 1 12 7 9 0 4 8 3 2 3 11 8 9 8 15 11 7 11 14 1 5 15 7 1 1 5 4 1 12 
0 4
0 22
0 41
0 45
0 47
0 55
0 58
1 10
1 52
2 17
2 20
2 21
2 22
2 29
2 40
2 59
3 5
3 16
3 19
3 21
3 29
3 31
3 32
3 47
3 49
3 54
3 58
4 6
4 10
4 13
4 15
4 33
4 42
5 9
5 17
5 35
5 36
5 40
5 41
6 9
6 15
6 27
6 39
6 42
6 45
6 52
7 14
7 21
7 42
7 45
7 46
7 51
7 52
7 53
8 19
8 21
8 25
8 26
8 27
8 32
8 43
9 29
9 47
10 33
10 43
10 50
10 51
10 59
11 20
11 33
12 13
12 34
12 45
12 54
12 58
13 25
13 47
14 16
14 31
14 43
14 44
14 51
14 53
14 58
15 25
15 38
15 42
15 44
15 45
15 46
15 56
16 19
16 27
16 31
16 44
16 49
16 57
17 20
17 40
17 47
17 52
17 55
18 19
18 40
18 49
18 57
19 23
19 39
20 21
20 29
20 43
20 54
21 26
21 29
21 50
21 54
22 40
22 47
22 55
23 28
23 52
24 49
25 48
25 55
26 28
26 34
27 37
27 44
27 49
27 51
27 54
27 58
28 45
29 34
29 54
30 44
31 49
32 34
32 44
33 41
33 45
33 50
34 42
34 50
34 58
35 36
35 45
36 44
37 55
38 50
40 42
40 51
40 55
41 44
41 45
41 51
41 53
42 45
42 52
43 57
44 48
44 53
44 54
45 52
45 59
46 48
46 51
47 55
47 56
47 57
49 52
49 54
50 59
51 52
52 57
57 59
