90 764
12 14 2 4 5 8 15 3 13 8 8 3 6 4 1 3 15 3 15 10 2 10 4 8 10 6 6 6 10 3 12 6 0 4 14 13 1 11 7 5 5 9 5 9 15 0 5 7 1 0 1 14 7 12 1 3 2 5 5 8 6 11 9 12 11 11 2 5 14 0 12 8 6 3 7 9 3 8 8 12 4 2 8 6 14 12 3 1 2 8 
0 2
0 4
0 9
0 12
0 13
0 14
0 17
0 18
0 26
0 37
0 40
0 42
0 49
0 55
0 56
0 62
0 69
0 71
0 73
0 76
0 82
0 84
0 88
1 6
1 20
1 26
1 36
1 39
1 53
1 54
1 58
1 60
1 62
1 64
1 66
1 72
1 76
1 77
1 80
1 83
1 87
2 3
2 8
2 11
2 15
2 19
2 20
2 21
2 25
2 28
2 38
2 40
2 42
2 58
2 60
2 65
2 68
2 70
2 78
2 79
2 85
3 5
3 8
3 15
3 16
3 17
3 20
3 22
3 24
3 26
3 28
3 33
3 35
3 45
3 46
3 47
3 49
3 52
3 53
3 55
3 56
3 63
3 66
3 67
3 70
3 83
3 84
3 89
4 6
4 10
4 11
4 14
4 15
4 24
4 25
4 28
4 31
4 33
4 38
4 40
4 42
4 64
4 70
4 72
4 73
4 79
5 12
5 15
5 24
5 27
5 34
5 52
5 56
5 62
5 63
5 73
5 74
5 81
5 84
6 9
6 14
6 32
6 42
6 48
6 50
6 59
6 66
6 68
6 69
6 71
6 74
6 75
6 76
6 78
6 81
7 10
7 12
7 21
7 23
7 32
7 39
7 40
7 42
7 43
7 59
7 64
7 68
7 78
7 81
7 83
8 15
8 18
8 27
8 36
8 38
8 39
8 50
8 67
8 68
8 76
8 84
8 86
9 13
9 20
9 21
9 23
9 25
9 33
9 40
9 42
9 54
9 55
9 57
9 58
9 78
9 82
9 87
9 89
10 12
10 13
10 19
10 29
10 33
10 36
10 38
10 44
10 52
10 66
10 76
10 77
10 80
10 85
10 88
11 16
11 22
11 35
11 51
11 54
11 58
11 70
11 76
11 81
11 87
12 15
12 24
12 34
12 37
12 41
12 52
12 54
12 71
12 75
12 79
13 26
13 30
13 31
13 37
13 43
13 46
13 50
13 52
13 56
13 58
13 62
13 64
13 69
13 71
13 72
13 73
13 77
13 78
13 80
13 86
13 87
13 88
13 89
14 21
14 25
14 41
14 43
14 50
14 68
14 70
14 76
14 79
14 82
14 85
14 88
15 17
15 22
15 24
15 26
15 27
15 42
15 59
15 65
15 68
15 72
15 74
15 75
15 78
15 79
15 83
15 85
15 89
16 18
16 20
16 22
16 32
16 36
16 40
16 42
16 45
16 49
16 53
16 58
16 60
16 69
16 72
16 76
16 84
17 19
17 20
17 36
17 38
17 46
17 50
17 58
17 78
17 81
17 88
18 20
18 21
18 27
18 30
18 40
18 41
18 42
18 65
18 67
18 72
18 73
18 77
18 79
18 82
18 83
19 20
19 21
19 24
19 29
19 35
19 42
19 47
19 50
19 53
19 62
19 73
19 82
20 29
20 37
20 47
20 51
20 60
20 69
20 79
20 89
21 24
21 38
21 40
21 41
21 45
21 46
21 72
21 73
21 81
21 82
21 89
22 26
22 30
22 36
22 44
22 45
22 48
22 52
22 53
22 55
22 82
23 29
23 32
23 43
23 59
23 61
23 66
23 69
23 75
23 78
23 81
23 87
24 28
24 41
24 43
24 53
24 58
24 61
24 62
24 66
24 75
24 76
24 88
25 26
25 30
25 35
25 48
25 57
25 63
25 64
25 67
25 69
25 74
25 86
25 87
26 27
26 29
26 30
26 31
26 34
26 38
26 56
26 61
26 63
26 64
26 68
26 78
26 82
26 87
27 34
27 44
27 46
27 55
27 62
27 74
27 81
27 83
27 88
28 46
28 47
28 49
28 55
28 58
28 63
28 74
28 75
28 77
28 81
28 82
29 35
29 39
29 44
29 48
29 52
29 54
29 72
29 76
29 77
29 82
29 87
30 31
30 42
30 47
30 55
30 61
30 70
30 73
30 74
30 79
30 80
30 82
31 34
31 39
31 40
31 41
31 49
31 55
31 57
31 67
31 71
31 75
31 77
31 84
31 87
32 45
32 49
32 50
32 53
32 67
32 71
32 77
32 84
33 39
33 52
33 58
33 69
33 71
33 73
33 75
33 76
34 61
34 62
34 63
34 71
34 72
34 74
34 77
35 41
35 51
35 84
36 52
36 63
36 66
36 73
36 74
36 78
36 82
36 83
37 42
37 43
37 44
37 45
37 46
37 52
37 63
37 64
37 68
37 74
37 81
38 44
38 49
38 50
38 60
38 63
38 72
38 73
38 76
38 78
38 84
39 40
39 59
39 66
39 68
39 69
39 70
39 80
39 85
39 87
39 88
40 45
40 49
40 52
40 66
40 73
40 74
40 76
40 78
40 85
41 44
41 49
41 61
41 66
41 68
41 80
41 81
42 45
42 53
42 74
42 78
43 44
43 49
43 52
43 57
43 69
43 72
43 73
43 81
43 86
44 55
44 67
44 69
44 71
44 73
44 80
45 47
45 58
45 59
45 65
45 73
45 74
45 88
46 49
46 51
46 63
46 65
46 70
46 79
46 86
46 87
47 48
47 49
47 55
47 58
47 63
47 66
47 72
47 74
47 80
47 83
47 88
48 53
48 55
48 63
48 66
48 68
48 69
48 72
48 78
48 84
49 52
49 58
49 59
49 63
49 67
49 68
49 70
49 71
49 78
49 79
49 80
49 82
49 83
49 84
49 86
49 87
50 56
50 60
50 61
50 62
50 63
50 68
50 75
50 76
50 81
50 85
50 86
51 52
51 63
51 64
51 87
52 55
52 58
52 59
52 60
52 61
52 63
52 65
52 73
52 77
52 78
52 79
52 80
52 82
52 88
53 65
53 75
53 79
53 87
53 88
54 64
54 66
54 69
54 70
54 75
54 80
54 84
54 87
55 72
55 75
55 76
55 78
55 86
56 57
56 58
56 61
56 67
56 79
56 81
56 85
56 86
56 89
57 64
57 73
57 74
57 75
57 84
58 59
58 60
58 63
58 65
58 68
58 69
58 70
58 71
58 73
58 81
58 84
58 89
59 64
59 68
59 69
59 70
59 75
59 84
59 88
60 69
60 72
60 81
61 63
61 69
61 79
62 65
62 66
62 73
63 70
63 72
63 74
63 85
64 67
64 68
64 72
64 76
65 66
65 71
65 73
65 75
65 86
65 87
66 70
66 73
66 78
66 79
66 83
66 85
67 70
67 83
68 73
68 81
68 82
68 83
69 70
69 75
69 78
69 80
69 83
69 86
69 89
70 71
70 75
70 83
70 85
71 73
71 89
72 78
72 84
72 85
72 87
72 89
73 79
74 75
74 77
74 85
75 87
75 88
76 78
76 81
76 82
76 84
76 88
77 83
77 88
78 80
78 84
78 86
78 87
78 89
79 81
79 85
80 81
80 82
80 83
80 85
80 86
80 89
82 86
82 87
86 87
86 88
