80 231
10 1 5 9 0 7 7 2 3 11 13 15 9 15 12 14 9 15 9 6 3 7 12 0 6 10 14 0 14 5 8 11 11 7 11 11 13 11 14 10 12 1 3 15 7 7 4 14 3 10 0 11 15 6 8 7 7 1 0 6 3 11 11 15 13 6 13 3 4 15 8 0 3 6 0 2 0 2 8 5 
0 19
0 24
0 25
0 36
0 40
0 50
0 74
1 3
1 28
1 32
1 33
1 45
1 59
2 10
2 16
2 26
2 30
2 67
2 75
2 77
2 79
3 7
3 51
3 58
4 15
4 34
4 42
4 45
4 53
4 58
4 66
4 76
5 15
5 16
5 17
5 26
5 34
5 64
6 35
6 42
6 45
6 53
6 68
6 75
6 77
7 11
7 21
7 59
7 68
8 15
8 18
8 19
8 25
8 38
8 44
8 60
9 25
9 38
9 40
9 57
9 61
10 35
10 37
10 51
10 53
10 65
10 69
11 18
11 25
11 42
11 57
11 67
11 75
12 15
12 32
12 49
12 59
13 16
13 19
13 20
13 22
13 24
13 50
13 55
13 61
14 22
14 29
14 32
14 49
14 56
14 69
14 77
15 20
15 44
15 60
15 69
15 72
16 29
16 37
16 44
16 46
16 65
17 46
17 48
17 69
18 21
18 39
18 54
18 65
18 74
19 35
19 45
19 51
19 53
20 31
20 33
20 64
20 66
21 25
21 51
21 60
21 69
22 25
22 45
22 68
22 76
22 78
23 31
23 40
23 50
23 55
24 55
24 56
24 64
24 75
25 57
25 59
25 66
26 54
26 60
27 37
27 56
27 79
28 30
28 62
28 74
29 34
29 45
29 75
30 33
30 53
30 66
30 71
30 78
31 48
31 51
31 69
32 38
32 71
33 51
33 60
33 62
34 37
34 43
34 52
34 56
34 72
35 38
35 40
35 49
35 55
35 63
37 64
37 66
38 54
38 62
38 71
38 77
39 44
39 46
39 53
39 67
39 69
39 73
41 47
42 51
43 72
44 45
44 63
44 77
46 59
46 67
46 76
47 58
47 59
47 60
48 64
48 73
49 68
49 75
50 70
51 73
52 66
53 60
53 61
53 74
54 57
54 73
55 68
56 62
56 76
58 67
58 77
59 60
59 74
61 70
61 76
61 78
62 70
62 76
62 78
63 65
63 76
64 76
66 75
66 79
67 73
70 74
73 77
76 79
78 79
