100 108
19 5 18 24 25 14 17 31 20 15 10 18 13 12 19 24 17 29 11 20 11 15 5 11 29 7 5 19 19 10 18 23 25 8 20 11 30 7 8 29 18 29 14 5 24 21 24 16 4 14 31 4 26 5 29 27 10 26 8 28 28 7 22 21 14 3 9 10 15 8 8 15 10 17 12 6 25 24 9 13 4 13 29 6 19 21 20 6 29 12 16 21 17 13 21 17 23 16 3 1 
0 45
1 76
2 96
3 4
3 20
3 21
3 22
3 40
3 51
3 58
3 74
3 91
4 17
4 82
5 39
5 76
6 71
7 65
7 69
8 20
9 55
9 57
9 74
9 90
10 35
11 24
11 51
12 25
13 22
13 60
14 15
14 50
14 77
16 38
17 31
18 24
18 42
18 52
19 62
20 94
21 29
21 36
21 53
23 38
23 64
23 77
24 61
24 77
25 34
25 68
25 90
25 94
26 65
26 89
27 40
27 66
28 33
28 41
28 92
29 59
29 75
30 46
32 34
33 58
35 73
36 45
36 84
37 40
38 94
39 47
39 64
40 81
43 44
43 64
44 83
46 59
48 58
48 95
49 77
49 93
51 79
51 87
53 83
54 79
55 56
57 72
57 86
58 71
62 93
63 87
64 88
65 77
66 73
67 74
67 83
70 71
71 82
74 80
78 80
79 97
79 98
82 83
82 84
85 87
90 92
90 96
90 99
92 96
