100 108
24 20 4 20 12 13 10 13 13 21 19 17 9 15 12 14 5 16 1 4 11 29 24 15 17 31 8 19 24 29 21 10 29 15 26 11 8 14 5 19 26 10 3 5 7 6 25 6 25 8 15 9 28 16 12 26 24 5 29 18 14 21 5 18 25 29 18 22 14 23 16 31 30 12 18 23 6 29 28 24 29 7 21 17 4 11 20 15 27 24 13 3 11 17 17 19 8 10 19 8 
0 63
0 78
1 55
1 81
2 12
2 54
3 92
4 16
4 52
5 29
5 70
5 84
5 91
6 23
6 45
6 78
7 37
7 67
8 81
9 47
10 72
11 26
13 34
13 43
13 53
13 54
13 88
14 38
15 20
16 28
17 21
18 53
19 48
19 93
19 99
20 40
20 80
21 60
21 65
21 68
22 39
22 50
23 28
23 57
23 72
24 51
24 85
25 27
25 65
26 35
27 79
27 89
28 46
28 54
28 61
28 74
28 84
28 92
28 99
30 47
31 85
32 46
32 75
33 81
34 55
34 86
34 97
35 60
35 89
36 50
37 89
38 42
39 82
41 54
42 71
42 89
44 80
46 55
47 84
48 66
49 95
49 99
50 83
50 99
51 98
53 69
53 81
55 56
55 82
56 73
58 95
59 69
60 62
60 77
64 68
65 96
66 80
66 84
71 96
72 82
73 86
74 90
74 98
76 81
76 85
80 89
87 91
87 94
