50 74
2 1 5 1 6 4 0 5 2 7 5 7 5 6 0 7 6 0 5 7 1 1 7 1 5 7 0 5 3 2 2 7 4 7 0 1 2 4 4 0 4 5 4 3 3 1 5 4 3 3 
0 44
1 17
1 49
2 15
2 21
3 19
3 20
3 21
3 23
4 35
4 48
5 41
6 11
6 40
7 9
8 15
8 33
8 42
9 21
9 41
10 18
10 39
11 13
11 17
11 20
11 41
12 22
12 46
13 14
13 22
13 28
13 47
14 32
15 37
15 43
16 19
16 40
17 49
18 33
18 42
19 39
19 44
19 49
20 21
20 23
20 24
20 28
20 31
20 34
21 23
21 41
21 45
22 31
23 40
24 25
24 41
26 34
26 40
27 39
27 42
28 36
29 30
29 44
30 33
31 32
32 35
32 37
32 44
33 39
38 44
38 49
40 48
41 48
44 46
