50 224
3 5 3 5 5 1 0 6 0 2 5 3 1 7 5 1 2 0 4 5 3 0 0 7 7 1 7 0 2 0 7 3 2 7 5 1 7 6 3 1 4 0 0 0 0 1 2 5 1 3 
0 8
0 23
0 29
0 35
0 39
0 45
0 49
1 7
1 9
1 20
1 26
1 29
2 14
2 17
2 18
2 27
2 32
2 34
2 35
3 14
3 16
3 21
3 23
3 29
3 34
3 35
3 37
3 39
3 44
4 5
4 21
4 27
4 28
4 34
4 36
4 41
4 46
5 14
5 23
5 25
5 29
5 32
5 46
6 10
6 16
6 27
6 30
6 36
6 41
6 44
6 46
6 49
7 17
7 22
7 28
7 47
7 48
8 28
8 30
8 32
8 48
9 18
9 23
9 25
9 31
9 35
9 43
10 25
10 26
10 28
10 34
10 35
10 36
10 38
10 42
10 48
11 12
11 16
11 20
11 22
11 32
11 34
11 48
12 13
12 14
12 21
12 26
12 28
12 30
12 32
12 38
12 40
12 47
13 15
13 21
13 31
13 36
13 40
13 46
13 49
14 23
14 24
14 27
14 31
14 33
14 37
15 16
15 19
15 20
15 23
15 27
15 47
16 19
16 20
16 29
16 32
16 34
16 36
16 42
17 22
17 30
17 41
18 20
18 22
18 23
18 28
18 29
18 33
18 34
18 37
18 42
18 45
19 20
19 24
19 25
19 29
19 36
19 37
19 38
19 39
19 44
20 38
20 43
20 48
21 26
21 38
21 40
21 43
22 25
22 29
22 40
22 44
22 47
23 29
23 33
23 39
23 44
23 46
24 26
24 33
24 35
24 42
24 43
25 29
25 37
25 40
25 44
26 29
26 31
26 35
26 39
26 42
26 47
27 30
27 32
27 41
27 43
28 32
28 33
28 36
28 39
28 40
29 30
29 35
29 40
29 42
29 44
29 49
30 36
30 39
30 43
31 36
31 44
32 37
32 41
32 43
32 49
33 34
33 41
33 49
34 35
34 36
34 37
34 39
34 47
34 49
35 37
35 43
36 37
36 38
37 42
37 46
37 47
38 40
38 49
39 47
39 48
39 49
41 47
41 49
42 44
42 45
44 47
47 49
