90 222
10 10 6 13 3 13 4 12 11 6 5 3 10 11 12 6 13 1 10 2 1 8 6 1 1 0 14 9 11 13 2 5 13 10 15 3 12 11 14 7 2 11 14 3 13 11 14 11 12 10 5 10 4 2 9 7 0 10 10 0 14 9 11 2 13 7 6 2147483654 0 3 12 1 2 12 3 10 15 1 12 11 10 12 7 11 3 4 0 10 9 3 
0 8
0 12
0 19
0 22
1 13
1 26
1 44
1 76
1 78
1 88
2 32
2 56
2 67
2 81
2 86
2 87
3 26
3 42
3 67
3 73
3 78
4 20
4 46
4 49
5 26
5 42
5 62
5 76
6 12
6 37
6 63
7 69
8 45
8 54
8 67
8 68
9 14
9 29
9 44
9 51
10 66
11 27
11 53
11 67
11 68
11 89
12 45
12 51
13 15
13 40
13 43
14 24
14 67
14 89
15 44
15 55
15 86
15 87
15 88
16 44
16 65
16 67
17 32
17 50
17 67
17 74
17 75
17 86
18 23
18 38
18 47
18 52
18 66
18 67
19 29
19 30
19 51
19 62
19 68
20 63
21 23
21 39
21 47
21 52
21 67
21 71
21 77
22 30
22 54
22 64
23 27
23 35
23 50
23 56
23 67
23 86
24 45
24 51
24 67
24 68
25 62
25 76
25 88
26 40
27 29
27 30
28 37
28 82
29 48
29 58
29 89
30 53
31 66
32 67
32 70
32 79
33 65
33 67
33 72
34 55
34 62
34 67
34 78
34 88
35 66
35 67
35 69
35 77
35 84
36 57
36 64
36 67
36 83
37 49
38 41
38 67
38 81
38 86
39 50
39 59
39 67
39 85
40 73
41 66
41 67
41 84
42 61
42 67
43 55
43 60
43 67
43 73
43 78
44 60
44 64
44 67
44 83
45 67
46 82
47 56
47 67
47 80
47 81
48 52
48 66
48 67
48 77
49 63
49 82
50 63
50 67
50 69
50 79
52 67
52 80
53 54
53 67
53 68
54 67
55 67
56 67
56 71
56 79
57 67
57 72
58 64
59 78
61 62
61 67
61 76
61 78
62 67
64 65
64 67
64 72
64 74
65 67
66 67
67 68
67 69
67 71
67 72
67 73
67 75
67 77
67 78
67 79
67 80
67 81
67 83
67 84
67 85
67 86
67 89
68 89
69 75
71 80
71 85
73 82
75 84
79 85
84 86
