50 103
3 3 7 4 4 1 0 0 5 7 2 0 2 7 2 1 1 6 4 5 6 0 3 4 7 1 1 7 0 6 0 6 5 2 2 0 1 2 0 0 2 1 0 3 1 3 7 3 0 7 
0 7
0 14
0 18
0 33
0 36
0 38
0 48
1 13
1 20
1 40
1 42
2 4
2 10
2 35
3 10
3 11
3 13
3 47
3 49
4 6
5 14
5 17
5 21
5 33
5 36
5 38
6 26
6 29
6 30
6 31
6 32
6 37
6 48
7 13
7 15
7 20
8 14
8 21
8 36
9 12
9 13
9 16
9 45
10 16
10 19
10 28
10 36
11 33
12 18
12 24
14 17
15 35
15 46
16 43
16 49
17 36
17 42
18 31
18 36
18 42
19 31
19 36
19 49
20 32
21 44
21 47
22 24
22 28
23 25
23 31
23 39
24 26
24 35
24 36
24 37
24 43
26 27
26 32
26 36
26 37
26 44
27 32
27 36
27 43
27 47
28 41
28 44
29 34
29 42
31 41
32 39
32 42
32 43
32 46
33 35
33 36
33 42
34 44
36 38
36 43
36 47
37 46
43 46
