50 104
0 4 0 3 4 7 4 1 3 2 3 1 7 7 3 1 1 4 7 2 2 2 2 0 6 3 5 1 2 6 0 7 6 7 3 0 1 6 6 0 1 7 4 6 2 0 6 6 3 1 
0 3
0 11
0 12
0 23
0 26
0 42
1 2
1 6
1 15
1 49
2 7
2 8
2 13
2 15
2 22
2 29
2 36
3 12
3 17
3 23
3 25
3 35
3 43
4 5
4 11
4 15
4 26
4 37
5 15
5 27
5 38
6 7
6 13
6 15
6 25
6 28
6 49
7 15
7 19
7 36
8 11
9 12
9 15
9 27
9 29
9 48
10 23
11 14
11 15
11 34
11 38
11 42
11 46
11 47
12 15
12 20
12 30
12 38
13 16
13 18
13 36
13 40
13 49
14 20
14 29
14 36
14 49
15 26
15 32
15 38
16 21
16 31
17 21
17 25
19 32
19 35
20 24
20 25
21 41
22 23
23 24
24 27
24 39
25 29
26 32
26 39
26 49
27 37
27 44
27 45
28 33
28 36
28 49
30 37
33 35
33 39
36 39
38 43
39 44
40 47
41 49
44 48
44 49
46 48
