60 104
13 5 11 2 4 3 15 15 3 7 9 0 1 2 6 7 9 3 2 9 14 7 6 3 14 7 13 11 10 14 8 9 3 2 0 4 12 11 4 4 2 7 15 3 9 15 8 15 3 8 12 2 0 10 12 2 12 13 4 12 
0 4
0 11
0 52
1 25
1 43
1 49
2 19
2 41
2 42
2 47
2 48
3 6
3 10
3 51
3 55
4 8
4 33
5 26
5 27
6 25
6 26
6 29
6 59
7 13
7 24
7 46
8 30
8 32
8 52
9 15
9 21
9 29
9 41
10 25
10 49
10 57
10 58
11 56
12 49
12 58
13 28
14 36
14 39
14 40
15 39
15 40
15 53
16 40
16 50
16 53
17 24
17 31
17 36
17 39
18 25
18 27
18 43
18 59
19 26
19 51
19 55
20 48
21 23
21 31
21 39
22 23
22 58
23 29
23 45
23 59
24 28
24 35
24 54
27 32
27 38
27 52
28 36
29 51
30 33
30 45
30 54
31 45
31 54
32 45
32 59
33 46
34 35
34 39
34 45
35 42
35 45
37 45
37 58
38 43
38 56
41 51
41 53
44 53
46 54
47 51
48 50
48 53
52 56
55 58
