70 204
3 6 11 10 12 7 15 9 6 7 10 7 2 2 6 7 5 14 5 3 1 8 9 14 1 11 4 12 13 13 9 14 4 6 6 11 4 3 8 7 9 10 9 0 1 6 15 9 14 13 11 3 10 1 2 7 3 13 5 10 6 7 4 12 10 14 14 0 11 10 
0 2
0 6
0 11
0 21
0 22
0 32
0 34
0 43
0 45
0 46
0 52
0 56
0 68
1 13
1 16
1 22
1 26
1 32
1 39
1 43
1 46
1 67
1 68
2 8
2 11
2 21
2 33
2 36
2 37
2 42
2 45
2 47
2 56
2 58
3 8
3 12
3 15
3 19
3 23
3 68
4 67
5 28
5 35
5 45
5 58
6 7
6 23
6 50
6 58
6 59
7 9
7 26
7 40
7 46
7 61
8 38
9 14
9 15
9 23
9 33
9 53
9 61
10 20
10 34
10 42
10 47
10 51
10 62
10 67
11 24
11 37
11 45
11 52
12 13
12 44
12 47
12 53
12 58
13 43
13 54
14 23
14 33
14 34
14 55
15 40
15 57
15 59
15 64
15 65
16 36
16 44
16 59
16 69
17 31
17 54
17 64
18 23
18 24
18 29
18 35
18 37
19 31
19 38
19 56
20 21
20 34
20 42
20 67
21 23
21 41
21 42
22 28
22 29
22 35
22 62
22 64
23 33
23 34
24 29
24 35
24 37
24 52
25 36
25 39
25 52
26 39
26 43
26 46
26 61
27 40
27 42
27 44
27 59
27 64
29 35
29 37
30 38
30 41
30 49
30 53
30 55
31 49
32 39
32 45
33 41
33 61
34 42
34 44
34 63
35 60
35 64
35 69
36 44
36 49
36 53
36 54
37 52
38 44
38 52
38 68
38 69
39 46
39 56
39 58
39 61
40 55
41 45
42 47
43 45
43 46
43 63
43 68
44 61
45 52
45 56
45 57
46 68
47 60
47 62
47 67
48 52
48 55
48 66
49 58
49 60
50 54
50 56
50 63
53 54
53 57
53 58
54 58
55 69
56 61
56 68
58 59
60 62
60 64
60 69
61 64
62 64
62 67
63 69
64 67
