80 157
5 4 1 1 6 1 15 1 1 12 2 7 2 4 13 15 13 5 11 0 12 15 4 9 0 4 4 14 10 14 4 3 11 10 15 10 10 10 4 6 1 9 5 3 15 2 5 8 1 0 14 14 1 11 6 4 2 8 11 3 7 11 9 14 10 6 0 11 10 6 12 7 4 10 6 8 11 13 9 10 
0 71
1 44
1 51
1 54
1 64
2 11
3 4
3 15
3 17
3 49
3 54
3 56
3 61
3 74
4 11
4 17
4 31
5 51
5 56
5 71
6 15
6 33
6 40
6 48
6 50
6 62
6 78
7 46
7 68
8 14
8 23
8 43
8 52
8 53
9 12
10 19
10 23
10 40
10 60
10 73
10 76
11 15
11 50
11 57
11 75
12 14
12 25
12 28
12 67
12 79
13 48
13 75
14 27
14 57
14 59
14 63
14 66
14 72
15 16
15 64
15 67
15 70
16 62
16 71
17 37
17 57
17 64
18 32
18 49
19 51
19 56
20 37
20 44
20 45
20 47
20 48
20 49
20 58
20 77
21 26
21 40
22 65
22 66
22 79
23 41
23 79
24 27
24 38
25 35
25 40
25 43
25 78
26 45
26 47
26 54
26 57
27 51
27 55
27 64
28 32
28 35
29 35
29 44
29 50
29 76
30 37
30 54
31 32
31 76
32 53
33 37
33 55
34 38
35 57
36 55
37 50
37 61
37 65
38 40
38 45
38 62
38 65
38 78
39 74
39 78
39 79
40 75
42 48
44 46
45 53
45 64
45 65
46 53
46 61
46 77
48 54
48 56
48 67
49 63
49 70
50 60
51 52
51 61
53 57
56 61
57 65
58 68
59 62
59 63
59 66
59 71
61 64
62 63
64 78
65 76
66 71
69 78
