100 200
13 2 3 20 6 26 14 30 5 28 30 17 15 10 23 25 26 17 2 18 26 21 13 10 2 27 27 17 14 24 31 5 16 12 24 9 26 27 4 7 4 14 9 17 15 9 21 14 1 1 11 1 6 18 4 24 8 2 26 0 26 29 17 16 11 14 25 19 25 9 21 27 30 29 3 29 20 5 27 14 15 7 17 31 20 3 3 12 19 19 31 19 20 19 13 12 27 17 21 27 
0 23
0 24
0 26
0 30
0 32
0 39
0 68
0 86
0 99
1 14
1 29
2 12
2 22
2 47
2 54
2 62
2 94
3 8
4 42
4 52
4 76
4 87
5 11
5 20
6 7
6 86
7 13
7 25
7 30
7 88
8 42
8 43
8 45
8 60
8 67
8 70
9 15
9 34
9 46
10 38
10 75
11 72
11 80
11 99
12 15
12 54
12 68
12 81
13 15
13 18
13 21
13 50
13 74
13 78
13 86
13 94
14 53
14 81
15 24
15 51
15 88
15 98
16 34
16 35
16 63
16 86
17 87
18 25
18 45
18 70
19 36
19 65
19 74
19 87
20 51
20 81
20 83
21 31
21 89
22 40
22 68
22 76
22 97
23 35
23 42
23 63
23 75
23 91
23 99
24 42
24 52
24 55
24 69
25 54
25 75
25 83
26 32
26 50
27 29
27 62
28 65
28 79
29 69
29 87
30 79
30 88
30 90
31 44
31 52
31 76
32 48
32 94
33 64
33 85
34 37
34 46
34 55
34 67
34 93
35 52
35 59
36 52
36 94
37 40
37 59
37 81
38 60
38 64
39 45
39 63
39 69
39 92
41 63
41 78
42 59
42 73
42 83
42 88
43 45
43 51
43 79
44 62
44 89
45 47
45 57
45 66
46 80
48 62
49 92
50 95
51 52
51 62
51 77
51 94
52 61
52 77
52 80
52 95
52 99
53 57
53 62
53 77
53 84
54 89
55 60
56 60
57 94
58 74
59 79
59 88
60 87
61 95
62 80
62 83
63 71
64 66
64 75
64 92
65 86
65 90
66 75
67 73
67 94
68 96
69 72
70 83
72 92
75 89
76 96
76 97
79 88
81 85
81 95
82 89
82 97
83 90
84 85
87 88
91 95
92 99
