40 81
2 5 3 4 3 4 2 3 4 7 0 6 6 7 2 6 1 0 5 1 4 6 2 3 0 7 4 0 1 5 4 7 2 0 5 6 3 3 1 0 
0 9
0 11
0 22
0 30
0 38
1 16
1 27
1 31
1 34
2 5
2 27
2 28
2 39
3 16
3 17
3 36
3 37
4 25
4 29
4 33
5 24
6 21
6 25
7 14
7 25
7 32
7 38
8 10
8 16
8 31
9 16
9 22
9 28
10 18
10 22
10 25
10 35
11 19
11 20
11 27
11 34
11 37
12 20
12 23
12 27
12 38
13 22
13 28
13 38
13 39
14 17
15 21
15 25
15 38
16 18
16 30
16 31
18 20
18 38
19 39
20 23
20 24
20 26
21 26
21 29
21 37
21 39
22 32
25 32
26 31
27 34
27 36
27 38
28 30
29 30
29 34
29 37
29 38
30 31
34 37
35 38
