60 332
2 3 15 7 14 3 11 12 5 5 14 10 10 1 9 8 9 6 11 3 2 0 6 11 7 5 1 12 15 1 11 10 5 13 4 8 4 3 2 1 10 7 12 15 10 14 2 11 15 0 15 0 9 5 11 13 11 13 0 3 
0 14
0 19
0 20
0 23
0 26
0 35
0 42
0 47
0 56
1 4
1 6
1 9
1 20
1 23
1 25
1 30
1 34
1 37
1 47
1 50
1 54
1 55
2 5
2 8
2 20
2 21
2 32
2 34
2 40
2 45
2 55
2 56
2 58
3 6
3 20
3 21
3 23
3 27
3 34
3 44
3 48
3 51
3 52
3 55
4 7
4 10
4 13
4 14
4 15
4 16
4 28
4 30
4 34
4 39
4 51
4 52
4 53
4 56
4 57
5 8
5 9
5 17
5 19
5 21
5 28
5 30
5 31
5 32
5 39
5 45
5 49
5 52
5 54
6 10
6 11
6 28
6 32
6 35
6 40
6 48
6 49
6 50
6 51
6 57
7 13
7 19
7 33
7 34
7 38
7 43
7 46
7 51
8 14
8 15
8 32
8 37
8 41
8 45
8 59
9 19
9 20
9 27
9 28
9 29
9 31
9 33
9 54
9 59
10 12
10 23
10 27
10 36
10 46
10 47
10 49
10 52
10 54
11 13
11 18
11 22
11 24
11 34
11 40
11 50
11 51
12 23
12 44
12 48
12 52
12 56
13 27
13 35
13 42
13 43
13 56
13 59
14 15
14 24
14 28
14 33
14 41
14 44
14 52
15 17
15 20
15 22
15 24
15 26
15 27
15 30
15 31
15 34
15 36
15 46
15 47
15 48
15 53
15 54
16 19
16 23
16 25
16 28
16 32
16 57
17 27
17 44
17 45
17 49
18 23
18 42
18 45
18 47
18 55
19 21
19 42
19 43
19 47
19 49
19 52
20 21
20 31
20 42
20 43
20 48
20 53
21 24
21 42
21 43
21 50
21 55
21 58
21 59
22 23
22 27
22 32
22 35
22 39
22 40
22 42
23 34
23 38
23 40
23 42
24 29
24 36
24 37
24 41
24 46
24 59
25 27
25 37
25 40
25 47
25 55
26 28
26 34
26 39
26 44
26 48
26 51
26 53
26 56
26 59
27 28
27 35
27 37
27 41
27 43
27 46
27 47
27 55
27 58
28 30
28 34
28 35
28 42
28 48
28 50
28 54
29 31
29 35
29 42
29 51
29 59
30 31
30 35
30 42
30 43
30 50
30 56
31 32
31 36
31 40
31 41
31 42
31 45
31 47
31 52
32 36
32 44
32 57
33 35
33 47
33 52
34 45
34 46
34 47
34 51
34 57
35 39
35 46
35 48
35 52
35 54
35 57
35 58
36 37
36 38
36 48
36 49
36 50
36 51
36 55
36 58
37 40
37 44
37 45
37 59
38 46
38 58
38 59
39 40
39 41
39 53
40 46
40 48
40 52
40 53
40 56
41 42
41 55
42 49
42 54
43 45
43 46
43 49
44 49
44 51
44 52
44 53
45 46
45 50
45 53
45 54
45 58
46 59
47 48
47 57
48 49
48 50
48 52
48 53
49 57
50 54
51 56
52 54
52 55
52 57
52 58
53 56
54 58
55 57
