40 79
3 5 0 5 6 5 2 5 3 4 1 2 1 0 3 5 7 6 2 7 7 7 0 6 6 0 4 7 6 1 5 2 1 4 1 7 2 4 2 4 
0 9
0 21
0 22
0 24
0 30
0 31
1 31
1 35
2 5
2 19
3 25
4 18
4 23
4 25
4 33
4 35
5 11
5 22
5 24
6 13
6 29
7 17
7 23
7 25
7 30
7 36
8 25
8 36
8 37
9 12
10 22
10 24
10 29
10 33
11 12
11 22
11 27
12 31
12 34
13 20
13 23
13 38
14 19
14 24
14 32
15 30
15 36
16 23
17 22
17 27
17 28
19 25
19 31
19 37
20 23
20 27
20 31
21 25
22 23
22 25
22 33
23 25
23 29
24 26
24 29
24 33
24 39
25 34
25 38
26 34
27 35
28 32
29 30
29 33
31 39
32 33
32 35
34 35
34 37
