50 95
6 0 3 2 7 2 2 2 6 6 0 0 7 4 4 3 2 4 0 7 6 4 0 7 0 7 6 6 6 3 7 0 1 2 6 2 2 0 5 4 5 3 1 7 3 6 7 0 3 4 
0 1
0 25
0 38
0 46
1 26
1 47
2 37
3 11
3 21
3 31
3 35
4 21
4 23
4 40
4 49
5 6
5 23
5 30
6 19
6 39
7 18
7 24
7 27
7 36
7 46
8 19
9 10
10 18
10 35
10 36
10 37
10 44
11 31
11 43
11 46
12 18
12 21
12 35
12 49
13 18
13 34
13 46
13 49
14 23
14 38
14 49
15 16
15 20
15 41
16 24
16 30
17 25
17 26
17 41
17 47
18 48
19 23
19 29
19 32
19 34
20 24
20 42
20 46
21 36
21 41
22 23
22 24
22 28
22 30
22 36
22 46
23 43
25 26
25 27
25 33
26 28
26 32
26 44
26 48
27 31
27 38
29 39
29 47
31 33
31 42
31 48
32 43
32 47
33 35
33 44
34 40
36 43
40 45
41 46
43 44
