100 274
1 31 2 17 16 14 19 20 2 12 12 7 6 23 8 20 31 29 17 30 3 12 30 5 16 26 20 20 13 24 26 6 10 9 2 27 5 7 18 21 4 16 8 7 2 28 5 27 1 10 29 19 2 30 16 15 19 6 4 18 15 22 10 20 21 14 31 20 14 3 12 24 24 8 25 31 12 15 27 22 3 16 9 14 5 5 28 30 7 12 24 13 17 5 9 29 13 0 3 29 
0 12
0 13
0 18
0 29
0 49
0 56
0 57
0 79
0 93
1 23
1 45
1 48
1 51
1 59
1 60
1 64
1 97
2 61
2 74
3 13
3 59
3 84
4 13
4 57
4 83
4 93
5 8
5 32
5 34
5 46
5 81
5 89
6 18
6 20
6 21
6 25
6 26
6 56
6 62
6 70
7 35
7 47
7 69
7 86
8 21
9 13
9 18
9 61
9 62
9 67
9 81
9 98
10 24
10 66
10 75
10 77
11 12
11 24
11 56
11 86
12 45
12 85
12 88
12 94
12 96
12 99
13 20
13 45
13 63
13 66
13 97
14 29
14 39
14 46
14 49
14 53
14 84
14 89
14 91
15 33
15 57
15 68
15 71
15 78
16 22
16 41
16 55
16 80
16 91
17 34
17 50
17 77
18 33
18 69
18 84
18 85
19 67
20 43
21 22
21 29
21 68
21 76
22 48
22 49
22 59
22 65
22 66
22 79
22 97
23 37
23 54
23 63
24 28
24 38
24 41
25 57
25 58
25 71
26 85
26 88
27 39
27 60
27 65
27 70
27 73
27 89
28 47
28 69
28 85
28 89
28 99
29 35
29 38
29 66
29 94
29 95
30 32
30 46
30 53
30 55
30 80
30 84
31 77
32 37
32 58
33 61
33 83
34 37
34 74
34 79
35 67
35 81
35 82
36 38
36 79
36 90
36 96
37 55
38 42
38 60
38 80
38 84
39 43
39 65
39 67
39 94
39 99
40 74
40 77
40 88
40 94
40 95
41 48
41 52
41 65
42 65
42 68
42 77
42 78
42 84
42 94
43 76
43 89
43 91
43 93
44 45
44 69
44 71
44 89
44 90
45 56
45 62
45 87
46 63
46 66
46 79
47 73
47 96
48 57
48 67
48 87
49 63
49 69
49 83
49 86
49 99
50 60
50 75
50 76
50 78
50 88
50 98
51 54
51 61
51 62
52 60
52 80
52 87
53 71
54 99
55 69
55 79
55 91
56 88
56 95
57 84
58 70
58 84
58 89
58 97
60 77
60 95
61 72
61 97
62 76
62 77
62 82
62 93
63 67
63 75
63 81
63 90
64 95
65 70
65 84
66 80
66 87
67 69
67 72
67 90
68 84
69 83
70 78
71 76
71 86
71 94
72 82
72 90
73 86
73 99
74 81
74 82
74 90
76 78
76 79
79 90
81 86
82 93
85 87
86 89
87 95
89 96
90 92
90 97
