60 628
5 9 0 11 13 13 9 2 12 3 14 15 2 6 14 5 1 9 3 11 9 10 0 4 3 10 3 15 9 8 3 4 12 7 14 2 5 14 10 1 6 8 12 8 6 13 1 15 1 5 12 5 13 14 11 4 6 6 15 3 
0 4
0 5
0 7
0 9
0 11
0 16
0 19
0 20
0 27
0 28
0 29
0 35
0 41
0 42
0 43
0 49
0 55
0 59
1 2
1 3
1 5
1 7
1 10
1 12
1 18
1 22
1 23
1 29
1 31
1 43
1 44
1 46
1 47
1 48
1 49
1 55
2 8
2 9
2 11
2 15
2 19
2 24
2 25
2 26
2 27
2 28
2 33
2 34
2 35
2 36
2 38
2 41
2 42
2 45
2 47
2 49
2 57
2 58
3 4
3 8
3 9
3 14
3 18
3 19
3 29
3 30
3 31
3 33
3 38
3 52
3 54
3 55
3 56
4 8
4 16
4 17
4 18
4 19
4 20
4 21
4 25
4 26
4 27
4 29
4 32
4 39
4 41
4 42
4 43
4 44
4 47
4 48
4 51
4 52
4 55
5 7
5 8
5 9
5 10
5 15
5 16
5 20
5 21
5 22
5 24
5 25
5 29
5 32
5 33
5 35
5 36
5 38
5 41
5 42
5 44
5 45
5 46
5 48
5 49
5 51
5 52
5 53
5 54
5 55
5 57
5 59
6 7
6 10
6 12
6 14
6 19
6 21
6 23
6 24
6 25
6 29
6 30
6 31
6 33
6 34
6 35
6 44
6 45
6 46
6 47
6 48
6 51
6 53
6 54
6 58
7 9
7 10
7 16
7 20
7 23
7 24
7 28
7 32
7 35
7 36
7 41
7 44
7 46
7 47
7 51
7 53
7 55
7 56
7 58
8 11
8 19
8 21
8 22
8 23
8 24
8 28
8 29
8 33
8 45
8 48
8 52
9 13
9 16
9 17
9 18
9 19
9 21
9 22
9 23
9 24
9 26
9 30
9 33
9 35
9 36
9 37
9 41
9 42
9 46
9 47
9 48
9 53
9 54
9 55
10 11
10 12
10 14
10 16
10 18
10 20
10 21
10 23
10 25
10 31
10 39
10 51
10 53
10 54
10 55
10 58
11 15
11 18
11 24
11 26
11 29
11 33
11 34
11 38
11 40
11 41
11 52
11 57
12 19
12 25
12 27
12 30
12 31
12 36
12 42
12 46
12 47
12 48
12 49
12 53
12 54
12 55
12 58
13 14
13 17
13 28
13 34
13 39
13 41
13 43
13 44
13 45
13 46
13 47
13 48
13 51
13 57
14 15
14 19
14 25
14 32
14 36
14 37
14 38
14 41
14 44
14 51
14 54
14 56
14 57
14 59
15 16
15 22
15 27
15 28
15 33
15 39
15 40
15 41
15 46
15 49
15 54
16 17
16 19
16 20
16 21
16 24
16 25
16 26
16 27
16 30
16 32
16 38
16 42
16 46
16 48
16 52
16 53
16 55
17 18
17 23
17 26
17 27
17 29
17 30
17 31
17 33
17 35
17 45
17 46
17 47
17 49
17 51
17 53
17 54
18 21
18 23
18 24
18 27
18 31
18 36
18 41
18 44
18 48
18 49
18 52
18 53
18 55
18 57
18 58
19 20
19 23
19 24
19 28
19 29
19 30
19 31
19 33
19 39
19 41
19 42
19 48
19 55
19 59
20 23
20 25
20 26
20 27
20 28
20 30
20 33
20 36
20 39
20 43
20 47
20 49
20 50
20 51
20 53
20 55
20 56
21 22
21 23
21 24
21 25
21 26
21 33
21 34
21 35
21 36
21 39
21 41
21 42
21 45
21 47
21 51
21 53
21 54
22 23
22 31
22 36
22 39
22 44
22 45
22 46
22 53
22 54
22 56
22 58
23 24
23 26
23 28
23 30
23 31
23 32
23 33
23 34
23 35
23 36
23 41
23 44
23 48
23 51
23 52
23 53
23 58
24 25
24 26
24 27
24 31
24 35
24 36
24 37
24 38
24 40
24 43
24 44
24 49
24 51
24 52
24 54
24 57
24 58
24 59
25 26
25 27
25 28
25 31
25 33
25 34
25 36
25 41
25 45
25 47
25 49
25 50
25 54
25 55
25 57
26 30
26 32
26 36
26 38
26 44
26 48
26 53
26 54
27 28
27 30
27 34
27 36
27 39
27 40
27 42
27 44
27 45
27 46
27 55
27 59
28 29
28 30
28 37
28 38
28 44
28 46
28 47
28 49
28 52
28 57
29 31
29 32
29 33
29 34
29 35
29 36
29 41
29 42
29 43
29 47
29 49
29 50
29 52
29 54
29 55
29 59
30 33
30 35
30 39
30 44
30 48
30 51
30 53
30 55
30 56
30 57
31 33
31 34
31 36
31 39
31 42
31 44
31 47
32 33
32 34
32 35
32 42
32 45
32 46
32 47
32 48
32 53
32 55
32 58
33 48
33 50
34 37
34 40
34 42
34 48
34 50
34 51
34 52
34 55
34 57
35 36
35 38
35 40
35 41
35 44
35 48
35 49
35 50
35 55
35 56
35 57
36 37
36 38
36 43
36 46
36 47
36 49
36 50
36 51
36 54
36 57
37 39
37 41
37 43
37 46
37 48
37 50
37 52
37 57
37 58
37 59
38 39
38 40
38 42
38 43
38 44
38 45
38 46
38 50
38 55
38 56
38 58
38 59
39 42
39 43
39 44
39 45
39 49
39 54
39 55
39 56
40 42
40 44
40 49
40 55
40 59
41 47
41 55
41 56
41 58
42 45
42 59
43 46
43 48
43 58
44 46
44 47
44 49
44 54
44 57
44 58
45 47
45 53
46 52
46 54
46 55
46 58
47 48
47 52
47 55
47 56
48 53
48 55
48 56
49 51
49 56
49 57
49 58
50 51
50 54
50 59
51 54
51 58
53 55
53 58
54 56
54 57
54 58
54 59
56 58
