25 110
3 2 1 3 0 3 2 0 0 1 1 2 0 0 2 3 0 2 2 2 2 1 0 0 0 
0 4
0 7
0 9
0 11
0 12
0 14
0 15
0 17
0 18
0 21
1 4
1 5
1 6
1 7
1 9
1 14
1 17
1 19
2 9
2 11
2 17
2 18
2 22
3 6
3 10
3 15
3 24
4 8
4 10
4 12
4 17
4 20
4 21
4 24
5 6
5 12
5 13
5 17
5 19
5 23
6 11
6 12
6 13
6 19
6 23
6 24
7 8
7 9
7 12
7 14
7 15
7 19
7 21
7 23
8 10
8 11
8 12
8 17
8 18
8 19
8 20
8 24
9 10
9 11
9 12
9 13
9 15
9 17
9 21
10 13
10 15
10 17
10 20
10 21
10 23
10 24
11 13
11 18
11 19
11 20
11 23
11 24
12 14
12 16
12 17
12 21
13 17
13 19
13 20
13 23
13 24
14 15
14 16
14 22
14 24
15 16
15 22
15 23
16 19
16 22
16 24
17 21
18 19
19 21
19 22
20 21
20 24
21 23
22 23
23 24
