70 465
5 13 1 15 11 5 7 4 8 12 12 6 4 14 8 6 4 10 4 13 1 9 5 7 12 2 7 3 13 10 5 7 10 4 4 13 11 12 13 10 10 0 7 3 11 9 15 12 15 4 5 13 12 0 3 14 11 9 8 15 4 11 11 13 15 3 1 15 2 15 
0 13
0 18
0 19
0 22
0 23
0 30
0 32
0 33
0 41
0 57
0 62
1 14
1 15
1 22
1 36
1 38
1 39
1 40
1 43
1 55
1 59
1 60
1 62
2 5
2 11
2 18
2 19
2 20
2 23
2 25
2 31
2 32
2 43
2 49
2 54
2 59
2 65
3 4
3 10
3 41
3 42
3 45
3 54
3 68
4 8
4 19
4 20
4 28
4 32
4 33
4 37
4 45
4 60
4 61
4 66
5 6
5 11
5 26
5 27
5 28
5 34
5 36
5 42
5 45
5 47
5 53
5 56
5 63
5 64
5 67
6 8
6 9
6 13
6 15
6 26
6 42
6 46
6 55
6 58
6 63
7 14
7 20
7 22
7 32
7 36
7 48
7 49
7 50
7 53
7 57
8 17
8 18
8 24
8 25
8 31
8 44
8 46
8 51
8 57
8 59
8 62
8 69
9 13
9 14
9 18
9 20
9 22
9 24
9 25
9 31
9 33
9 34
9 36
9 44
9 50
9 52
9 57
9 58
9 61
9 62
9 66
10 15
10 31
10 43
10 45
10 47
10 54
10 59
10 65
11 15
11 30
11 37
11 42
11 49
11 51
11 56
11 58
11 67
12 14
12 29
12 51
12 54
12 65
12 67
13 19
13 23
13 27
13 29
13 39
13 44
13 56
13 63
13 67
13 69
14 19
14 20
14 26
14 29
14 30
14 31
14 38
14 39
14 42
14 48
14 51
14 59
14 67
15 16
15 18
15 37
15 43
15 44
15 46
15 51
15 52
15 60
15 66
16 19
16 21
16 23
16 24
16 28
16 33
16 36
16 37
16 40
16 42
16 48
16 51
16 53
16 57
16 63
16 67
17 23
17 24
17 29
17 31
17 32
17 41
17 44
17 48
17 49
17 51
17 55
18 19
18 24
18 27
18 28
18 32
18 34
18 37
18 41
18 42
18 45
18 49
18 50
18 53
18 59
18 63
19 23
19 24
19 32
19 42
19 44
19 46
19 50
19 55
19 56
19 60
19 64
19 65
20 23
20 27
20 30
20 33
20 34
20 35
20 36
20 37
20 43
20 50
20 55
20 56
20 57
20 59
20 63
20 64
21 26
21 29
21 31
21 32
21 34
21 47
21 49
21 51
21 52
21 59
22 50
22 51
22 54
22 60
22 66
22 67
23 27
23 30
23 36
23 38
23 42
23 57
23 69
24 27
24 30
24 34
24 40
24 53
24 55
24 57
24 64
25 27
25 37
25 43
25 56
25 57
25 60
26 28
26 39
26 40
26 41
26 42
26 52
26 58
26 63
27 39
27 43
27 62
27 63
27 64
27 65
28 34
28 47
28 52
28 59
28 62
28 65
29 35
29 38
29 61
29 65
30 35
30 38
30 39
30 41
30 49
30 53
30 57
30 58
30 64
30 65
30 69
31 35
31 41
31 43
31 50
31 51
31 59
31 61
32 36
32 38
32 40
32 50
32 54
32 57
32 66
33 39
33 51
33 57
33 63
33 65
33 66
33 67
34 38
34 42
34 45
34 56
34 58
34 60
34 61
34 64
34 69
35 37
35 39
35 40
35 51
35 60
36 39
36 41
36 50
36 55
36 61
36 64
36 65
36 68
36 69
37 55
37 60
37 62
37 64
37 65
37 66
38 39
38 42
38 53
38 54
38 57
39 40
39 50
39 52
39 53
39 57
39 61
40 45
40 46
40 54
40 56
40 59
40 65
40 66
40 69
41 59
41 66
42 43
42 49
42 50
42 52
42 53
42 54
42 59
42 67
43 44
43 50
43 58
43 60
44 47
44 51
44 56
44 64
44 68
45 50
45 54
45 55
45 59
45 60
45 62
45 63
45 68
45 69
46 51
46 66
47 56
47 62
47 68
48 49
48 53
49 60
49 65
49 67
50 51
50 53
50 55
50 59
50 61
50 63
50 68
51 53
51 69
52 61
52 69
53 55
53 60
53 62
54 60
54 62
54 63
55 56
55 57
56 58
56 69
57 58
58 66
58 69
59 62
59 64
59 68
60 61
60 64
60 65
60 66
61 63
61 68
63 67
63 69
64 66
64 68
66 69
67 69
