60 123
5 5 12 9 3 7 9 4 13 9 12 8 1 1 12 5 3 13 7 12 15 12 1 8 9 13 7 2 2 1 8 2 0 12 9 8 2 2 9 4 4 2 1 2 5 4 3 14 14 2 5 14 12 9 15 14 8 4 7 12 
0 5
0 13
0 19
0 32
0 40
0 59
1 6
1 28
2 32
2 58
3 13
3 22
3 26
3 39
4 6
4 29
4 30
4 35
4 40
4 47
4 49
4 56
4 57
5 12
5 19
5 38
5 49
6 15
6 17
6 18
6 24
6 30
6 52
7 22
7 28
7 43
7 48
8 15
8 24
9 10
9 19
9 23
9 30
9 35
9 42
10 18
10 20
10 22
10 30
10 46
10 55
11 14
11 52
12 21
12 26
12 28
12 56
13 37
13 47
14 38
14 50
14 52
14 53
15 33
15 34
15 43
15 51
16 22
16 41
17 28
17 43
17 53
17 55
17 59
19 27
19 30
19 52
20 27
20 28
20 38
20 44
20 49
20 59
21 26
21 29
21 32
21 40
21 52
22 51
23 58
24 25
24 26
24 56
25 52
26 29
27 36
27 45
28 36
28 47
28 56
29 37
29 45
29 56
30 59
31 39
31 49
31 50
32 57
34 52
35 38
35 44
35 48
36 59
37 43
38 54
40 41
40 58
42 49
43 50
43 56
44 50
44 57
54 58
