60 173
9 2 0 10 0 7 8 0 0 2 15 11 8 5 2 11 10 6 6 8 14 2 14 7 8 2 12 11 0 14 12 15 12 15 1 15 14 10 13 7 7 5 11 15 6 7 7 5 8 7 1 6 15 2 10 9 15 3 13 12 
0 17
0 20
1 4
1 22
1 23
1 31
1 39
1 55
1 57
2 4
2 36
2 54
3 7
3 39
3 50
3 56
4 5
4 6
4 19
4 33
4 45
4 53
4 56
4 58
5 12
5 13
5 27
5 57
6 9
6 12
6 15
7 29
8 10
8 12
8 17
8 18
8 20
8 21
8 22
8 26
8 41
8 46
8 48
8 52
9 11
9 30
9 42
9 52
9 57
10 38
10 50
10 59
11 12
11 18
11 35
11 54
12 21
12 32
12 42
12 48
12 57
13 33
13 50
14 29
14 39
14 47
14 48
14 52
14 53
14 54
15 16
15 20
15 37
15 42
15 46
15 51
16 17
16 21
16 43
17 21
17 49
17 53
18 23
18 37
18 46
18 52
18 53
19 22
19 23
19 37
19 41
19 45
19 46
19 50
19 53
20 26
20 31
20 36
20 47
20 54
20 57
20 58
21 24
22 26
22 30
22 52
22 53
22 56
23 37
23 43
23 53
23 55
24 31
24 44
25 52
25 54
25 56
26 46
26 48
27 54
28 29
28 47
28 49
29 38
29 39
29 46
29 47
29 55
30 50
30 52
31 32
31 40
31 53
31 54
32 37
32 39
32 51
33 45
34 35
34 53
34 54
35 40
35 52
36 43
36 50
37 38
37 44
37 45
37 46
38 39
38 43
38 47
38 50
38 55
38 57
39 40
39 47
39 48
39 54
40 51
40 57
41 50
41 51
43 45
43 55
46 53
46 54
47 48
47 52
47 58
48 52
53 55
55 56
