60 175
5 7 8 6 7 2 6 6 8 14 12 8 9 12 0 15 8 9 3 8 0 7 9 15 10 10 10 9 12 3 1 14 14 11 10 15 1 5 13 10 10 7 1 5 2 1 0 10 1 3 6 3 1 6 7 13 8 13 8 15 
0 4
0 5
0 6
0 9
0 15
0 16
0 18
0 20
0 23
0 29
0 55
1 47
1 54
1 56
2 21
2 25
2 31
2 34
2 44
2 45
2 47
2 52
2 54
2 56
2 58
3 8
3 16
3 27
3 33
3 38
3 43
3 49
3 53
4 5
4 6
4 9
4 16
4 22
4 30
4 32
4 55
5 9
5 15
5 16
5 19
5 44
6 20
6 34
6 50
7 14
7 15
7 21
7 25
7 43
7 44
7 54
7 59
8 22
8 32
9 10
9 17
9 21
9 48
9 55
10 14
10 28
10 48
10 58
11 15
11 22
11 25
11 28
11 47
12 32
12 33
12 35
13 14
13 33
13 37
13 38
13 54
13 57
13 59
14 15
14 16
14 21
14 23
14 28
14 31
14 50
15 16
15 31
15 42
16 28
17 35
17 44
17 46
17 54
17 55
18 34
18 37
19 26
19 40
19 53
20 27
20 52
20 58
21 25
21 28
21 44
22 26
22 38
22 39
22 47
22 59
23 37
23 40
24 32
24 37
24 50
24 59
25 26
25 54
25 55
27 32
27 39
27 49
27 53
28 31
28 47
28 57
29 33
29 41
29 44
29 55
31 34
31 36
31 38
31 44
32 34
32 37
32 40
32 41
32 52
33 36
33 47
33 51
33 58
34 54
35 40
35 47
35 54
35 55
36 41
36 44
36 51
36 57
37 38
37 49
38 46
39 44
39 46
40 51
40 54
40 59
42 53
43 45
43 50
43 58
44 54
44 59
47 51
48 52
51 56
55 58
