100 481
19 6 19 4 8 18 7 0 26 6 22 21 21 15 1 9 5 27 31 23 2 3 8 3 29 0 25 27 4 19 26 28 6 12 10 21 30 16 3 16 27 20 7 26 3 11 3 21 24 15 28 1 11 1 31 3 22 24 20 14 28 24 21 3 1 2 23 20 31 25 24 2 10 3 19 28 5 18 11 25 6 6 20 9 5 23 21 22 20 9 17 14 13 4 12 31 8 7 16 25 
0 7
0 10
0 15
0 35
0 43
0 48
0 51
0 61
0 62
0 80
1 3
1 7
1 19
1 32
1 70
1 82
2 4
2 10
2 12
2 14
2 16
2 20
2 24
2 25
2 29
2 33
2 51
2 52
2 59
2 86
2 94
2 98
3 12
3 23
3 88
3 97
4 5
4 9
4 10
4 23
4 31
4 51
4 56
4 76
5 9
5 19
5 30
5 31
5 43
5 55
5 92
6 22
6 25
6 33
6 48
6 57
6 61
6 74
6 84
6 88
6 96
6 99
7 8
7 17
7 31
7 32
7 53
7 69
8 13
8 45
8 46
8 61
8 63
8 72
8 76
8 89
8 90
9 37
9 54
9 64
9 78
10 14
10 19
10 20
10 51
10 59
10 79
10 89
11 39
11 41
11 58
11 64
11 82
11 84
12 39
12 40
12 41
12 63
12 69
13 19
13 22
13 25
13 28
13 30
13 34
13 47
13 64
13 74
13 90
13 92
13 96
13 97
14 19
14 27
14 28
14 36
14 39
14 53
14 62
14 74
14 75
14 85
14 88
14 90
15 23
15 25
15 41
15 43
15 44
15 46
15 64
15 96
15 97
16 24
16 32
16 45
16 49
16 61
16 62
16 67
16 68
16 70
16 77
16 84
16 89
16 90
17 41
17 58
17 60
17 67
17 77
17 79
18 19
18 39
18 40
18 62
18 68
18 73
18 91
19 42
19 44
19 46
19 51
19 53
19 69
19 84
19 90
19 93
20 25
20 27
20 31
20 34
20 47
20 48
20 50
20 91
21 24
21 26
21 27
21 35
21 42
21 55
21 70
21 79
21 81
22 30
22 37
22 40
22 41
22 47
22 50
22 62
22 72
22 88
22 97
23 36
23 37
23 42
23 48
23 66
23 71
23 93
23 96
24 43
24 46
24 76
24 82
24 85
24 99
25 26
25 41
25 75
25 79
25 82
25 86
26 27
26 41
26 45
26 52
26 91
26 97
26 98
27 32
27 47
27 48
27 52
27 59
27 63
27 73
27 79
27 84
27 99
28 30
28 43
28 44
28 48
28 55
28 66
28 72
29 37
29 47
29 56
29 64
29 66
29 72
29 84
29 85
30 37
30 48
30 58
30 60
31 37
31 52
31 69
31 76
31 82
31 86
31 96
31 98
32 35
32 38
32 47
32 75
32 88
32 90
32 98
33 34
33 38
33 45
33 49
33 59
33 67
33 72
33 77
33 79
33 80
33 84
34 45
34 46
34 49
34 58
34 63
34 81
34 87
34 95
35 38
35 61
35 75
35 82
35 83
35 90
36 38
36 43
36 57
36 77
37 41
37 48
37 53
37 68
37 78
37 84
38 46
38 58
38 81
38 86
38 88
39 40
39 51
39 57
39 58
39 59
39 60
39 61
40 42
40 51
40 65
40 73
40 79
40 82
40 90
41 60
41 68
41 90
42 50
42 53
42 66
42 68
42 77
42 81
42 88
43 60
43 70
43 80
43 90
44 45
44 60
44 66
44 70
44 82
44 85
44 89
44 92
45 46
45 62
45 65
45 75
45 91
46 56
46 59
46 81
46 82
46 90
47 51
47 55
47 66
47 70
47 72
47 94
48 61
48 77
48 78
48 80
48 88
48 92
48 95
49 84
49 92
50 61
50 71
50 82
50 97
50 99
51 55
51 56
51 83
51 86
51 96
52 54
52 63
52 70
52 79
52 81
52 95
53 67
53 71
53 94
54 55
55 71
55 87
55 94
56 57
56 64
56 91
57 79
57 81
57 88
58 77
58 78
58 81
58 88
58 94
59 70
59 88
59 89
60 75
60 76
60 84
61 67
61 68
61 76
61 79
61 90
61 92
61 97
62 63
62 82
62 96
62 97
63 85
63 87
63 91
64 74
64 76
65 69
65 76
65 88
65 99
66 68
66 97
67 74
68 84
68 94
69 78
69 85
69 90
69 93
70 71
70 77
70 89
71 73
71 79
71 85
71 87
71 95
71 97
72 77
72 92
72 94
73 79
73 81
74 76
74 78
74 91
75 82
75 84
76 77
76 94
76 96
76 99
77 79
77 82
77 86
77 88
77 90
78 81
78 85
79 87
79 90
79 93
79 98
82 92
83 96
83 99
84 94
85 90
87 95
88 94
90 95
90 97
94 95
95 99
