100 482
9 14 3 1 24 28 27 5 8 6 22 25 11 0 11 5 11 19 2 8 26 18 10 29 9 1 18 14 2 22 24 15 3 21 28 8 4 13 9 29 3 24 24 19 27 8 6 3 26 5 24 29 10 12 10 21 25 10 2 20 11 6 26 5 8 12 26 25 20 18 0 2 0 29 6 21 22 3 13 7 16 14 15 18 27 0 4 12 9 6 10 29 21 6 28 21 0 7 3 6 
0 26
0 43
0 47
0 49
0 64
0 66
0 69
0 77
0 79
0 88
0 91
0 96
1 2
1 3
1 6
1 13
1 40
1 55
1 64
1 69
1 75
1 82
1 89
1 91
2 9
2 17
2 38
2 39
2 44
2 76
2 94
3 4
3 19
3 28
3 33
3 54
3 59
3 70
4 18
4 33
4 43
4 50
4 63
4 67
4 71
4 83
4 93
5 14
5 16
5 17
5 23
5 34
5 53
5 63
5 68
5 82
5 93
5 96
6 18
6 21
6 32
6 36
6 54
6 55
6 61
6 81
6 89
7 15
7 34
7 45
7 64
7 71
7 89
7 94
8 10
8 15
8 18
8 20
8 33
8 62
8 79
8 97
8 98
9 15
9 19
9 25
9 26
9 46
9 65
9 66
10 27
10 33
10 42
10 98
11 28
11 32
11 36
11 42
11 44
11 60
11 65
11 80
11 87
11 96
12 13
12 14
12 20
12 27
12 33
12 36
12 37
12 38
12 39
12 43
12 48
12 63
12 72
12 88
12 89
13 23
13 29
13 30
13 35
13 37
13 53
13 78
13 80
13 87
13 94
14 23
14 25
14 27
14 38
14 58
14 62
14 82
15 17
15 21
15 23
15 28
15 61
15 82
15 83
16 47
16 58
16 62
16 65
16 67
16 71
16 72
16 81
16 90
16 91
17 26
17 39
17 62
17 72
17 99
18 36
18 47
18 48
18 52
18 60
18 66
18 91
18 98
19 23
19 33
19 35
19 39
19 57
19 79
19 84
19 91
19 92
19 97
19 99
20 21
20 34
20 43
20 73
21 45
21 61
21 66
21 78
21 85
21 94
21 99
22 33
22 34
22 37
22 41
22 53
22 58
22 68
22 70
22 71
22 75
22 78
22 81
22 83
22 90
22 98
22 99
23 35
23 51
23 54
23 55
23 77
23 78
23 98
24 27
24 37
24 41
24 47
24 76
24 89
25 39
25 54
25 75
25 76
25 79
25 88
25 97
26 46
26 67
26 69
26 78
26 79
27 37
27 38
27 41
27 62
27 65
27 69
27 84
27 85
28 35
28 41
28 53
28 69
28 77
28 79
29 39
29 42
29 45
29 81
30 37
30 39
30 43
30 46
30 53
30 56
30 69
30 72
30 84
30 85
30 92
30 97
31 37
31 46
31 48
31 63
31 65
31 78
31 90
32 41
32 49
32 67
33 46
33 60
33 84
34 35
34 44
34 46
34 47
34 52
34 54
34 63
34 66
35 37
35 50
35 53
35 56
35 66
35 73
35 74
35 79
35 91
35 94
36 48
36 56
36 77
37 39
37 48
37 49
37 54
37 69
37 78
37 89
37 98
38 46
38 47
38 48
38 57
38 62
38 66
38 86
38 91
38 96
39 45
39 53
39 69
39 75
39 87
39 93
39 99
40 53
40 75
40 83
40 91
41 47
41 60
41 66
41 74
41 98
42 54
42 88
42 97
43 57
43 76
43 93
43 94
43 99
44 51
44 59
44 70
45 48
45 53
45 61
45 72
45 77
45 94
46 58
46 63
46 83
46 89
46 90
47 48
47 68
47 78
47 99
48 49
48 53
48 64
48 73
48 74
48 84
48 89
49 65
49 67
49 72
49 94
50 67
50 75
50 76
50 78
50 85
50 97
50 99
51 54
51 66
51 67
51 73
51 74
51 76
52 65
52 66
52 69
52 86
53 66
53 69
53 87
53 90
54 58
54 61
54 71
54 75
54 98
55 87
55 91
55 94
55 96
56 70
56 71
56 89
56 94
56 95
57 93
57 98
57 99
58 69
58 73
58 75
58 76
58 94
58 98
59 65
59 69
59 76
60 67
60 88
60 94
63 65
63 88
63 92
63 97
64 77
64 83
64 94
64 97
65 84
65 88
65 90
65 97
67 79
67 80
67 81
67 89
67 96
68 74
68 78
68 88
68 92
68 94
68 96
69 84
69 91
69 95
70 74
70 83
70 93
70 94
71 84
72 86
72 95
73 74
73 90
73 95
74 86
74 93
75 83
75 90
75 91
76 87
77 86
78 85
78 99
79 86
80 89
80 93
80 94
82 86
82 87
82 88
82 93
83 89
83 91
83 93
83 96
84 91
85 87
85 95
86 95
87 99
88 91
90 99
91 94
91 97
91 99
92 99
96 97
