60 137
12 10 8 11 14 5 11 8 1 6 8 6 4 12 15 2 12 0 0 0 13 3 7 1 14 11 7 3 13 1 9 13 7 2 1 0 7 6 0 10 7 4 3 0 6 9 0 4 8 5 4 15 5 13 0 15 0 14 6 13 
0 6
0 7
0 18
0 20
0 29
1 21
1 26
1 37
2 6
2 21
2 59
3 25
3 30
4 37
4 47
4 48
5 6
5 52
6 8
6 10
6 12
6 13
6 22
6 25
6 27
7 22
7 30
7 32
7 53
7 54
8 12
8 40
8 47
8 49
8 57
9 38
9 39
9 44
9 59
10 12
10 53
10 57
10 59
11 16
11 27
11 30
11 33
11 52
12 16
12 22
12 27
12 38
12 43
12 46
12 51
12 54
13 39
14 33
14 43
15 32
15 45
16 37
16 47
16 59
17 25
17 35
17 47
18 24
18 32
18 41
18 49
18 53
19 24
19 26
19 38
19 58
20 38
21 31
21 35
21 36
21 43
21 55
22 27
22 28
22 31
22 34
22 58
23 24
23 48
24 45
24 52
25 50
26 38
27 42
27 53
27 57
28 37
28 38
28 42
28 43
29 33
29 36
29 42
29 51
29 53
30 35
30 39
30 55
31 32
31 48
32 44
32 48
33 46
33 51
34 47
34 48
34 50
34 57
35 41
35 49
36 40
37 39
37 45
37 46
37 56
39 41
39 53
40 47
40 54
42 46
45 49
45 55
45 57
46 53
49 55
50 52
51 52
