50 126
7 6 7 6 1 2 7 6 4 0 7 3 5 6 4 0 5 2 3 5 4 6 5 5 4 4 7 0 7 1 4 7 0 0 2 3 4 1 5 1 2 0 5 6 2 5 4 0 2 4 
0 1
0 4
0 5
0 20
0 22
0 23
0 26
0 29
0 40
1 11
1 12
1 16
2 4
2 5
2 14
2 15
2 40
2 43
3 7
3 13
3 18
3 24
3 25
3 32
3 35
3 45
4 13
4 19
4 27
4 32
5 21
5 42
6 8
6 10
6 40
7 23
7 33
8 11
8 24
8 31
8 45
9 44
9 48
10 28
10 33
10 39
10 48
11 22
11 25
11 30
11 37
11 44
12 14
12 17
12 18
12 22
12 24
12 28
13 23
13 26
13 35
14 18
14 21
14 28
14 32
14 42
15 46
16 35
16 48
17 27
17 31
17 44
17 49
18 23
18 25
18 28
19 30
19 43
19 44
20 39
20 45
21 23
21 33
21 35
21 36
22 33
23 42
24 30
24 40
25 30
25 34
26 31
26 32
26 42
26 43
26 47
27 29
27 37
27 39
27 40
27 44
28 30
28 36
28 43
29 41
29 47
30 32
30 41
31 32
31 40
32 37
32 45
32 46
33 39
33 48
35 38
35 45
35 47
36 38
37 45
37 47
38 44
40 44
45 47
46 49
47 49
