50 105
0 1 1 3 1 0 7 2 1 1 5 6 4 4 6 0 0 7 7 0 3 4 0 6 1 6 4 7 3 1 1 0 0 0 2 7 0 4 3 6 0 4 0 4 4 0 1 2 3 3 
0 2
0 4
0 5
0 9
0 47
1 14
1 22
1 29
1 35
1 40
1 48
2 3
2 31
3 4
3 37
3 45
4 22
4 28
4 48
5 32
5 46
5 48
6 7
6 8
6 14
6 49
7 30
7 37
7 38
7 39
7 42
8 12
8 13
8 44
9 15
9 31
9 46
10 15
10 22
10 23
10 31
11 34
11 38
11 39
11 47
12 30
13 22
13 33
13 49
14 30
14 44
15 27
15 37
16 17
16 34
16 47
17 24
17 26
17 42
18 19
18 22
18 23
18 29
19 45
20 24
20 42
20 43
21 39
21 41
21 47
22 26
22 45
23 37
24 38
25 28
25 32
25 36
25 46
26 28
26 35
26 43
27 28
27 29
27 35
27 46
28 40
29 44
30 32
30 42
30 48
32 38
33 41
34 36
34 42
35 37
35 45
36 38
36 40
39 49
40 42
40 43
40 48
40 49
41 49
44 49
