70 207
2 3 1 11 7 9 9 2 5 4 13 3 10 5 7 14 10 5 3 7 8 6 10 13 1 15 9 9 4 7 4 4 3 8 1 12 7 13 12 8 13 13 12 13 13 0 6 13 0 5 1 8 11 15 14 7 9 3 11 15 14 10 10 8 8 0 4 2 2 3 
0 1
0 8
0 9
0 13
0 18
0 29
0 31
0 54
0 66
1 2
1 9
1 23
1 27
1 29
1 53
2 7
2 25
2 32
3 9
3 36
3 39
3 40
3 46
3 59
3 62
4 5
4 11
4 46
4 49
4 56
4 59
4 62
5 7
5 20
5 25
5 45
5 55
5 68
6 8
6 14
6 15
6 17
6 18
6 19
6 33
6 34
6 37
6 38
6 54
6 59
6 61
7 21
7 36
7 44
7 66
8 10
8 22
8 23
8 25
8 33
8 37
8 38
8 65
8 68
9 17
9 22
9 29
9 46
9 54
10 34
11 36
12 22
12 41
13 16
13 36
13 48
15 33
15 35
15 37
15 42
15 44
15 52
15 68
16 21
16 26
16 34
16 41
16 45
17 23
17 28
17 34
17 38
17 43
17 47
17 49
17 53
17 60
18 29
18 54
19 22
19 27
19 55
19 67
20 64
21 34
21 44
21 45
21 52
21 54
21 58
22 38
22 51
22 57
22 64
23 34
23 39
23 41
23 44
23 47
23 53
23 54
23 68
24 26
24 44
24 48
24 49
25 33
25 37
25 41
25 47
25 62
25 63
25 69
26 35
27 37
28 30
28 45
28 52
28 65
28 68
29 54
31 41
31 49
31 51
31 58
32 45
32 52
32 53
32 65
33 35
33 44
33 55
33 68
34 39
34 41
34 42
34 53
34 60
34 68
35 42
35 49
35 68
37 40
37 67
38 69
39 41
39 42
39 44
39 60
39 64
39 65
40 58
40 66
40 69
41 44
41 46
41 60
41 67
42 43
42 44
42 57
42 60
43 57
44 52
44 58
46 53
47 50
47 52
47 57
47 62
47 65
48 54
48 69
50 52
50 57
50 59
51 53
51 54
53 58
53 60
55 60
56 60
58 67
59 66
62 64
62 66
63 69
