70 142
14 12 3 7 0 0 14 10 2 7 0 10 13 11 8 5 1 10 8 9 7 13 15 13 4 8 2 14 12 11 1 6 7 1 1 7 13 10 0 4 2 15 4 12 6 3 1 8 15 13 8 4 15 2 12 4 2 13 4 3 2 12 6 12 2 10 2 15 12 13 
0 24
0 45
0 57
1 5
1 13
1 16
1 58
2 17
2 48
2 62
3 6
3 10
3 13
3 15
3 47
3 60
3 66
3 67
4 18
4 68
5 42
6 9
6 12
6 21
6 69
7 14
7 27
7 53
7 65
8 16
8 17
8 21
8 22
8 36
8 49
9 20
10 20
10 23
10 43
10 56
10 57
10 64
11 46
11 56
12 52
13 19
13 65
14 27
14 32
14 54
14 60
15 20
15 40
15 55
15 56
16 24
16 31
16 32
16 49
17 33
17 40
18 23
18 45
19 21
19 31
19 66
20 24
20 29
20 30
20 37
20 41
20 43
20 47
20 56
20 65
22 26
22 28
22 45
23 25
23 50
24 57
25 41
25 48
25 61
26 38
26 41
27 28
27 42
28 39
28 61
29 43
29 56
30 37
30 38
30 65
31 43
32 69
33 34
33 66
34 45
34 51
34 52
34 59
34 67
35 46
35 49
35 52
35 56
35 69
36 54
36 64
37 41
37 43
37 52
37 59
37 69
38 39
38 52
39 43
39 54
39 65
40 45
41 44
41 54
41 65
42 54
42 59
43 47
45 58
46 62
46 66
46 68
48 53
48 59
50 51
50 54
51 58
52 54
52 56
54 61
56 68
58 63
