70 143
14 5 4 14 4 0 5 10 4 13 4 3 3 15 12 5 14 6 15 9 5 0 0 15 11 10 8 3 8 11 13 12 14 12 10 12 7 7 4 10 10 6 14 15 2 3 15 15 0 1 0 6 0 7 11 12 5 6 11 0 6 11 12 5 1 4 6 9 15 2 
0 2
0 6
0 15
0 48
1 11
1 36
1 41
1 44
1 53
1 63
2 4
2 33
2 35
2 67
3 6
3 13
3 37
4 29
4 33
4 48
4 57
5 43
5 53
5 54
6 9
6 10
6 57
7 20
7 42
7 51
7 53
8 39
8 44
8 45
8 56
9 12
9 50
10 14
10 40
10 48
10 55
10 56
11 13
12 24
12 26
12 48
12 69
13 22
13 50
13 57
14 18
14 31
14 32
14 33
14 43
14 46
14 56
15 60
15 68
16 64
16 66
17 27
17 40
18 25
18 34
18 44
18 48
18 66
19 30
19 59
20 29
20 39
20 54
20 62
21 27
21 36
21 44
21 53
21 55
22 32
22 36
22 39
22 44
22 59
23 40
23 56
23 68
24 35
24 58
26 36
26 41
26 53
26 55
26 59
27 28
27 66
27 67
27 68
28 40
29 39
30 57
31 52
32 33
33 38
34 46
34 53
34 55
34 64
35 37
35 51
36 60
37 59
38 49
38 56
40 46
40 53
40 64
41 44
41 66
42 59
44 52
44 53
44 61
45 60
46 53
47 62
47 66
48 64
49 66
50 53
50 58
50 65
53 55
53 61
53 64
55 57
55 61
56 67
57 64
58 59
58 66
62 66
65 67
