60 177
10 1 4 4 5 12 5 1 13 4 15 13 11 4 6 3 13 12 15 6 12 14 14 15 11 14 7 9 4 15 2 6 4 10 15 8 0 5 13 1 8 15 0 7 15 7 0 0 1 4 4 10 4 6 12 15 1 2 2 11 
0 4
0 11
0 21
0 30
0 37
1 3
1 6
1 26
1 30
1 34
1 38
1 45
2 11
2 19
2 25
2 34
2 39
2 44
2 52
3 6
3 14
3 16
3 28
3 50
3 57
3 59
4 9
4 33
4 53
5 6
5 8
5 15
5 48
6 26
6 39
6 45
6 47
6 50
6 55
6 59
7 14
7 34
7 36
7 44
7 54
7 56
7 57
8 18
8 29
8 36
8 37
8 49
8 56
9 34
9 44
9 46
9 54
9 56
10 17
10 28
10 42
11 25
11 28
11 34
11 37
11 50
11 52
11 53
11 55
11 58
12 23
12 27
13 38
13 42
13 47
14 27
14 37
14 42
14 45
14 50
14 51
14 52
14 55
14 57
15 16
15 21
15 23
15 31
16 19
16 28
16 35
17 31
18 21
18 29
18 36
18 49
18 56
19 22
19 25
19 52
19 58
20 30
20 33
20 41
20 53
21 27
21 48
22 39
22 40
22 41
22 47
22 54
23 46
24 29
24 31
24 33
25 34
25 44
25 52
25 58
26 29
26 38
26 47
26 49
27 34
27 39
27 42
28 37
28 51
28 57
29 30
29 38
29 45
29 49
30 39
31 33
31 43
32 33
32 39
32 40
32 43
33 39
33 42
33 55
34 44
34 54
35 41
35 52
36 49
36 54
36 56
37 51
37 52
37 55
38 45
38 49
39 41
39 43
39 48
41 49
42 47
42 49
43 46
43 47
43 55
45 48
45 59
46 52
50 53
50 59
51 59
52 55
52 58
54 56
55 57
55 58
56 57
