25 111
0 1 2 2 2 2 3 0 1 2 3 3 0 0 3 2 0 1 0 3 3 3 2 2 2 
0 3
0 4
0 14
0 23
1 2
1 5
1 6
1 7
1 9
1 13
1 17
1 18
1 20
2 6
2 9
2 10
2 11
2 12
2 13
2 17
2 18
2 19
2 22
3 4
3 7
3 9
3 10
3 12
3 16
3 17
4 6
4 11
4 20
5 7
5 10
5 13
5 14
5 16
5 17
5 20
5 23
5 24
6 8
6 10
6 12
6 17
6 18
6 20
6 22
6 24
7 13
7 16
7 17
7 18
7 20
7 22
7 23
7 24
8 9
8 11
8 12
8 23
8 24
9 10
9 12
9 13
9 14
9 15
9 16
9 19
9 22
9 23
9 24
10 12
10 14
10 15
10 17
10 18
10 22
10 23
11 16
11 17
11 18
11 19
11 21
11 23
12 14
12 16
12 20
12 22
12 23
12 24
13 14
13 16
13 20
13 24
14 16
14 17
14 22
14 24
15 22
16 18
16 22
16 23
16 24
17 18
17 20
18 20
18 21
18 22
20 24
