60 339
9 8 5 1 12 11 2 13 2 15 11 14 5 8 10 13 4 9 12 1 13 0 5 9 10 7 1 3 3 12 9 3 8 8 3 9 7 0 5 12 8 5 6 15 7 11 3 4 15 5 15 3 8 14 15 2 1 12 14 12 
0 11
0 13
0 14
0 15
0 16
0 21
0 25
0 26
0 29
0 30
0 31
0 36
0 45
0 46
0 48
0 52
0 59
1 2
1 3
1 4
1 9
1 11
1 12
1 14
1 20
1 25
1 27
1 28
1 32
1 37
1 56
1 57
1 59
2 6
2 7
2 8
2 9
2 14
2 18
2 33
2 38
2 47
2 48
3 5
3 16
3 18
3 21
3 38
3 40
3 49
3 51
4 11
4 14
4 24
4 25
4 45
4 59
5 11
5 12
5 23
5 24
5 25
5 32
5 33
5 36
5 37
5 53
5 57
6 18
6 19
6 23
6 32
6 50
7 16
7 17
7 19
7 30
7 31
7 38
7 43
7 44
7 47
7 49
7 50
7 51
7 52
8 15
8 27
8 28
8 49
8 56
8 58
8 59
9 19
9 23
9 26
9 45
9 47
9 48
9 49
9 53
9 56
9 59
10 13
10 16
10 19
10 24
10 31
10 33
10 40
10 43
10 47
10 50
10 55
10 59
11 12
11 13
11 26
11 39
11 54
11 57
12 18
12 20
12 37
12 42
12 58
12 59
13 14
13 23
13 30
13 43
13 47
13 56
13 59
14 15
14 16
14 24
14 29
14 32
14 33
14 36
14 42
14 45
14 51
14 54
15 16
15 32
15 34
15 38
15 46
16 20
16 23
16 24
16 30
16 35
16 38
16 39
16 40
16 41
16 44
16 45
16 47
16 49
16 50
16 51
16 58
17 22
17 31
17 33
17 36
17 37
17 40
17 43
17 47
17 48
17 49
17 50
17 51
17 59
18 21
18 26
18 31
18 32
18 35
18 44
18 46
18 47
18 48
18 56
19 24
19 28
19 40
19 43
19 45
20 24
20 27
20 45
20 49
20 53
20 56
21 34
21 46
21 47
21 49
22 23
22 37
22 51
22 52
22 59
23 24
23 25
23 41
23 48
23 51
23 52
23 57
23 59
24 26
24 29
24 32
24 34
24 40
24 44
24 46
24 47
24 49
24 54
24 56
25 26
25 27
25 39
25 45
25 48
25 50
25 53
26 55
27 29
27 34
27 35
27 48
27 52
27 54
27 58
27 59
28 35
28 39
28 43
28 44
29 41
29 43
29 49
30 31
30 34
30 43
30 48
30 52
31 33
31 38
31 41
31 44
31 48
31 50
31 51
31 55
32 42
32 47
32 54
32 57
32 58
33 41
33 48
34 44
34 51
35 39
35 44
35 50
35 54
36 55
37 38
37 40
37 41
37 44
37 46
37 47
37 49
37 51
37 52
37 58
38 43
38 48
38 51
38 56
38 58
39 41
39 45
39 46
39 48
40 46
40 49
40 50
40 51
40 53
40 55
40 58
41 51
41 52
41 54
41 57
42 45
42 46
42 47
42 52
42 54
42 55
43 55
44 49
44 54
44 58
45 50
45 59
46 55
46 58
46 59
47 48
47 51
48 53
48 55
49 51
49 53
49 54
49 58
50 51
50 56
51 59
52 53
52 55
56 59
57 58
58 59
