80 185
12 10 5 11 4 6 1 0 10 11 15 6 14 5 0 0 1 3 1 7 3 4 11 0 3 11 5 11 0 9 5 3 0 4 9 5 5 13 2 10 15 0 10 8 11 10 13 4 6 5 7 9 3 1 3 6 3 12 13 3 3 4 4 4 5 7 2 9 5 8 0 0 13 6 14 2 4 1 12 3 
0 7
0 28
0 30
1 6
1 7
1 15
1 24
2 3
2 17
2 23
2 42
2 59
2 68
2 75
3 52
4 28
4 65
5 27
5 36
5 38
5 49
5 51
5 58
5 61
6 9
6 10
6 19
6 27
6 42
7 15
7 20
7 50
7 62
7 73
8 15
8 18
8 42
8 47
8 69
9 43
9 54
9 59
9 73
10 53
11 22
11 46
11 63
11 65
12 17
12 31
12 34
12 44
12 74
13 20
13 56
14 24
14 28
15 18
15 37
15 59
15 70
16 29
16 36
16 38
16 48
16 51
16 60
17 56
18 29
18 31
18 40
18 69
19 74
20 42
20 43
20 50
21 22
21 61
21 78
22 37
22 41
22 47
22 50
23 33
23 38
23 51
23 61
23 64
24 27
24 38
24 60
25 27
25 32
25 42
25 46
25 51
25 54
25 62
26 54
26 72
27 28
27 43
27 44
27 49
27 62
27 77
28 35
28 47
29 30
29 45
29 63
30 76
31 32
31 67
32 33
32 45
32 70
32 72
32 75
33 36
33 53
33 61
33 64
33 67
34 38
34 43
34 50
34 61
34 77
35 56
35 57
36 42
36 45
37 54
37 69
37 79
39 50
39 57
40 47
40 54
40 79
41 45
41 48
41 59
41 75
42 51
42 65
42 74
43 49
43 51
43 52
43 61
43 66
44 76
45 75
46 62
47 69
48 58
48 66
48 68
49 53
50 56
51 54
51 69
52 74
53 74
55 61
55 74
56 74
57 60
57 71
57 79
58 69
58 72
59 63
59 64
59 65
59 72
62 78
64 73
64 75
67 75
67 76
67 78
78 79
