70 163
1 6 10 2 5 11 3 2 1 13 9 2 13 8 13 3 14 14 5 10 3 8 0 3 4 10 7 9 0 5 6 7 3 3 4 13 9 2 9 7 8 7 12 14 11 7 3 4 5 15 0 10 12 14 4 6 1 5 0 10 13 10 4 8 0 15 13 13 15 10 
0 12
0 13
0 14
0 20
0 42
0 68
1 2
1 12
1 14
1 20
1 24
1 25
1 30
1 60
1 62
1 68
2 17
2 24
2 30
2 37
2 42
2 59
3 29
3 46
3 47
3 51
3 53
3 64
4 10
4 13
4 27
4 33
4 39
4 48
4 65
4 67
5 10
5 20
5 41
5 42
5 43
6 8
6 16
6 18
6 29
6 51
7 20
7 44
7 68
8 11
8 14
8 22
8 24
8 40
8 48
9 10
9 33
9 40
9 53
10 13
10 15
10 18
10 35
10 64
11 19
11 28
11 29
11 50
12 31
13 14
13 16
13 19
13 28
13 63
14 28
14 63
15 17
15 19
15 28
17 25
17 32
17 33
17 46
17 68
18 24
18 29
18 42
18 52
18 57
18 65
19 27
19 46
20 40
20 49
21 29
21 59
21 63
22 23
22 27
22 30
23 25
23 45
23 56
23 63
24 57
25 40
26 47
26 55
26 64
27 36
28 32
29 46
30 31
30 35
30 43
31 50
31 67
33 57
33 62
34 36
34 51
35 37
35 41
35 42
35 50
35 61
36 59
37 56
38 47
38 57
39 47
39 54
40 60
40 63
41 63
41 66
42 43
42 56
43 44
43 49
43 65
43 66
43 68
44 58
45 47
45 50
45 51
45 58
46 64
47 55
48 55
50 65
51 60
51 65
51 68
51 69
53 64
56 62
56 68
58 59
58 65
59 69
64 69
