70 235
10 0 13 8 3 5 3 12 13 1 6 3 14 4 14 10 12 9 4 7 10 10 4 1 10 15 7 4 7 11 15 12 1 10 9 2 5 1 14 5 12 1 12 9 9 3 13 7 0 3 8 8 4 11 5 9 11 15 13 3 5 5 13 8 14 2 5 6 3 14 
0 7
0 12
0 46
0 50
0 59
0 60
0 68
1 21
1 35
1 46
1 50
1 64
2 8
2 12
2 19
2 22
2 31
2 48
2 54
2 55
2 59
3 8
3 46
3 51
3 57
4 22
4 29
4 43
4 46
4 48
4 66
5 24
5 28
5 43
5 56
5 58
5 69
6 26
6 34
6 44
6 45
6 46
6 52
6 64
7 27
7 30
7 34
7 40
7 51
7 52
7 66
7 69
8 24
8 31
8 46
8 56
8 61
8 64
8 69
9 14
9 18
9 30
9 38
9 54
9 62
9 64
10 20
10 21
10 33
10 39
10 41
10 47
10 51
10 56
10 69
11 32
11 39
11 40
12 15
12 18
12 19
12 26
12 54
12 61
13 31
13 38
13 39
13 56
14 23
14 30
14 31
14 33
14 40
14 47
14 59
14 69
15 21
15 33
15 50
15 60
15 66
16 24
16 31
16 34
16 40
16 43
16 66
16 68
16 69
17 20
17 43
17 50
18 32
18 38
18 46
18 56
18 67
19 28
19 40
19 45
19 60
20 48
21 33
21 37
21 38
21 52
21 61
22 36
22 58
22 68
22 69
23 31
23 41
23 44
23 64
23 69
24 31
24 35
24 65
25 27
25 37
25 50
25 56
25 57
25 68
26 43
26 46
26 56
26 67
27 33
27 34
27 57
27 64
28 49
28 55
28 60
29 42
30 36
30 46
30 52
30 56
30 67
31 38
32 44
32 61
32 62
33 36
33 37
33 45
33 48
33 64
33 65
34 51
34 60
34 65
35 51
35 52
35 55
35 58
35 61
35 63
36 42
36 47
36 51
36 53
36 55
37 46
37 50
37 65
38 51
38 56
38 69
39 41
39 44
39 50
39 54
39 66
40 62
42 56
42 57
42 59
42 60
42 63
43 47
43 51
44 53
44 57
45 60
45 61
45 68
46 52
46 53
46 67
46 69
47 61
47 68
48 53
49 54
49 68
50 53
50 54
50 59
51 58
52 64
54 59
56 58
56 61
56 69
58 59
58 69
59 65
61 62
61 67
64 67
64 69
