90 224
4 0 12 11 11 3 6 5 3 14 7 10 5 5 11 10 3 14 8 12 2 5 12 10 11 10 3 14 10 4 2 10 13 7 5 1 10 3 0 1 13 11 8 6 2 0 6 15 0 1 2147483658 11 0 5 0 13 14 9 14 1 7 12 0 2 4 12 11 4 14 12 5 8 1 0 10 3 11 12 4 12 6 14 2 12 0 2 14 14 2 6 
0 1
1 34
1 48
1 50
1 54
1 66
2 10
2 14
2 56
2 67
2 68
3 9
3 16
3 21
4 25
4 36
4 46
5 11
5 24
5 88
6 7
6 22
6 35
6 41
6 42
6 50
6 72
7 29
7 47
7 50
7 65
8 77
8 79
8 85
9 17
9 46
10 20
10 55
10 59
11 18
11 50
11 54
11 64
11 82
12 30
12 35
12 50
12 72
13 37
13 50
13 51
13 70
14 24
14 50
14 53
14 55
14 62
15 28
15 50
15 76
15 78
15 87
16 25
16 46
17 45
18 29
18 32
18 44
18 50
18 74
19 44
19 50
19 74
19 76
20 40
20 67
20 75
20 84
21 84
22 30
22 33
22 35
22 42
22 43
22 50
23 33
23 43
23 50
23 70
24 64
24 68
24 73
24 89
25 26
26 50
26 53
26 62
26 77
26 79
27 31
27 42
27 49
27 50
27 52
27 58
28 30
28 42
28 50
28 59
28 72
29 37
29 41
29 50
30 50
30 87
31 50
31 54
31 64
31 66
31 89
32 50
32 81
33 50
33 73
33 78
33 87
34 83
35 50
35 69
36 38
36 45
36 62
36 83
37 50
37 57
37 65
38 89
39 84
40 50
40 53
40 77
40 85
40 86
41 50
41 57
41 69
42 50
42 57
42 65
42 78
43 50
43 57
43 69
44 50
44 80
44 81
44 89
45 46
47 50
47 59
47 72
48 71
48 88
49 68
49 83
49 89
50 51
50 52
50 53
50 54
50 55
50 57
50 58
50 59
50 62
50 63
50 64
50 65
50 66
50 69
50 70
50 72
50 74
50 76
50 77
50 78
50 80
50 81
50 84
50 86
50 87
51 65
51 78
52 64
52 68
52 74
53 67
53 84
54 88
55 84
56 60
56 62
56 79
56 85
57 70
58 66
58 83
59 65
61 65
61 87
63 80
63 81
65 83
66 71
67 79
67 85
70 78
71 83
71 89
75 85
75 86
76 80
84 86
88 89
