50 149
0 5 0 2 7 3 2 7 1 7 7 6 2 6 4 1 0 0 2 0 7 5 1 6 4 3 1 5 2 5 7 2 2 5 1 4 6 0 2 5 0 3 0 0 1 4 4 6 0 4 
0 1
0 30
0 34
0 37
0 39
0 48
1 16
1 32
1 34
1 43
1 44
2 6
2 42
3 4
3 15
3 21
3 27
3 29
3 36
3 37
4 5
4 17
4 36
4 37
5 10
5 13
5 14
5 21
5 27
5 36
6 9
6 15
6 17
6 19
6 26
6 28
6 35
6 37
6 45
6 46
7 28
7 30
7 39
7 42
7 49
8 17
8 25
8 26
8 31
8 32
8 42
8 45
9 18
9 22
9 25
9 47
10 12
10 13
10 23
10 27
10 40
11 28
11 30
11 31
11 36
11 39
11 42
12 13
12 16
12 24
12 33
12 40
12 48
13 15
13 21
13 24
14 18
14 23
14 34
14 41
14 45
15 26
15 28
15 36
15 37
15 43
15 49
16 23
16 35
16 39
17 18
17 28
17 37
17 45
18 24
18 46
18 48
19 41
19 42
19 47
20 26
20 33
20 34
20 38
20 43
20 44
21 23
21 27
21 29
21 31
21 45
22 46
23 36
23 47
24 40
24 43
24 44
25 31
25 35
25 42
25 45
26 33
26 38
26 45
27 36
27 41
28 36
28 37
30 31
30 34
30 39
31 35
31 38
31 42
33 40
33 43
33 44
34 36
34 39
35 41
35 42
35 45
36 37
36 38
36 46
40 44
41 48
43 44
47 49
