50 148
4 1 4 1 5 0 5 2 5 1 7 7 1 2 2 6 2 7 5 1 5 7 3 4 0 1 6 0 2 3 4 7 0 1 2 3 6 0 5 4 0 2 1 0 6 2 2 1 4 7 
0 3
0 5
0 21
0 30
0 36
0 44
1 7
1 13
1 26
1 27
1 28
1 36
1 40
1 47
2 5
2 7
2 30
2 47
3 43
3 47
4 16
4 25
5 33
5 43
5 45
5 47
6 13
6 20
6 35
6 36
6 49
7 10
7 15
7 24
7 27
7 28
7 36
8 9
8 10
8 11
8 15
8 30
8 32
8 41
9 11
9 17
9 32
9 36
9 38
10 11
10 25
10 43
11 15
11 16
11 32
11 42
12 17
12 18
12 23
12 37
12 38
12 40
13 20
13 27
13 31
13 36
14 18
14 23
14 26
14 37
14 49
15 16
15 29
15 36
15 43
16 20
16 22
16 33
16 39
16 43
16 45
17 18
17 40
17 45
17 46
17 47
18 30
18 37
18 40
18 47
19 31
19 38
19 47
20 26
20 35
20 48
21 48
22 33
22 39
22 43
22 44
22 48
23 26
23 37
23 40
24 27
24 28
24 31
24 33
24 48
25 29
26 35
26 44
26 49
27 28
27 31
27 32
27 36
28 39
28 47
28 48
29 35
29 43
30 45
31 35
31 36
32 38
33 43
33 47
33 48
34 46
34 49
35 36
35 41
35 49
36 45
37 46
37 49
38 40
39 43
39 48
41 42
42 44
42 46
42 48
44 46
45 47
47 48
