35 212
0 4 1 1 3 4 0 6 0 0 7 0 5 7 0 0 4 2 5 5 6 2 4 0 2 4 7 1 4 4 7 1 1 5 1 
0 1
0 4
0 5
0 8
0 9
0 10
0 11
0 15
0 16
0 18
0 26
0 28
0 30
0 32
0 34
1 2
1 5
1 9
1 13
1 14
1 18
1 22
1 29
1 30
1 32
1 33
1 34
2 5
2 6
2 8
2 14
2 15
2 16
2 18
2 23
2 25
2 26
2 27
3 6
3 9
3 11
3 13
3 22
3 31
3 34
4 5
4 7
4 11
4 14
4 15
4 18
4 20
4 21
4 22
4 23
4 28
4 31
4 32
5 9
5 13
5 18
5 20
5 21
5 22
5 24
5 25
5 26
5 28
5 32
6 7
6 8
6 10
6 11
6 16
6 17
6 24
6 26
6 28
6 29
6 33
7 12
7 13
7 15
7 17
7 18
7 21
7 24
7 26
7 29
7 30
7 32
7 34
8 9
8 11
8 15
8 18
8 22
8 25
8 26
8 27
8 28
8 30
9 18
9 19
9 23
9 25
9 27
9 34
10 12
10 14
10 18
10 24
10 33
10 34
11 12
11 21
11 22
11 24
11 27
11 30
12 13
12 16
12 17
12 19
12 20
12 23
12 27
12 28
12 29
12 30
12 34
13 15
13 18
13 19
13 21
13 22
13 26
13 27
13 32
13 34
14 19
14 20
14 22
14 23
14 24
14 26
14 33
15 20
15 21
15 27
15 32
15 33
15 34
16 21
16 22
16 23
16 26
16 31
16 33
17 18
17 21
18 19
18 20
18 23
18 30
19 21
19 22
19 24
19 26
19 28
19 29
19 30
19 31
20 21
20 22
20 24
20 25
20 29
20 31
20 32
20 33
21 22
21 23
21 28
21 30
21 31
22 23
22 24
22 26
22 34
23 25
23 30
23 31
23 33
23 34
24 26
24 30
24 34
25 27
25 28
25 30
25 33
25 34
26 28
26 29
26 30
26 34
27 30
28 32
28 33
30 34
31 34
