90 397
0 7 7 12 1 12 10 2 12 0 4 2 9 7 5 3 8 14 5 9 13 11 1 12 8 10 12 0 0 2 15 7 4 3 8 0 15 7 15 6 0 3 9 3 0 4 13 12 15 12 9 4 3 10 3 11 14 4 4 12 4 2 7 5 5 13 1 0 4 6 3 5 15 8 5 13 14 4 2 6 12 1 13 1 6 2 11 13 9 2 
0 6
0 14
0 29
0 33
0 41
0 48
0 49
0 53
0 56
0 63
0 87
1 8
1 9
1 25
1 43
1 49
1 56
1 60
1 62
1 64
1 69
1 72
1 86
2 14
2 19
2 42
2 51
2 52
2 66
2 80
2 87
2 89
3 16
3 17
3 36
3 42
4 31
4 42
4 47
4 57
4 65
4 70
4 79
5 6
5 24
5 36
5 37
5 38
5 40
5 47
5 48
5 49
5 59
5 64
5 70
5 84
5 88
6 7
6 14
6 25
6 32
6 38
6 47
6 55
6 58
6 60
6 62
6 72
6 84
7 9
7 11
7 32
7 42
7 52
7 64
7 73
7 75
8 15
8 22
8 31
8 32
8 48
8 50
9 17
9 18
9 33
9 51
9 65
10 16
10 19
10 23
10 27
10 28
10 33
11 16
11 31
11 53
11 58
11 70
11 73
11 82
12 20
12 36
12 44
12 48
12 54
12 58
12 73
13 26
13 28
13 39
13 49
13 52
13 59
14 15
14 18
14 23
14 30
14 34
14 54
15 32
15 40
15 66
15 71
15 86
16 20
16 71
16 78
16 83
17 21
17 22
17 30
17 36
17 54
17 62
17 66
17 85
18 24
18 48
18 59
18 71
18 77
18 83
18 86
19 31
19 59
19 73
20 32
20 47
20 69
20 73
20 79
21 23
21 32
21 87
22 58
22 62
22 65
22 66
22 76
22 82
23 35
23 36
23 58
23 61
23 74
24 32
24 35
24 50
24 51
24 54
24 62
24 65
24 78
25 33
25 38
25 43
25 58
25 62
25 65
25 68
25 72
25 84
26 60
26 62
26 66
26 67
26 68
26 85
26 89
27 33
27 48
27 51
27 55
27 60
27 68
27 71
27 80
27 81
28 62
28 71
28 75
28 76
29 33
29 37
29 41
29 53
29 63
29 64
29 72
29 85
29 88
30 36
30 43
30 45
30 48
30 49
30 59
30 62
30 76
30 79
31 42
31 50
31 59
31 68
31 89
32 45
32 57
32 58
32 74
32 81
32 87
33 41
33 53
33 63
33 64
33 74
33 87
33 88
34 42
34 46
34 48
34 54
35 37
35 63
35 73
36 52
36 60
36 61
36 89
37 40
37 41
37 42
37 46
37 47
37 48
37 52
37 64
37 74
37 84
37 86
37 88
38 40
38 47
38 53
38 58
38 72
38 84
39 56
39 59
39 62
39 67
39 88
40 41
40 47
40 64
40 69
40 84
40 88
41 62
41 63
41 64
41 67
41 82
41 88
42 48
42 58
42 62
42 68
42 76
42 84
43 44
43 49
43 54
43 58
43 60
43 61
43 62
43 69
43 72
43 86
43 88
44 52
44 73
44 88
45 48
45 53
45 68
45 76
45 78
46 50
46 65
46 80
47 56
47 58
47 64
47 80
47 84
48 56
48 82
49 53
49 56
49 69
49 79
49 86
49 87
50 63
50 77
50 81
50 83
51 66
51 73
51 82
51 85
52 55
52 74
52 79
52 89
53 56
53 60
53 63
53 69
53 81
53 87
53 89
54 60
55 60
55 64
55 80
56 63
56 68
56 69
56 78
56 86
56 87
57 74
57 86
58 61
58 62
58 63
58 72
58 84
59 74
59 83
60 73
61 63
61 65
61 77
62 69
62 72
62 85
62 86
63 87
63 88
64 66
64 67
64 88
65 78
66 77
66 82
67 75
68 78
68 85
69 82
69 86
69 87
72 86
74 77
74 83
74 85
75 86
80 85
80 86
83 87
84 87
84 89
86 87
