100 272
4 30 12 20 30 27 28 26 10 11 3 19 20 8 11 11 17 26 24 20 27 30 20 3 29 8 4 4 5 8 20 21 27 14 16 9 8 12 25 21 9 1 29 1 20 29 16 17 11 30 3 0 31 3 7 13 22 20 16 16 12 13 24 6 28 10 6 21 30 11 16 22 17 0 9 6 15 21 7 2 30 12 4 0 19 17 18 24 5 17 20 5 21 1 21 29 3 17 7 26 
0 4
0 20
0 46
0 60
0 65
0 79
0 81
1 2
1 3
1 22
1 46
1 68
1 82
1 86
1 96
2 14
2 22
2 27
2 47
2 50
2 65
2 73
2 79
3 8
3 11
3 21
3 41
3 45
4 22
4 51
4 53
4 56
4 59
4 78
5 6
5 39
5 42
5 51
5 53
5 80
6 12
6 17
6 44
6 66
7 33
7 43
7 55
7 76
8 46
8 61
8 85
8 86
9 14
9 15
9 24
9 65
10 72
10 74
11 18
11 40
11 85
12 53
12 59
12 85
12 91
13 16
13 29
13 51
13 52
13 61
13 69
13 80
13 93
13 95
14 28
14 31
14 46
14 51
14 56
14 60
14 61
15 17
15 26
15 36
15 44
15 59
15 62
16 27
16 29
16 54
16 65
16 83
16 84
17 31
17 51
17 52
17 59
17 67
18 58
18 68
18 96
19 33
19 37
19 41
20 54
20 58
20 72
20 99
21 27
21 31
21 40
21 52
21 61
21 83
21 87
21 93
22 24
22 65
22 82
22 90
23 25
23 40
23 43
23 52
23 69
23 92
23 95
25 30
25 38
25 39
25 72
25 99
26 32
26 33
26 36
27 61
27 66
27 83
27 86
27 92
28 94
29 30
29 39
29 80
29 88
30 70
30 84
30 93
31 37
31 41
32 89
32 95
33 46
33 56
33 82
33 93
33 96
34 36
34 43
34 55
34 64
34 69
34 80
34 88
35 51
36 64
36 75
37 40
37 56
37 59
38 56
38 67
38 94
39 60
39 65
40 62
40 95
41 46
41 48
41 89
42 66
42 75
43 44
43 51
44 52
44 80
44 92
45 55
45 66
45 85
45 86
45 87
46 47
47 88
48 88
49 69
49 95
50 60
50 64
50 81
51 65
51 71
52 61
52 86
53 60
53 66
54 61
54 66
54 69
54 77
54 88
55 92
55 97
55 98
56 78
56 79
57 88
58 73
58 79
58 80
60 61
60 82
60 88
60 89
60 99
61 62
62 66
62 69
62 85
62 90
63 73
63 95
64 74
64 87
65 72
65 87
66 87
66 94
66 97
67 71
68 73
68 76
68 98
69 71
70 77
70 88
71 90
71 91
72 73
72 76
72 84
73 81
73 92
75 82
75 83
75 87
77 82
77 84
77 97
78 81
79 96
81 82
81 88
81 96
84 92
84 95
86 98
87 90
88 91
92 97
92 98
93 97
