70 205
2 1 10 5 0 12 3 2 7 15 0 15 14 8 3 3 0 12 6 4 2 2 10 6 8 7 9 0 7 15 0 8 3 2 3 0 3 14 6 13 6 5 7 0 2 12 6 13 6 8 5 15 12 0 5 6 13 5 14 10 10 10 7 2 0 10 5 15 6 10 
0 9
0 15
0 25
0 37
0 39
0 43
0 45
0 62
1 19
1 25
1 32
1 33
1 35
1 61
2 22
2 23
2 38
2 46
2 52
2 65
3 5
3 6
3 45
3 53
3 63
3 69
4 9
4 39
4 40
5 15
5 31
5 41
5 49
6 9
6 26
6 32
6 58
6 59
6 61
6 66
7 12
7 28
7 48
7 51
7 56
7 59
7 65
8 16
8 24
8 29
8 35
8 37
8 42
8 49
8 55
9 16
9 25
9 46
10 20
10 53
11 12
11 24
11 29
11 32
11 44
11 48
11 51
11 59
11 63
11 68
12 26
12 36
12 69
13 21
13 25
13 50
13 54
14 36
14 57
15 38
15 65
16 23
16 24
16 37
16 39
16 53
16 66
17 19
17 30
17 32
17 35
17 38
17 55
17 62
17 68
18 40
19 47
19 54
19 56
19 62
19 66
20 46
20 47
20 57
20 61
21 22
21 24
21 29
21 30
21 42
21 63
22 40
22 43
22 49
22 54
23 28
23 42
23 43
23 44
23 49
23 66
24 40
24 52
24 53
24 62
24 64
25 26
25 44
25 56
25 67
26 47
27 30
27 67
27 69
28 29
28 32
28 56
28 59
28 65
29 46
29 51
29 56
29 59
29 65
30 36
30 61
31 36
31 58
31 69
32 57
32 66
33 48
33 50
33 68
34 35
34 45
34 49
34 52
35 54
35 64
36 52
36 66
37 58
37 69
38 60
39 41
40 55
41 43
41 51
41 57
42 53
42 68
43 48
43 63
43 69
44 55
44 57
44 64
45 49
45 64
46 52
46 56
47 58
48 54
48 68
49 66
50 61
50 65
51 52
51 56
51 59
51 65
51 66
52 66
52 69
53 67
55 62
56 60
56 65
56 66
57 59
57 64
58 62
59 65
65 68
