60 258
13 14 9 14 15 8 8 15 3 10 4 15 13 9 15 5 14 13 2 14 1 13 0 7 8 1 7 15 4 9 2 6 2 1 6 10 8 7 11 2 2 5 5 6 10 1 0 15 11 15 8 1 0 5 5 15 13 2 4 0 
0 6
0 14
0 27
0 29
0 37
1 6
1 9
1 13
1 18
1 29
1 33
1 36
1 48
1 52
2 8
2 11
2 18
2 19
2 27
2 31
2 40
2 47
2 55
3 16
3 25
3 31
3 36
3 41
3 47
3 54
4 13
4 23
4 29
4 40
5 7
5 13
5 17
5 19
5 35
5 44
5 49
6 12
6 18
6 21
6 22
6 24
6 29
6 31
6 33
6 34
6 50
6 58
6 59
7 15
7 18
7 19
7 41
7 46
7 50
7 55
7 57
8 11
8 13
8 20
8 25
8 29
8 33
8 34
8 44
8 48
8 50
8 52
9 11
9 15
9 28
9 39
10 11
10 20
10 49
11 14
11 15
11 20
11 22
11 28
11 31
11 35
11 40
11 43
11 48
11 50
11 52
11 54
12 14
12 25
12 29
12 41
12 45
12 50
12 54
12 55
12 57
13 20
13 21
13 31
13 33
13 34
13 36
13 48
13 50
13 53
13 58
14 45
14 48
14 50
14 51
14 54
14 56
15 30
15 34
15 44
16 26
16 30
16 34
16 35
17 21
17 24
17 29
17 32
17 42
17 43
17 47
17 56
18 21
18 22
18 29
18 36
18 40
18 49
18 50
18 58
19 29
19 30
19 50
19 53
19 54
20 26
20 29
20 31
20 33
20 34
20 36
20 45
20 46
20 48
20 50
20 51
20 52
21 22
21 33
21 37
21 48
21 52
21 57
22 29
22 31
22 33
22 34
22 38
22 45
22 52
23 30
23 39
23 40
23 46
23 58
24 31
24 37
24 52
25 26
25 51
25 52
25 57
26 29
26 30
26 39
26 48
26 56
26 59
27 31
27 44
27 45
27 54
27 58
28 29
28 32
28 39
28 49
28 51
29 31
29 36
29 46
29 47
29 57
30 36
30 43
31 33
31 36
31 48
31 49
31 52
32 34
32 35
32 45
32 47
33 48
33 51
33 52
34 36
34 42
34 50
34 52
34 55
34 56
35 38
35 47
35 51
35 54
36 45
36 46
36 54
36 58
37 42
37 58
38 43
38 59
40 45
40 56
41 42
41 43
41 45
41 49
42 51
42 56
43 46
43 56
44 51
44 54
46 54
46 59
47 55
47 57
49 53
50 52
50 54
51 53
51 54
52 58
53 57
