70 135
6 13 0 9 2 14 2 10 0 3 6 8 1 8 6 14 9 0 12 2 0 15 0 6 11 2 10 14 6 15 11 10 11 8 0 4 2 1 12 12 11 11 5 1 1 9 7 1 11 2 13 8 8 10 12 9 13 4 6 9 13 10 11 4 1 9 14 6 6 7 
0 22
0 27
0 34
0 39
0 46
1 23
1 29
1 61
2 18
2 20
2 38
2 57
2 67
3 14
3 21
3 46
3 57
3 68
4 17
4 35
4 67
5 11
5 13
5 22
5 46
6 14
6 28
6 35
6 38
6 43
6 57
7 12
7 14
7 29
7 35
7 42
8 66
8 67
9 46
9 59
10 13
10 53
11 47
11 62
12 18
12 34
12 36
12 39
12 50
12 51
12 59
13 33
13 68
14 48
14 56
15 26
15 33
15 35
15 67
16 32
16 37
16 50
16 52
16 55
16 64
17 29
17 40
17 52
19 23
19 37
20 25
20 52
21 24
21 33
21 44
21 49
21 54
22 25
22 50
23 59
23 62
24 62
25 37
25 41
25 57
26 37
27 44
27 61
27 66
28 61
29 55
29 56
29 59
29 65
29 68
30 57
31 61
31 68
32 33
32 37
32 47
34 35
34 52
34 58
34 65
35 40
35 44
35 51
35 69
36 40
37 39
37 45
37 59
37 63
38 40
38 69
40 58
40 60
41 64
41 68
45 65
46 58
47 51
47 53
47 65
49 50
50 55
51 63
51 64
52 59
56 61
56 68
58 61
59 64
61 68
