70 863
6 12 10 1 4 2 0 13 8 13 7 3 13 1 1 3 8 6 0 2 5 4 5 7 13 11 13 8 8 14 2 0 3 11 8 12 4 5 4 14 12 5 0 5 4 14 13 9 0 7 6 15 6 2 9 0 9 3 5 14 15 15 3 7 12 13 0 0 5 14 
0 2
0 6
0 7
0 11
0 14
0 17
0 24
0 26
0 27
0 29
0 30
0 31
0 33
0 36
0 37
0 40
0 44
0 45
0 46
0 52
0 53
0 55
0 56
0 61
0 63
0 68
1 2
1 5
1 7
1 10
1 11
1 12
1 13
1 15
1 17
1 18
1 29
1 34
1 35
1 37
1 38
1 39
1 40
1 43
1 48
1 49
1 52
1 54
1 55
1 66
1 69
2 12
2 14
2 18
2 20
2 23
2 26
2 29
2 30
2 32
2 34
2 36
2 37
2 40
2 44
2 48
2 49
2 60
2 62
2 64
2 65
3 5
3 10
3 11
3 13
3 14
3 16
3 17
3 21
3 27
3 29
3 32
3 34
3 35
3 40
3 42
3 46
3 47
3 48
3 50
3 52
3 55
3 57
3 61
3 62
3 69
4 5
4 7
4 8
4 10
4 11
4 13
4 16
4 19
4 20
4 23
4 24
4 28
4 31
4 44
4 51
4 54
4 56
4 59
4 60
4 62
4 63
4 64
4 66
4 68
5 7
5 9
5 10
5 12
5 16
5 17
5 19
5 25
5 26
5 28
5 30
5 31
5 35
5 39
5 40
5 41
5 43
5 44
5 45
5 46
5 48
5 49
5 50
5 52
5 55
5 64
6 7
6 10
6 13
6 14
6 18
6 20
6 21
6 25
6 31
6 35
6 36
6 37
6 41
6 42
6 46
6 48
6 54
6 55
6 56
6 59
6 61
6 65
6 69
7 9
7 10
7 11
7 14
7 16
7 24
7 27
7 30
7 33
7 37
7 38
7 44
7 46
7 47
7 52
7 53
7 54
7 57
7 64
7 65
7 66
7 68
7 69
8 9
8 10
8 11
8 13
8 36
8 37
8 49
8 51
8 53
8 54
8 59
8 61
8 68
9 10
9 15
9 16
9 17
9 23
9 28
9 29
9 32
9 33
9 35
9 37
9 40
9 41
9 43
9 45
9 48
9 50
9 53
9 54
9 57
9 58
9 60
9 61
9 62
9 63
9 64
9 66
9 69
10 11
10 13
10 14
10 18
10 21
10 23
10 26
10 27
10 28
10 33
10 34
10 37
10 43
10 44
10 46
10 51
10 54
10 58
10 62
10 64
10 66
10 67
11 13
11 14
11 15
11 16
11 18
11 26
11 27
11 28
11 32
11 36
11 41
11 42
11 45
11 46
11 47
11 48
11 49
11 52
11 54
11 55
11 56
11 57
11 59
11 60
11 62
11 69
12 14
12 19
12 22
12 24
12 26
12 28
12 30
12 34
12 37
12 40
12 42
12 48
12 50
12 57
12 58
12 65
13 14
13 15
13 18
13 19
13 21
13 28
13 31
13 36
13 38
13 39
13 40
13 44
13 48
13 52
13 53
13 54
13 55
13 56
13 60
13 61
13 62
13 68
14 17
14 18
14 21
14 25
14 26
14 27
14 28
14 29
14 31
14 39
14 40
14 45
14 47
14 49
14 51
14 52
14 55
14 56
14 57
14 61
14 64
14 66
14 67
14 68
14 69
15 19
15 21
15 26
15 27
15 28
15 31
15 34
15 40
15 43
15 49
15 50
15 53
15 57
15 59
15 63
15 64
15 67
16 18
16 20
16 22
16 24
16 25
16 26
16 33
16 37
16 40
16 44
16 49
16 51
16 52
16 55
16 57
16 59
16 64
17 18
17 21
17 22
17 23
17 28
17 34
17 35
17 36
17 40
17 41
17 42
17 43
17 48
17 49
17 50
17 52
17 53
17 55
17 57
17 58
17 59
17 60
17 62
17 63
17 64
17 67
17 68
18 20
18 25
18 26
18 27
18 28
18 29
18 31
18 34
18 36
18 39
18 40
18 44
18 45
18 48
18 56
18 58
18 60
18 62
18 63
18 66
18 68
19 25
19 30
19 35
19 37
19 53
19 60
19 65
20 26
20 29
20 30
20 32
20 39
20 41
20 47
20 49
20 50
20 52
20 57
20 62
20 66
20 68
21 25
21 29
21 30
21 31
21 34
21 36
21 37
21 41
21 42
21 43
21 44
21 45
21 47
21 49
21 62
21 64
21 65
21 67
21 69
22 24
22 25
22 26
22 28
22 34
22 36
22 41
22 43
22 44
22 45
22 46
22 49
22 52
22 53
22 58
22 59
22 61
22 63
22 64
22 65
22 66
22 67
22 69
23 24
23 26
23 28
23 30
23 31
23 35
23 40
23 45
23 46
23 47
23 48
23 51
23 52
23 53
23 54
23 55
23 57
23 63
23 64
23 67
24 27
24 31
24 33
24 37
24 39
24 41
24 45
24 46
24 48
24 56
24 58
24 59
24 63
24 65
24 69
25 27
25 28
25 29
25 39
25 42
25 43
25 44
25 49
25 50
25 53
25 54
25 58
25 60
25 67
26 28
26 31
26 33
26 35
26 36
26 40
26 45
26 46
26 47
26 53
26 57
26 58
26 59
26 62
26 67
27 33
27 34
27 36
27 39
27 43
27 47
27 51
27 52
27 58
27 59
27 63
27 64
27 68
28 29
28 30
28 34
28 35
28 36
28 45
28 46
28 54
28 55
28 57
28 60
28 61
28 62
28 68
29 31
29 32
29 39
29 41
29 46
29 50
29 51
29 52
29 57
29 58
29 61
29 64
29 65
29 69
30 35
30 36
30 41
30 42
30 43
30 45
30 50
30 52
30 55
30 56
30 58
30 59
30 62
30 63
30 66
30 67
31 34
31 36
31 40
31 41
31 42
31 45
31 47
31 50
31 59
31 61
31 66
31 67
32 36
32 37
32 39
32 41
32 45
32 51
32 53
32 57
32 58
32 61
32 63
32 65
33 39
33 40
33 43
33 47
33 48
33 49
33 51
33 54
33 65
33 66
33 68
34 38
34 43
34 45
34 46
34 53
34 55
34 57
34 68
35 38
35 42
35 45
35 50
35 51
35 52
35 53
35 55
35 58
35 63
35 65
35 68
35 69
36 37
36 38
36 39
36 41
36 42
36 45
36 47
36 52
36 56
36 61
36 63
36 65
36 68
37 39
37 45
37 46
37 58
37 63
37 66
37 67
38 39
38 44
38 52
38 53
38 58
38 59
38 61
38 64
39 42
39 46
39 48
39 49
39 50
39 51
39 54
39 59
39 61
39 65
39 69
40 42
40 44
40 48
40 57
40 59
40 62
40 66
40 68
40 69
41 44
41 45
41 50
41 52
41 53
41 54
41 56
41 57
41 63
41 65
41 66
41 69
42 43
42 48
42 49
42 50
42 52
42 54
42 59
42 65
42 69
43 46
43 49
43 50
43 51
43 52
43 53
43 59
43 62
43 64
43 65
43 67
43 68
43 69
44 47
44 48
44 52
44 53
44 54
44 56
44 59
44 60
44 63
44 64
44 65
44 66
44 67
44 69
45 58
45 59
45 64
45 65
45 68
45 69
46 47
46 50
46 52
46 53
46 58
46 61
46 64
46 66
47 49
47 50
47 51
47 53
47 54
47 56
47 60
47 64
48 50
48 54
48 56
48 57
48 60
48 62
48 68
48 69
49 55
49 56
49 58
49 59
49 62
49 63
49 69
50 53
50 55
50 57
50 58
50 61
50 62
50 66
51 52
51 56
51 58
51 60
51 63
52 59
52 62
52 63
52 66
53 57
53 66
53 68
54 58
54 62
54 64
54 65
54 68
55 57
55 58
55 59
55 64
55 65
55 69
56 58
56 60
56 65
56 68
56 69
57 63
57 64
57 66
57 69
58 60
58 63
58 64
58 67
59 61
59 62
59 63
59 67
59 68
59 69
60 68
61 64
61 68
62 63
62 68
63 65
63 67
63 69
64 65
64 67
64 69
65 68
65 69
67 68
67 69
