90 134
11 6 0 9 13 0 2 11 2 5 6 10 12 3 15 12 1 2 4 12 11 7 3 1 1 1 6 7 14 11 8 8 13 8 14 13 11 0 15 5 13 1 2 3 1 0 14 10 10 7 11 0 10 1 13 14 14 15 2 7 14 1 0 5 1 5 1 5 2 2 7 12 11 0 2 0 11 11 1 2 9 6 10 14 7 6 0 14 12 4 
0 57
1 34
2 13
2 21
2 28
2 44
2 54
2 70
2 71
3 57
3 62
4 27
4 30
4 38
4 48
4 61
4 65
5 43
6 7
6 10
6 21
6 66
7 21
7 25
7 87
8 45
8 78
8 80
9 30
9 56
11 17
11 22
11 31
11 36
12 18
12 26
12 28
12 48
12 60
14 33
14 39
15 58
16 31
16 34
16 42
17 18
17 74
18 40
19 30
19 76
20 35
20 42
20 70
22 87
22 88
23 31
23 76
24 73
24 78
24 85
25 52
25 71
26 36
26 54
27 51
27 63
28 65
28 67
29 49
29 64
30 31
30 38
30 83
30 87
30 89
31 33
31 57
31 61
32 71
33 58
33 75
33 78
34 53
37 75
37 87
38 46
38 65
38 72
39 54
39 58
39 60
39 64
39 75
39 78
40 51
40 81
41 65
41 75
41 87
43 62
43 71
43 73
44 74
45 60
47 52
47 77
47 80
50 56
50 65
51 52
51 86
53 57
54 60
54 61
54 89
55 87
56 79
57 65
59 82
59 87
59 89
60 81
63 77
65 77
67 73
67 85
68 89
69 78
71 84
72 89
74 80
76 85
78 80
79 87
