40 178
7 2 2 0 2 5 6 4 0 7 4 1 7 4 1 0 5 6 2 3 2 5 6 7 2 6 3 5 6 6 3 7 6 3 1 5 0 6 6 6 
0 1
0 4
0 8
0 10
0 12
0 20
0 24
0 27
0 31
0 32
0 34
0 36
0 37
1 10
1 12
1 13
1 18
1 20
1 23
1 27
1 31
1 37
2 12
2 13
2 14
2 16
2 17
2 18
2 19
2 24
2 29
3 17
3 18
3 23
3 29
3 30
3 31
3 32
3 39
4 5
4 7
4 9
4 11
4 13
4 26
4 38
5 10
5 11
5 13
5 14
5 15
5 26
5 31
5 37
5 38
6 10
6 13
6 26
6 30
6 33
7 8
7 16
7 22
7 25
7 28
7 33
7 34
7 35
7 36
8 22
8 31
8 32
8 33
8 34
8 36
9 24
9 25
9 27
10 12
10 20
10 24
10 25
10 27
10 38
10 39
11 13
11 15
11 17
11 21
11 22
11 30
11 37
11 38
12 20
12 21
12 27
12 35
12 38
13 15
13 21
13 30
13 32
13 37
13 38
14 16
14 17
14 18
14 19
14 25
14 29
14 32
14 37
15 22
15 30
15 33
16 17
16 21
16 24
16 25
16 28
16 35
17 18
17 23
17 24
17 29
18 29
18 31
18 32
19 24
19 25
19 35
19 36
19 38
20 21
20 24
20 27
20 32
20 35
21 28
21 37
21 38
22 23
22 26
22 27
22 30
22 33
22 34
23 26
23 29
23 32
24 29
24 38
25 28
25 35
25 36
26 36
26 39
27 28
27 31
27 32
27 36
27 38
28 32
28 34
28 36
29 31
29 37
29 39
30 33
30 34
30 37
31 32
32 33
32 38
33 34
34 35
34 36
35 36
