70 105
15 3 2 0 10 3 11 5 2 2 0 2 11 4 3 9 13 8 2 7 12 15 6 1 14 11 6 7 2 6 15 0 11 8 14 0 15 9 12 11 3 8 2 14 11 6 4 8 2 15 1 8 2 6 9 1 11 12 6 15 15 13 14 3 10 8 6 7 15 10 
0 25
0 54
1 20
1 22
1 26
1 50
2 28
3 22
3 45
3 64
4 23
4 38
4 53
4 55
5 51
6 15
6 28
7 10
7 53
7 62
8 34
8 40
8 68
9 27
10 13
10 46
11 21
11 57
12 29
12 31
12 56
13 54
13 62
13 66
14 18
14 47
14 58
15 52
15 61
16 27
16 43
16 58
17 22
17 26
17 45
18 31
18 56
18 67
19 62
22 47
22 60
22 67
23 25
24 26
24 27
24 50
27 41
27 49
28 50
29 30
30 34
30 44
30 58
31 37
31 57
32 52
33 38
33 39
33 55
34 41
34 61
35 39
35 55
35 59
36 52
37 62
38 63
39 64
40 43
40 51
40 61
40 65
41 56
41 57
42 51
43 59
44 46
44 62
45 59
46 51
46 54
46 65
48 53
48 55
49 50
49 57
51 68
52 66
53 63
54 68
57 61
59 64
60 66
62 63
62 69
