100 446
5 24 13 28 0 18 3 13 31 0 5 15 17 25 28 23 31 5 31 2 12 22 15 25 23 21 6 13 11 29 4 20 30 23 17 13 9 8 23 26 9 11 22 22 8 21 29 7 23 20 4 9 23 31 12 9 31 7 2 3 7 12 20 14 2 8 19 29 30 24 23 26 3 29 5 11 2 30 1 1 5 9 1 14 7 26 17 18 7 6 16 14 20 3 22 21 1 10 29 13 
0 20
0 22
0 26
0 43
0 46
0 51
0 57
0 58
0 71
0 75
0 79
0 84
1 2
1 5
1 31
1 36
1 42
1 69
1 74
1 80
1 82
1 92
2 4
2 5
2 41
2 42
2 45
2 47
2 53
2 70
2 78
3 11
3 17
3 18
3 19
3 39
3 40
3 46
3 48
3 50
3 56
3 65
3 83
3 86
4 6
4 7
4 24
4 30
4 35
4 68
4 69
4 80
4 85
4 92
4 95
4 98
5 18
5 30
5 45
5 46
5 62
5 78
5 92
6 7
6 11
6 19
6 24
6 30
6 38
6 78
6 88
6 95
6 98
7 11
7 19
7 24
7 38
7 49
7 50
7 51
7 60
7 83
8 19
8 46
8 72
8 78
8 80
9 14
9 18
9 85
9 91
10 13
10 23
10 27
10 37
10 44
10 63
10 74
10 90
11 21
11 24
11 38
11 39
11 40
11 50
11 83
11 91
11 96
12 14
12 15
12 18
12 29
12 37
12 39
12 43
12 79
12 86
12 99
13 15
13 20
13 23
13 37
13 57
13 63
13 64
13 69
13 87
14 15
14 20
14 28
14 57
14 63
14 79
15 18
15 25
15 58
15 69
15 79
15 85
15 86
16 25
16 27
16 34
16 35
16 62
16 69
16 74
16 84
16 94
17 23
17 26
17 64
17 73
17 75
18 29
18 39
18 40
18 50
18 86
19 25
19 66
19 78
20 44
20 45
20 51
20 57
20 63
20 79
20 88
21 25
21 30
21 31
21 35
21 62
21 65
21 67
21 69
21 80
21 84
21 98
22 29
22 43
22 55
22 58
22 70
22 73
22 97
23 33
23 35
23 39
23 44
23 53
23 57
23 63
23 94
24 30
24 38
24 45
24 83
24 95
25 27
25 31
25 34
25 52
25 53
25 58
25 61
25 84
25 94
26 52
26 54
26 63
27 34
27 37
27 51
27 53
27 94
27 96
28 35
28 37
28 43
28 46
28 56
28 58
28 70
28 92
28 94
28 96
29 39
29 40
29 42
29 59
29 61
29 68
29 86
30 69
30 95
30 98
31 47
31 62
31 66
31 77
31 82
31 91
32 37
32 45
32 55
32 64
32 68
32 81
32 83
32 89
33 39
33 68
33 94
34 44
34 51
34 53
34 60
34 62
34 66
34 70
34 77
34 82
34 94
35 61
35 62
35 69
35 70
35 84
35 98
36 42
36 78
36 80
36 82
36 98
37 38
37 53
37 55
37 58
37 94
38 40
38 50
38 81
38 83
38 95
39 40
39 49
40 50
40 89
40 95
41 45
41 49
41 62
41 64
41 67
41 72
41 78
41 81
41 93
41 94
41 96
42 74
42 80
42 82
42 90
43 46
43 55
43 70
43 85
43 87
43 92
43 93
43 97
44 52
44 59
44 63
44 74
44 88
45 78
45 81
46 50
46 51
46 53
46 58
46 61
46 72
46 84
46 98
47 79
47 81
48 74
48 77
49 87
49 91
49 94
49 96
50 54
50 64
50 83
50 93
51 53
51 71
51 85
51 94
52 54
52 63
52 74
52 82
52 88
53 67
53 79
53 88
53 89
53 94
53 95
54 76
54 77
54 99
55 56
55 61
55 64
55 65
55 68
55 70
55 89
56 64
56 69
56 70
56 89
56 97
57 61
57 79
57 86
58 70
58 82
58 90
58 97
59 61
59 74
60 67
60 74
61 72
61 93
62 70
62 76
62 84
62 90
62 94
63 73
63 90
64 81
64 89
64 97
65 67
66 88
67 76
68 84
68 89
68 90
69 84
69 88
69 98
70 75
70 86
70 93
70 96
70 97
71 77
72 73
72 85
72 91
72 98
72 99
73 83
74 80
74 82
74 90
75 93
75 95
76 83
76 93
77 80
77 87
77 93
78 81
78 96
79 86
79 92
80 82
80 90
81 89
81 92
81 96
82 84
84 85
84 87
84 90
87 88
87 91
89 92
89 97
92 95
94 95
95 97
95 98
