25 106
3 1 1 3 1 0 0 1 2 0 3 1 0 3 3 2 3 1 3 1 2 1 0 2 1 
0 1
0 5
0 12
0 13
0 14
0 18
0 20
1 2
1 4
1 5
1 10
1 11
1 21
1 22
2 6
2 7
2 8
2 9
2 15
2 16
3 7
3 8
3 15
3 19
3 20
3 23
4 6
4 7
4 10
4 12
4 15
4 19
5 7
5 8
5 9
5 13
5 16
5 19
5 22
5 23
5 24
6 7
6 15
7 9
7 15
7 16
7 19
7 24
8 9
8 17
8 18
8 19
8 21
9 19
9 20
10 13
10 14
10 16
10 17
10 22
11 16
11 17
11 20
11 21
11 22
12 13
12 14
12 15
12 17
12 18
12 21
12 22
12 23
13 17
13 18
13 19
13 21
13 22
13 23
14 15
14 16
14 20
15 16
15 17
15 19
15 21
15 23
15 24
16 17
16 18
16 21
16 23
16 24
17 18
17 19
17 20
17 21
17 22
17 23
19 20
19 21
19 22
19 24
20 24
21 24
22 24
