50 75
0 5 3 1 3 3 0 5 0 1 1 3 1 6 3 0 1 7 0 2 7 0 5 1 6 0 6 6 7 2 6 5 2 2 2 6 2 7 7 3 5 4 6 1 3 1 3 4 6 3 
0 13
0 33
0 48
1 2
1 7
1 34
2 7
2 46
3 45
4 13
5 14
5 15
5 47
5 49
6 10
6 30
7 13
7 19
7 29
7 43
7 48
8 9
8 27
8 32
8 41
9 19
9 48
10 45
11 12
11 35
11 44
12 17
12 20
12 23
12 38
13 45
14 21
15 32
15 41
16 17
16 25
16 42
17 21
17 35
18 36
19 31
19 36
19 37
19 41
21 26
21 27
21 38
21 49
22 33
22 35
22 40
22 44
23 43
24 49
26 46
28 38
28 47
28 49
29 40
30 38
31 38
31 46
32 47
33 34
33 45
36 39
36 49
37 49
39 47
44 45
