60 136
6 3 4 10 10 4 0 0 11 1 15 12 0 12 0 5 3 0 8 14 9 14 6 2 1 6 6 14 5 0 8 4 15 6 8 11 1 15 13 6 15 5 9 12 12 1 9 1 12 3 11 4 12 7 14 5 12 4 6 9 
0 15
0 22
0 56
1 13
1 19
1 28
1 30
2 6
2 10
2 41
2 59
3 8
3 10
3 58
4 7
4 31
4 38
4 49
5 15
5 18
5 36
5 51
5 52
6 21
6 22
6 45
6 49
7 21
7 24
7 42
8 27
8 35
8 37
8 39
9 16
9 28
9 29
9 42
9 47
9 49
9 53
10 19
10 35
10 36
10 59
11 43
11 52
11 53
11 54
11 55
12 17
12 53
13 32
14 24
14 37
14 52
15 16
15 19
15 25
15 37
15 47
15 52
16 17
16 36
16 50
17 29
17 55
18 34
19 25
19 51
19 53
19 57
20 37
20 49
20 58
21 33
21 35
22 33
22 36
22 50
22 53
23 24
23 37
23 41
23 42
24 26
24 36
24 37
24 42
24 51
24 56
25 32
26 32
28 43
28 52
28 55
29 36
29 49
31 48
32 44
33 48
33 55
34 52
35 38
35 41
35 46
36 37
36 42
36 52
37 51
37 52
37 56
38 44
38 51
39 40
39 45
40 48
40 51
40 59
41 49
41 50
42 43
42 46
42 48
42 50
42 53
42 56
43 52
44 49
49 53
49 55
51 52
52 53
52 55
52 56
56 57
