70 105
1 2 11 14 5 2 13 7 9 2 5 7 1 4 4 8 8 9 12 2 1 6 9 5 8 9 10 3 15 2 5 1 8 12 13 0 1 15 13 14 13 5 13 5 2 12 11 12 12 14 14 7 14 2 0 14 13 15 12 4 15 0 1 9 0 13 7 13 13 13 
0 7
0 53
1 19
1 27
1 30
1 31
1 61
1 66
2 12
2 15
2 39
2 62
3 18
3 46
3 63
4 35
5 7
5 24
5 36
5 60
6 18
6 35
6 44
7 8
7 14
8 17
8 60
8 69
9 27
9 55
9 59
9 67
10 23
10 58
11 13
11 18
11 19
11 42
11 63
12 50
12 64
13 20
13 69
14 20
14 69
15 43
15 65
16 30
16 58
16 66
17 48
18 20
18 53
21 46
22 40
22 44
23 47
23 69
24 35
24 58
25 37
25 62
26 62
27 54
28 37
29 36
29 60
29 62
30 34
30 45
30 68
32 59
33 47
33 64
34 45
34 50
34 58
35 39
35 59
36 48
37 50
38 40
38 43
38 61
39 43
39 48
40 52
41 49
41 57
43 50
44 67
46 55
46 67
48 52
48 62
49 66
50 65
51 63
51 64
53 54
54 56
54 66
54 67
55 63
58 65
