100 438
1 12 6 25 27 8 11 26 10 6 7 19 19 18 9 20 1 4 12 18 1 18 24 17 27 2 30 16 30 30 17 22 21 14 26 17 26 22 29 17 11 31 11 13 24 14 3 20 7 20 31 30 21 9 27 10 28 18 21 30 7 31 4 29 5 7 3 19 24 20 15 3 5 23 0 30 7 24 24 5 6 0 13 13 5 6 10 31 13 27 20 21 11 3 31 23 2 0 28 3 
0 7
0 12
0 15
0 37
0 44
0 62
0 63
0 64
0 66
0 67
0 81
0 85
0 95
0 97
1 10
1 11
1 57
1 76
1 86
2 12
2 19
2 26
2 58
2 63
2 64
2 97
3 44
3 62
3 74
3 82
3 91
4 17
4 31
4 32
4 34
4 38
4 54
4 63
4 85
4 94
5 11
5 16
5 40
5 58
5 87
5 95
6 11
6 17
6 32
6 36
6 52
6 62
6 64
6 65
6 72
6 87
7 37
7 40
7 47
7 52
7 57
7 71
7 84
7 87
7 95
8 31
8 34
8 42
8 43
8 61
8 80
8 82
8 93
8 97
8 98
9 18
9 33
9 50
9 57
9 72
10 25
10 38
10 47
10 59
10 63
10 69
11 31
11 50
11 73
12 22
12 26
12 33
12 36
12 39
12 55
12 68
13 18
13 22
13 56
13 64
13 70
13 78
13 80
13 81
13 89
13 91
13 96
14 20
14 46
14 72
14 83
14 90
15 22
15 66
15 79
15 88
16 38
16 42
16 53
16 55
16 57
16 59
16 61
16 66
16 75
16 77
16 82
16 89
16 93
16 97
16 98
17 67
17 70
17 83
17 87
18 19
18 28
18 29
18 62
18 70
18 76
18 78
18 80
18 83
18 86
18 90
19 29
19 42
19 47
19 55
19 59
19 70
19 76
19 84
19 90
19 95
20 52
20 79
20 88
21 41
21 49
21 50
21 53
21 87
21 99
22 31
22 41
22 48
22 50
22 55
23 25
23 39
23 69
23 73
24 35
24 36
24 40
24 52
24 53
24 60
24 63
24 68
24 71
24 77
24 88
25 30
25 39
25 41
25 48
25 54
25 58
25 62
25 63
25 73
25 80
25 92
25 93
25 94
26 29
26 32
26 40
26 55
26 56
26 77
26 88
27 36
27 54
28 34
28 56
28 61
28 78
28 97
28 99
29 57
29 59
29 70
29 73
29 76
29 78
29 90
29 95
30 37
30 65
30 68
30 71
30 72
30 81
30 86
30 88
30 89
30 99
31 32
31 43
31 63
31 80
31 82
31 98
32 34
32 38
32 48
32 54
32 63
32 82
32 89
33 45
33 91
34 38
34 40
34 49
34 63
34 69
34 82
34 96
34 98
35 37
35 61
35 82
36 55
36 70
36 79
36 91
36 93
37 41
37 52
37 65
37 68
37 81
37 97
37 99
38 40
38 63
38 84
38 87
38 91
38 96
38 99
39 50
39 56
39 73
39 81
39 87
40 43
40 46
40 76
40 94
41 48
41 49
41 50
41 55
41 59
41 82
42 44
42 57
42 61
42 62
42 84
42 89
42 93
43 59
43 78
43 88
44 65
44 70
44 80
44 81
45 52
45 65
45 80
45 85
46 48
46 51
46 67
46 97
46 98
47 75
48 50
48 61
48 68
48 77
48 94
49 50
49 55
49 61
49 87
49 90
49 95
49 99
50 55
50 59
50 71
50 77
50 94
50 95
50 98
51 57
51 78
51 84
51 94
52 67
52 69
52 72
52 77
54 63
54 89
54 91
54 96
55 59
55 64
55 90
55 95
56 87
57 61
57 62
57 66
57 93
57 97
57 98
58 69
58 86
59 60
59 88
59 90
60 68
60 73
60 83
60 85
60 92
61 62
61 66
61 80
61 90
61 93
62 66
62 78
62 81
62 97
63 74
64 78
64 88
64 89
64 91
65 68
65 81
65 91
65 97
65 99
66 93
66 97
67 88
67 91
68 80
68 81
68 94
68 99
70 76
70 78
70 88
70 91
70 94
70 98
71 72
72 78
72 82
72 86
73 91
73 92
74 96
75 79
75 85
75 87
75 88
76 78
76 90
76 95
76 96
77 79
78 91
78 96
79 90
80 82
80 93
80 96
80 98
81 87
81 97
82 95
82 96
82 98
83 87
84 95
89 91
89 93
90 95
91 96
93 95
93 98
94 99
96 97
