40 96
4 0 0 2 7 6 2 0 3 4 1 1 3 7 4 4 1 6 7 4 1 1 2 0 7 1 5 0 0 2 1 2 1 6 3 3 2 1 6 0 
0 5
0 18
0 20
0 31
0 32
0 38
1 3
1 15
1 27
1 30
1 34
2 12
2 19
2 20
2 23
2 31
2 38
3 13
3 27
3 33
3 35
4 5
4 6
4 17
4 23
4 31
5 7
5 17
5 39
6 13
7 11
7 19
7 23
7 24
7 29
7 30
8 23
8 30
9 11
9 26
9 35
10 23
10 28
11 28
11 36
11 39
12 16
12 30
12 37
13 22
13 23
14 21
14 27
14 29
15 26
15 32
15 35
15 36
15 38
16 19
16 21
16 33
17 26
17 32
18 27
18 30
18 37
19 28
19 32
19 34
19 39
20 39
21 22
21 24
21 35
21 38
22 37
23 24
23 39
24 27
24 32
24 39
25 33
25 35
26 39
27 32
28 29
28 33
28 35
28 38
30 33
30 38
31 37
31 38
36 38
38 39
