100 199
9 2 11 11 2 20 14 20 17 4 3 16 26 23 3 19 23 28 20 18 5 5 6 24 11 26 26 16 3 1 30 30 29 28 5 23 2 4 31 8 31 28 18 18 11 6 7 30 14 27 19 20 22 30 21 14 13 16 10 14 29 26 15 2 7 25 18 12 6 5 19 6 7 8 30 23 4 25 24 3 21 3 14 6 18 18 29 31 16 23 4 3 13 7 2 12 22 7 30 20 
0 44
0 53
1 39
1 61
2 42
2 43
2 62
2 70
2 88
3 27
3 38
4 86
4 91
5 35
5 62
5 74
5 82
6 22
6 23
6 93
7 9
7 31
7 46
7 92
8 26
8 36
8 71
8 87
9 17
9 26
9 79
9 92
9 96
10 52
10 56
11 24
11 76
11 93
11 99
12 34
12 36
12 40
12 47
12 54
12 64
12 71
12 77
12 78
13 22
13 23
13 40
13 70
13 71
13 79
13 99
14 27
14 95
15 17
15 41
15 85
16 71
17 27
17 72
17 83
17 98
17 99
18 31
19 62
20 82
21 50
21 51
21 65
22 30
22 37
22 58
22 68
22 78
22 96
23 41
23 46
23 73
24 52
24 82
25 58
25 60
25 66
26 44
26 59
26 71
26 72
26 81
26 82
26 89
27 52
27 60
27 64
27 72
28 75
28 99
29 37
29 40
29 60
29 78
30 40
30 61
30 69
31 44
32 95
33 74
33 87
33 89
33 94
34 73
34 79
34 91
35 41
36 68
36 71
36 82
36 88
36 95
37 47
37 56
37 98
38 40
38 89
39 56
39 61
39 63
39 65
39 71
39 83
39 89
40 46
40 58
40 71
40 89
40 97
42 85
43 45
43 67
44 45
44 46
44 52
44 75
44 77
45 78
45 92
45 99
46 58
48 53
49 88
50 60
50 79
51 53
51 87
51 97
52 81
54 66
55 60
55 82
56 59
56 62
56 76
57 78
58 85
58 88
58 97
59 73
59 90
59 91
61 87
61 98
63 70
65 97
67 77
70 86
70 96
71 82
71 89
71 97
71 99
73 87
77 80
77 82
77 89
77 92
77 97
78 88
78 99
79 93
80 91
81 90
83 96
84 93
87 92
88 97
90 95
97 99
