70 170
7 2 5 11 9 12 7 3 7 4 7 0 11 3 3 11 3 9 8 8 15 0 0 14 8 9 0 11 11 12 11 14 2 7 12 1 3 4 4 5 12 1 9 7 15 7 10 12 11 14 1 3 7 5 4 9 7 8 11 6 1 14 2 10 12 12 2 14 14 13 
0 3
0 27
0 43
0 54
0 62
0 65
0 69
1 21
1 33
1 64
2 31
2 42
3 23
3 32
3 69
4 25
4 35
4 49
5 11
5 14
5 29
5 32
5 37
5 46
5 61
6 35
7 12
7 21
7 25
7 40
7 42
7 43
7 63
8 11
8 24
8 34
8 38
8 56
8 61
9 10
9 32
9 37
9 59
9 61
9 68
10 36
10 42
10 49
11 24
11 25
11 27
11 39
11 41
11 57
11 67
12 20
12 23
12 50
13 35
13 44
13 54
13 59
13 62
14 39
14 50
15 25
15 43
16 20
17 19
17 29
17 45
17 46
17 52
18 31
18 40
18 45
18 49
18 55
19 36
19 46
19 60
19 65
20 37
20 46
20 55
20 61
20 64
21 24
21 32
21 34
21 48
21 69
22 29
22 67
22 68
23 28
23 57
23 61
24 39
24 55
24 67
25 32
25 36
25 43
25 44
26 28
26 40
26 58
26 67
27 32
27 50
29 41
29 54
30 53
30 61
31 48
31 56
31 66
32 33
32 56
33 35
33 38
33 46
33 52
33 61
36 46
36 47
36 53
37 62
37 65
38 53
38 65
39 51
39 65
39 69
40 46
40 64
40 66
41 54
41 68
42 47
42 52
42 56
43 54
43 69
45 49
45 51
45 66
46 57
47 57
47 64
49 54
49 57
49 60
49 63
49 68
50 54
51 58
51 67
55 62
56 63
58 62
58 65
58 67
59 62
60 66
62 67
63 67
65 66
67 68
