25 111
1 0 2 0 2 2 1 3 2 0 1 3 3 2 1 0 0 3 0 1 2 0 2 1 2 
0 1
0 5
0 6
0 7
0 8
0 9
0 10
0 11
0 14
0 22
0 24
1 3
1 7
1 9
1 10
1 11
1 12
1 15
1 18
1 19
1 20
2 5
2 7
2 15
3 4
3 7
3 11
3 13
3 15
3 19
3 20
3 21
3 22
4 6
4 10
4 12
4 15
4 18
4 19
4 20
4 21
4 22
4 23
4 24
5 8
5 15
5 16
6 7
6 8
6 10
6 15
6 18
6 20
6 21
6 24
7 8
7 9
7 10
7 13
7 15
7 17
7 24
8 9
8 10
8 15
8 19
8 21
8 24
9 10
9 11
9 18
9 19
9 20
9 21
10 11
10 17
10 20
11 17
11 19
11 20
11 22
11 23
11 24
12 14
12 21
12 22
12 23
13 16
13 18
13 20
14 17
14 19
14 22
14 23
15 18
15 21
15 22
15 24
16 21
16 22
17 20
17 23
18 20
19 20
19 21
19 22
19 23
20 22
21 22
21 24
22 24
