100 150
1 23 4 18 25 9 23 17 8 9 8 25 14 3 8 11 1 16 31 25 20 15 24 11 24 16 26 9 16 14 30 28 15 28 21 31 13 10 13 27 31 12 25 6 18 1 14 15 8 3 5 9 2 20 6 27 3 19 29 13 23 23 12 14 3 15 15 16 5 26 23 3 22 30 8 15 10 30 30 6 7 2 0 7 3 15 5 14 19 7 5 26 28 20 27 18 31 14 2 0 
0 17
0 32
0 88
1 74
1 90
2 11
3 44
3 58
3 89
4 62
4 65
5 7
5 86
6 42
6 44
6 61
6 79
6 84
7 28
8 48
8 96
9 17
9 19
9 28
10 69
10 90
11 26
11 34
11 54
11 96
12 32
12 92
12 98
13 22
13 70
14 18
14 55
14 60
14 91
14 95
14 96
15 42
15 45
15 49
15 87
16 24
16 88
16 96
17 57
17 80
18 28
18 58
19 36
19 55
20 47
20 51
21 76
21 83
21 96
22 90
23 31
23 44
23 79
23 82
25 76
26 39
26 47
26 81
26 83
27 33
27 77
28 40
28 79
28 99
29 75
30 42
30 57
31 57
31 86
32 51
32 95
32 96
33 61
35 81
36 38
37 52
39 71
41 42
41 61
41 66
42 68
43 81
43 82
44 45
45 68
45 86
45 93
46 96
47 79
47 89
48 71
48 72
48 85
49 77
49 81
50 54
50 87
52 70
53 99
54 57
54 63
54 67
54 70
55 97
56 89
56 94
59 60
59 63
61 93
63 71
63 74
64 66
64 70
64 76
65 88
67 77
67 89
67 96
68 90
68 94
69 97
70 79
70 89
73 82
73 99
74 87
74 93
75 80
75 96
78 82
78 87
78 94
79 83
83 96
83 99
84 92
87 92
89 90
91 92
92 97
