35 215
4 4 2 5 3 0 0 1 1 4 4 4 7 0 3 5 6 4 1 5 4 3 4 6 6 2 0 0 4 4 5 5 2 2 3 
0 1
0 4
0 6
0 9
0 11
0 12
0 13
0 14
0 19
0 21
0 22
0 23
0 26
0 30
0 31
0 33
1 2
1 3
1 7
1 10
1 12
1 14
1 15
1 29
1 30
2 5
2 11
2 13
2 14
2 15
2 18
2 19
2 20
2 21
2 23
2 24
2 31
3 9
3 10
3 13
3 14
3 18
3 19
3 24
3 25
3 29
3 33
3 34
4 7
4 10
4 11
4 14
4 15
4 18
4 27
4 30
4 33
5 8
5 9
5 12
5 15
5 17
5 21
5 22
5 23
5 24
5 29
5 30
5 33
6 7
6 8
6 16
6 17
6 18
6 25
6 29
6 30
6 33
6 34
7 8
7 9
7 14
7 16
7 17
7 18
7 19
7 21
7 23
7 32
8 17
8 18
8 20
8 21
8 23
8 25
8 33
8 34
9 10
9 11
9 20
9 21
9 22
9 24
9 27
9 28
9 29
9 30
9 33
10 17
10 18
10 21
10 24
10 26
10 32
11 14
11 22
11 31
11 33
12 13
12 18
12 19
12 21
12 23
12 24
12 25
12 32
13 14
13 16
13 17
13 18
13 19
13 20
13 22
13 26
13 32
13 33
14 15
14 17
14 22
14 24
14 26
14 27
14 28
14 30
15 17
15 25
15 30
15 32
15 34
16 18
16 23
16 24
16 25
16 27
16 33
17 18
17 21
17 24
17 25
17 26
17 29
17 30
17 34
18 23
18 24
18 25
18 33
19 22
19 23
19 24
19 25
19 30
19 34
20 21
20 24
20 25
20 26
20 29
20 30
20 33
21 22
21 25
21 26
21 30
21 34
22 30
22 32
22 33
23 25
23 26
23 32
23 33
23 34
24 28
24 30
24 31
25 28
25 30
25 32
25 34
26 30
26 31
26 33
27 29
27 30
27 32
27 33
27 34
28 30
28 32
29 30
30 32
30 33
30 34
31 34
