80 359
5 11 12 8 4 5 5 5 1 2 14 5 5 5 6 14 6 3 5 13 3 13 4 14 0 8 4 10 12 15 8 4 13 12 0 15 3 0 13 12 9 10 7 11 9 6 15 10 10 6 14 4 12 6 2 10 5 7 3 0 13 3 0 0 3 13 6 1 2 15 3 0 6 10 6 11 3 5 1 3 
0 9
0 11
0 16
0 22
0 44
0 45
0 51
0 55
0 71
0 73
1 2
1 4
1 8
1 13
1 17
1 30
1 59
1 64
1 78
2 8
2 13
2 17
2 18
2 30
2 37
2 59
2 60
2 79
3 19
3 25
3 31
3 38
3 43
3 44
3 49
3 54
3 55
3 70
3 74
4 10
4 15
4 34
4 36
4 42
4 60
4 62
4 69
4 79
5 7
5 20
5 36
5 41
5 56
5 57
5 65
5 71
5 75
6 25
6 27
6 31
6 32
6 35
6 40
6 66
6 72
6 77
7 22
7 50
7 51
7 57
7 63
7 65
7 71
7 73
7 75
8 12
8 15
8 17
8 48
8 54
8 59
8 64
8 78
9 11
9 26
9 38
9 43
9 44
9 45
9 70
9 73
10 15
10 17
10 34
10 36
10 42
10 56
10 60
10 69
11 22
11 44
11 45
11 51
11 67
11 70
11 73
12 17
12 23
12 28
12 41
12 48
12 56
12 64
12 78
13 17
13 18
13 21
13 30
13 37
13 42
13 59
14 16
14 22
14 24
14 28
14 33
14 39
14 47
14 50
14 67
15 20
15 34
15 36
15 53
15 55
15 56
15 60
15 69
15 79
16 24
16 26
16 33
16 39
16 52
16 67
16 76
17 59
17 64
17 78
18 19
18 21
18 30
18 37
18 46
18 49
18 59
19 21
19 25
19 37
19 43
19 49
19 66
19 74
20 36
20 48
20 56
20 57
20 65
20 69
20 75
21 25
21 30
21 35
21 37
21 49
21 74
22 51
22 57
22 71
22 73
22 75
23 28
23 41
23 47
23 48
23 50
23 64
23 65
23 78
24 33
24 39
24 47
24 50
24 51
24 67
24 76
25 38
25 43
25 49
25 70
25 74
26 32
26 33
26 40
26 52
26 53
26 67
26 76
26 77
27 31
27 35
27 46
27 49
27 62
27 63
27 66
27 68
27 72
28 39
28 41
28 47
28 48
28 50
28 75
29 46
29 66
29 68
30 37
30 49
30 53
30 59
30 62
31 32
31 40
31 52
31 66
31 72
31 77
32 40
32 43
32 52
32 58
32 63
32 66
32 72
32 77
33 39
33 50
33 67
33 73
33 76
34 42
34 46
34 59
34 60
34 62
34 69
35 42
35 46
35 62
35 66
35 68
35 72
36 55
36 56
36 64
36 65
36 69
37 49
37 68
37 74
38 40
38 43
38 44
38 45
38 63
38 70
38 74
39 41
39 47
39 50
39 71
40 52
40 72
40 76
40 77
41 47
41 48
41 50
41 64
42 46
42 60
42 61
42 62
42 68
43 44
43 70
43 74
44 45
44 52
44 70
45 51
45 70
45 73
45 76
46 60
46 62
46 66
46 68
47 48
47 50
47 57
48 64
48 78
49 53
49 74
50 61
51 57
51 71
51 73
52 58
52 67
52 76
52 77
53 76
54 61
54 67
54 69
54 71
54 78
55 68
56 65
56 69
56 75
57 65
57 71
57 75
58 63
58 64
58 75
58 76
59 78
60 62
60 68
62 68
64 78
65 69
65 75
66 68
66 72
67 76
67 77
68 72
69 78
70 77
71 73
71 75
72 74
76 77
