100 448
30 10 20 16 25 7 12 11 17 30 24 26 31 16 20 28 15 17 26 11 3 9 29 17 11 24 29 26 20 12 23 31 4 6 23 14 18 26 16 19 30 4 20 27 15 7 29 8 8 6 10 31 21 23 5 8 5 23 22 12 18 17 7 14 3 5 18 9 5 10 2 11 24 29 20 2 28 10 10 2 2 7 13 29 12 28 1 9 1 10 18 28 12 20 0 20 1 1 17 7 
0 1
0 11
0 33
0 45
0 53
0 59
0 60
0 76
0 89
0 98
1 14
1 16
1 17
1 22
1 28
1 38
1 45
1 57
1 61
1 62
1 76
1 98
2 6
2 12
2 24
2 52
2 68
2 70
2 78
2 91
2 92
3 9
3 17
3 27
3 35
3 45
3 59
3 69
3 72
3 80
3 82
3 93
4 5
4 16
4 38
4 39
4 47
4 77
4 81
4 93
5 76
5 89
5 93
6 12
6 24
6 25
6 34
6 44
6 67
6 70
6 91
6 92
7 10
7 18
7 21
7 30
7 49
7 51
7 68
7 78
7 81
8 10
8 18
9 11
9 39
9 44
9 59
9 65
9 69
9 71
9 77
9 80
10 18
10 23
10 37
10 46
10 49
10 64
10 68
10 70
10 78
10 81
10 92
10 94
11 21
11 38
11 45
11 51
11 53
11 60
11 61
11 66
11 81
11 89
12 19
12 24
12 34
12 70
12 78
12 91
12 92
13 15
13 29
13 30
13 37
13 39
13 49
13 65
13 71
13 77
13 83
14 15
14 22
14 23
14 38
14 46
14 62
14 95
15 33
15 63
15 72
15 96
16 22
16 29
16 60
16 83
17 23
17 27
17 56
17 59
17 61
17 79
17 82
17 93
17 96
17 97
18 21
18 49
18 68
18 78
18 81
18 83
18 92
19 25
19 43
19 44
19 48
19 52
19 58
19 74
19 75
19 85
19 86
19 87
19 95
20 36
20 41
20 50
20 56
20 67
20 79
20 82
20 84
20 96
21 38
21 49
21 51
21 60
21 64
21 71
21 81
21 89
22 23
22 28
22 32
22 40
22 41
22 56
22 57
22 61
22 62
22 76
22 90
22 98
23 25
23 73
23 76
24 31
24 34
24 43
24 50
24 61
24 67
24 70
24 91
25 43
25 48
25 52
25 58
25 72
25 74
25 87
25 88
26 29
26 32
26 40
26 55
26 91
26 92
26 94
27 47
27 56
27 59
27 69
27 82
27 93
27 96
27 98
28 40
28 41
28 54
28 57
28 62
28 79
28 99
29 30
29 37
29 52
29 68
29 72
29 74
29 75
29 83
29 87
30 37
30 38
30 65
30 71
30 75
30 77
30 83
31 63
31 76
31 94
32 37
32 43
32 52
32 68
33 62
33 87
34 36
34 48
34 50
34 67
34 84
34 90
34 91
35 48
35 50
35 56
35 64
35 87
35 92
36 40
36 50
36 56
36 67
36 79
36 84
36 96
36 97
37 61
37 65
37 74
37 75
37 83
37 87
38 63
38 72
39 59
39 60
39 61
39 65
39 69
39 71
39 77
39 80
39 90
40 41
40 44
40 48
40 54
40 57
40 88
40 99
41 47
41 54
41 57
41 62
41 88
41 99
42 57
43 48
43 52
43 58
43 74
43 88
43 99
44 82
44 83
45 53
45 62
45 76
45 89
45 90
45 98
46 47
46 72
46 86
48 54
48 58
48 88
48 99
49 51
49 60
49 68
49 81
50 63
50 66
50 67
50 79
50 84
50 91
50 99
51 53
51 60
51 63
51 77
51 81
51 89
51 95
52 58
52 74
52 75
52 87
53 60
53 69
53 76
53 89
53 98
54 57
54 58
54 84
54 88
54 99
55 56
55 67
55 75
56 79
56 82
56 93
56 96
57 62
57 96
57 98
58 88
58 91
58 99
59 69
59 80
59 85
59 86
59 93
60 81
60 89
61 82
61 84
62 76
62 82
62 98
63 68
63 87
64 97
65 71
65 77
65 81
65 83
66 73
66 86
66 88
66 94
67 84
67 88
67 91
68 70
68 78
68 92
69 77
69 80
69 93
69 95
70 74
70 78
70 92
71 77
71 80
71 83
71 90
72 97
74 75
74 86
74 87
75 78
75 83
75 87
76 89
76 93
76 98
77 80
78 92
79 82
79 84
79 96
80 89
80 93
82 93
82 95
82 96
83 87
83 97
84 91
84 96
85 87
87 92
87 97
88 99
95 96
97 98
