50 103
3 1 1 6 1 2 7 3 3 3 5 6 3 1 6 5 0 3 2 7 4 6 3 7 2 7 0 1 6 5 1 6 7 0 2 5 4 3 0 6 6 2 1 1 7 6 2 0 0 0 
0 9
0 15
0 23
0 49
1 13
1 22
1 30
1 47
2 11
2 21
2 45
3 5
3 6
3 14
3 17
3 20
3 25
3 27
3 42
4 6
4 9
4 15
4 18
4 21
4 33
4 37
5 36
6 8
6 27
6 37
7 17
7 36
7 41
7 43
8 19
8 42
9 13
9 33
9 40
10 13
10 15
10 19
10 27
10 35
11 12
11 36
11 39
12 41
12 44
13 17
13 20
13 39
13 45
13 48
14 18
14 23
14 24
14 25
14 41
15 17
15 26
16 17
16 20
16 22
16 25
17 24
17 28
17 37
18 23
18 30
19 29
19 46
20 24
20 29
20 45
20 49
21 36
21 43
22 30
23 24
23 27
23 28
24 48
25 36
26 28
26 43
27 32
27 48
28 31
29 36
29 44
30 36
31 49
33 38
34 40
34 44
36 38
36 40
37 47
39 43
39 48
45 49
48 49
