90 197
4 0 3 1 7 3 7 1 8 15 12 10 12 2 6 12 3 9 12 5 3 12 5 14 8 0 5 7 13 1 8 3 14 13 12 9 3 10 6 13 2 7 2 15 12 3 8 3 5 2 5 13 7 13 1 2 15 0 8 3 9 12 8 2 2 11 12 1 3 10 3 7 14 12 0 6 15 8 13 0 5 3 11 10 12 12 14 0 9 9 
0 16
0 25
0 68
0 74
0 83
1 36
1 49
1 74
1 77
2 24
2 36
2 48
2 59
3 23
3 43
3 46
3 69
4 5
4 9
4 11
4 20
4 39
4 78
5 10
5 27
5 28
6 14
6 43
6 86
7 41
7 51
7 61
7 65
7 86
8 17
8 53
8 55
8 65
8 76
9 12
9 16
9 39
9 56
10 26
10 70
10 74
11 14
11 28
11 72
12 66
12 88
13 23
13 42
13 53
13 76
14 23
14 39
14 67
15 40
15 41
15 62
16 50
16 71
16 79
17 29
17 33
17 35
17 63
18 36
18 46
18 49
18 59
19 51
19 61
19 73
20 24
20 27
20 60
21 42
21 44
22 37
22 42
22 44
22 53
22 80
23 29
23 55
23 72
24 33
24 35
24 77
24 78
24 81
25 29
25 38
25 50
25 69
25 71
26 27
26 62
28 49
28 74
29 75
29 79
29 89
30 61
30 65
30 76
31 56
31 81
31 85
32 61
32 72
33 66
33 88
34 36
34 47
34 57
34 81
34 85
35 59
35 75
36 47
37 40
38 43
38 75
38 83
39 60
39 80
40 70
40 72
40 87
41 53
41 70
41 74
41 77
41 87
43 58
43 72
43 86
44 84
45 47
45 73
46 58
46 72
46 86
47 48
47 77
48 81
48 85
49 55
49 72
50 77
50 88
50 89
51 68
51 74
51 83
52 60
53 54
53 60
53 67
54 69
55 67
55 69
56 66
56 77
56 79
57 77
57 79
57 87
58 59
58 75
59 85
60 84
62 66
62 70
62 75
63 73
63 88
63 89
64 70
64 88
65 69
66 69
66 81
67 80
68 71
68 73
69 86
71 78
71 82
73 82
76 87
78 80
80 84
83 86
