80 198
11 8 4 8 6 8 4 5 14 4 8 13 15 6 2 10 2 6 12 8 14 14 2 14 13 2 6 8 1 7 1 1 11 4 7 8 5 1 6 12 0 7 14 3 7 10 1 1 2 7 2 14 7 6 9 9 6 9 2 2 9 0 10 12 1 1 4 0 6 6 0 10 3 12 9 15 12 12 15 2 
0 4
0 17
0 71
1 11
1 38
1 50
1 62
2 21
2 26
2 36
2 47
2 59
3 11
3 20
3 46
3 62
4 43
4 64
4 72
5 37
5 72
6 22
6 47
7 23
7 33
7 47
7 55
7 58
7 59
8 17
8 20
8 23
8 47
8 71
9 16
9 43
10 15
10 28
10 33
10 36
10 44
10 70
11 24
11 27
11 29
11 53
11 58
11 62
12 17
12 27
12 29
12 30
12 37
12 49
13 15
13 18
13 19
13 24
13 28
13 76
14 19
14 31
14 50
14 76
15 35
15 48
15 52
15 78
16 31
16 33
16 44
16 45
16 58
16 63
17 43
17 56
18 24
18 45
18 49
18 73
19 25
19 48
19 73
20 41
20 53
20 79
21 56
21 60
22 24
22 34
22 52
22 65
23 34
23 43
23 53
23 72
23 78
24 25
24 27
24 30
24 53
24 78
25 36
25 38
25 50
25 77
26 67
26 74
26 79
27 40
27 50
27 53
27 76
28 30
28 49
28 66
28 74
29 46
29 55
29 57
29 65
30 33
30 42
30 55
31 39
31 43
31 46
31 70
32 75
33 39
33 78
34 53
35 44
35 45
35 69
35 72
36 68
36 73
37 42
37 54
37 57
37 61
38 41
38 53
38 72
39 42
39 59
39 63
39 70
40 54
41 62
41 71
42 66
42 67
43 45
43 58
43 68
43 78
44 51
45 64
45 78
46 74
46 79
47 56
47 75
47 79
48 69
48 73
48 77
49 54
49 76
50 67
51 63
51 70
52 72
53 55
53 62
54 66
55 67
55 79
56 58
57 67
57 74
57 75
58 60
59 60
59 67
60 63
60 65
61 72
64 69
64 75
64 77
66 70
71 72
71 74
72 77
77 78
