100 238
4 0 25 0 27 1 29 6 21 1 2 9 7 31 11 0 26 30 29 1 8 22 25 30 24 31 11 7 16 8 17 0 23 3 24 11 14 2 26 12 31 5 4 19 13 28 10 25 26 11 1 9 29 9 26 8 28 5 30 19 26 0 25 25 18 18 0 30 3 29 22 10 18 4 1 19 24 4 26 16 25 7 21 18 26 13 2 2 4 26 1 9 7 10 24 1 20 13 8 2 
0 46
0 60
0 91
0 96
1 3
1 11
1 31
1 37
1 62
1 67
1 78
2 26
2 27
2 39
2 49
2 66
2 94
3 4
3 67
3 90
3 95
4 11
4 19
4 45
4 76
4 95
5 15
5 29
5 42
5 83
5 87
6 25
6 29
6 35
6 38
6 43
7 27
7 56
7 65
7 88
7 94
8 20
8 44
8 56
8 60
8 95
9 21
9 49
9 72
9 92
10 16
10 28
10 81
10 96
11 46
11 50
11 73
11 84
11 91
11 93
12 31
12 45
12 53
12 57
12 62
12 81
13 14
13 34
13 66
13 73
13 83
14 38
14 69
14 74
15 26
15 27
15 35
15 54
15 59
15 62
15 99
16 47
16 53
16 58
16 71
16 83
16 90
16 94
17 27
17 38
17 61
17 75
17 80
18 53
18 62
18 78
19 40
19 82
20 41
20 52
20 57
20 89
21 33
21 37
21 53
21 63
21 95
22 39
22 91
22 93
22 94
23 28
23 61
23 75
23 80
23 90
24 40
24 41
24 82
24 86
25 30
25 34
25 55
25 65
25 72
25 80
25 90
26 29
26 59
26 81
26 89
26 96
27 87
28 36
28 43
28 71
29 35
29 38
29 69
30 31
30 48
30 52
30 57
30 60
31 56
31 70
31 89
32 39
32 50
33 41
33 47
33 89
33 92
34 38
34 45
34 67
35 81
36 69
36 70
36 72
36 74
36 84
36 92
37 50
37 68
37 89
38 49
39 64
39 96
40 42
41 55
41 80
41 85
41 90
42 47
42 55
42 69
42 92
43 60
43 81
43 90
44 74
44 77
44 89
45 55
45 73
46 68
47 48
47 79
47 87
48 65
48 69
48 86
48 89
49 54
49 59
49 63
49 95
51 57
51 95
52 56
52 65
52 85
52 98
54 67
56 84
56 99
57 95
58 64
58 96
60 67
60 84
61 71
63 68
64 93
65 87
66 72
66 74
66 82
66 86
66 91
68 78
69 89
70 85
70 99
72 76
72 95
73 86
74 76
75 85
76 82
79 90
79 93
82 91
84 91
84 94
84 97
90 92
