90 196
1 5 0 2 15 7 15 10 8 6 10 7 12 15 11 6 0 6 14 15 7 12 9 2 10 13 2 7 0 3 8 4 6 13 1 6 15 5 15 6 8 8 10 9 5 14 7 8 4 4 1 7 9 0 11 4 9 4 4 15 1 1 4 13 7 7 6 7 2 15 0 11 14 13 3 1 14 2 2 6 1 8 3 9 9 5 7 15 1 13 
0 9
0 15
0 16
0 56
0 87
1 2
1 12
1 42
1 47
2 13
2 14
2 22
2 36
2 48
3 8
3 11
3 33
3 38
3 54
3 64
4 61
5 13
5 75
5 77
6 44
6 84
7 25
7 33
7 36
7 41
7 83
7 89
8 23
8 57
8 80
9 11
9 20
9 24
9 72
10 33
10 38
10 46
10 58
10 63
10 68
11 42
11 53
12 23
12 45
12 52
13 22
13 49
13 51
13 69
14 28
14 32
14 38
14 63
14 76
15 28
15 48
15 76
16 20
16 48
16 55
17 25
17 32
17 45
17 54
17 78
18 60
18 68
19 64
20 40
20 41
20 53
20 78
20 89
21 31
21 37
21 63
22 42
22 63
22 79
23 27
23 66
23 70
23 82
24 54
24 68
25 47
25 61
26 66
26 79
26 83
26 88
27 29
27 45
27 52
27 62
27 87
28 36
28 53
28 89
29 30
29 51
29 81
30 46
30 73
30 85
31 60
31 68
31 72
32 45
32 57
32 61
32 75
32 85
33 84
34 39
34 72
34 80
34 81
34 85
35 64
35 75
36 43
36 47
36 65
36 75
37 54
37 67
38 51
38 53
39 54
39 60
40 49
41 45
41 65
41 72
42 49
42 52
43 89
44 50
44 58
44 77
45 47
45 70
46 51
46 75
48 88
49 51
49 75
50 87
51 52
52 74
54 70
54 85
55 77
55 83
55 88
55 89
56 78
57 59
57 79
58 69
58 73
58 84
58 86
59 64
59 80
59 85
59 88
60 70
60 82
61 69
61 79
61 83
62 81
62 82
63 69
63 75
64 73
65 73
67 70
67 85
68 71
68 77
69 77
69 87
71 74
73 76
73 81
73 87
75 85
80 88
