70 314
8 7 14 9 10 1 4 2 10 15 12 15 9 15 4 0 12 12 14 4 3 12 3 14 1 13 4 7 12 3 8 5 13 13 9 13 15 0 14 9 6 14 13 10 13 2 15 9 14 0 7 4 11 3 4 5 9 9 3 6 11 7 14 2 14 14 3 0 12 14 
0 2
0 6
0 8
0 15
0 17
0 31
0 42
0 45
0 46
0 61
1 6
1 18
1 29
1 33
1 37
1 40
1 45
1 49
1 63
2 4
2 8
2 17
2 29
2 36
2 38
2 39
2 45
2 46
3 5
3 10
3 22
3 25
3 53
3 59
3 62
3 65
3 66
4 26
4 32
4 34
4 35
4 38
4 39
4 45
4 49
5 7
5 22
5 23
5 41
5 52
5 53
5 57
5 58
5 66
6 12
6 14
6 19
6 29
6 33
6 37
6 56
7 13
7 16
7 20
7 21
7 24
7 28
7 47
7 62
7 64
8 15
8 17
8 31
8 33
8 39
8 45
8 46
9 12
9 14
9 19
9 27
9 47
9 48
9 56
9 67
9 68
10 22
10 25
10 40
10 51
10 53
10 59
10 65
10 69
11 17
11 20
11 24
11 34
11 58
11 64
12 14
12 15
12 19
12 27
12 33
12 37
12 56
13 16
13 21
13 24
13 47
13 58
13 64
13 67
13 68
14 19
14 20
14 27
14 56
14 61
14 67
14 68
15 17
15 30
15 31
15 46
15 48
15 61
16 21
16 24
16 28
16 44
16 62
16 64
16 66
17 31
17 42
17 46
17 48
17 56
17 61
18 29
18 37
18 38
18 40
18 49
18 59
18 63
18 69
19 27
19 31
19 33
19 52
19 56
19 60
19 68
20 35
20 43
20 44
20 51
20 65
21 23
21 24
21 28
21 47
21 64
21 67
22 23
22 25
22 28
22 53
22 60
22 65
22 66
23 41
23 50
23 53
23 57
23 58
23 66
24 27
24 41
24 47
24 67
24 68
25 44
25 53
25 59
25 65
25 66
25 69
26 32
26 34
26 35
26 38
26 39
26 40
26 45
26 51
27 30
27 42
27 47
27 67
27 68
28 32
28 44
28 51
28 62
28 64
29 33
29 37
29 49
29 56
29 63
30 31
30 41
30 48
30 50
30 52
30 54
30 55
30 57
30 61
31 43
31 48
31 54
31 61
32 34
32 35
32 44
32 51
32 52
32 62
32 65
33 37
33 56
33 63
34 35
34 38
34 39
34 44
34 51
34 69
35 38
35 44
35 51
35 59
35 62
36 55
37 46
37 56
37 63
38 39
38 42
38 45
38 46
39 45
39 46
39 63
40 49
40 59
40 63
40 65
40 69
41 50
41 52
41 54
41 57
41 58
41 66
42 52
43 69
44 51
44 62
44 64
45 46
45 52
47 57
47 67
47 68
48 50
48 54
48 57
48 60
48 61
49 59
49 63
49 65
49 69
50 54
50 57
50 58
50 61
50 67
51 62
51 64
52 56
52 59
52 64
53 58
53 64
53 66
54 57
54 58
54 61
54 68
57 58
58 66
59 65
59 69
62 64
63 69
65 69
67 68
