70 315
0 15 14 12 3 2 9 3 0 14 4 12 8 2 5 7 8 3 6 14 9 9 6 3 15 14 4 9 1 14 10 12 14 10 13 1 7 0 13 4 0 15 7 2 14 4 4 9 13 14 3 4 13 9 7 12 12 13 13 0 14 4 14 10 12 9 7 4 0 14 
0 15
0 18
0 19
0 22
0 40
0 43
0 44
0 50
0 63
0 69
1 5
1 6
1 8
1 9
1 16
1 30
1 54
1 56
1 59
1 62
1 68
2 3
2 10
2 13
2 17
2 24
2 31
2 49
2 55
2 58
3 13
3 23
3 24
3 31
3 35
3 49
3 55
3 58
4 17
4 20
4 23
4 24
4 26
4 28
4 32
4 42
4 60
5 6
5 9
5 15
5 16
5 30
5 61
5 62
5 63
6 9
6 27
6 30
6 40
6 43
6 61
6 62
6 63
7 17
7 23
7 28
7 34
7 44
7 55
7 60
7 64
7 65
8 15
8 21
8 38
8 43
8 50
8 53
8 67
8 69
9 16
9 30
9 50
9 56
9 62
9 63
10 27
10 48
10 49
10 52
10 55
10 58
10 61
10 64
11 24
11 26
11 35
11 37
11 39
11 41
11 46
11 47
11 66
12 14
12 20
12 25
12 26
12 29
12 32
12 36
12 42
12 45
12 59
12 66
13 24
13 28
13 31
13 35
13 47
13 49
13 55
14 16
14 25
14 26
14 30
14 36
14 46
14 56
14 59
15 18
15 38
15 43
15 50
15 67
15 69
16 30
16 36
16 56
16 59
16 67
17 23
17 28
17 33
17 34
17 60
17 64
17 65
18 19
18 22
18 43
18 44
18 61
18 64
18 69
19 22
19 27
19 34
19 43
19 44
19 64
19 69
20 25
20 26
20 28
20 32
20 42
20 47
20 57
20 60
21 38
21 39
21 41
21 46
21 53
21 54
21 59
21 66
21 67
22 29
22 34
22 44
22 48
22 64
22 65
22 69
23 28
23 32
23 34
23 60
23 65
24 31
24 35
24 37
24 47
24 51
24 57
25 26
25 36
25 41
25 42
25 56
25 59
25 68
26 32
26 36
26 40
26 42
27 45
27 48
27 52
27 58
27 61
27 62
27 63
28 32
28 60
28 65
29 31
29 32
29 33
29 45
29 66
30 38
30 56
30 59
31 35
31 37
31 47
31 55
31 60
32 35
32 42
32 60
33 38
33 55
33 57
33 68
34 44
34 57
34 58
34 64
34 65
35 37
35 47
35 66
36 39
36 42
36 56
36 59
37 39
37 41
37 42
37 47
37 66
38 43
38 46
38 50
38 53
38 67
39 41
39 46
39 53
39 66
39 67
39 68
40 43
40 65
41 46
41 47
41 53
41 66
42 60
43 50
43 57
43 69
44 52
44 64
44 65
46 53
46 66
46 67
47 54
47 66
48 49
48 52
48 58
48 61
48 62
48 63
49 52
49 55
49 58
49 65
50 53
50 67
50 69
52 55
52 58
52 61
52 63
53 56
53 67
54 57
54 59
55 58
56 59
57 60
57 68
60 68
61 62
61 63
62 63
62 69
64 65
68 69
