35 152
0 2 4 0 2 7 4 3 4 6 1 4 3 5 3 4 5 2 1 0 6 4 7 2 6 1 0 6 2 3 1 5 1 7 5 
0 3
0 6
0 8
0 14
0 19
0 24
0 27
0 29
0 34
1 2
1 5
1 7
1 8
1 12
1 15
1 23
1 24
1 31
1 33
2 8
2 11
2 12
2 20
2 22
2 29
2 30
3 6
3 9
3 16
3 32
3 33
3 34
4 11
4 12
4 17
4 21
4 23
4 25
4 26
4 30
4 31
4 32
5 7
5 8
5 9
5 11
5 12
5 15
5 23
5 24
5 27
5 31
5 33
5 34
6 7
6 8
6 12
6 19
6 20
6 24
6 30
6 34
7 8
7 10
7 12
7 15
7 23
7 24
7 30
7 31
7 33
8 12
8 15
8 18
8 21
8 23
8 24
8 28
8 31
8 32
8 33
9 19
9 21
9 25
10 17
10 19
10 22
10 23
10 31
10 33
11 16
11 20
11 30
12 15
12 23
12 24
12 26
12 29
12 31
12 32
12 33
13 14
13 18
13 26
13 28
13 29
13 32
14 18
14 26
14 28
14 31
15 16
15 21
15 23
15 24
15 26
15 30
15 31
15 33
16 19
16 20
16 30
17 25
17 26
18 21
18 27
18 29
19 21
20 29
20 30
21 23
21 25
22 24
22 26
22 34
23 24
23 31
23 33
24 27
24 28
24 31
24 33
25 27
25 30
25 33
27 28
28 32
29 32
29 34
30 34
31 33
32 34
