40 179
2 7 6 7 1 5 2 0 1 4 5 1 3 0 5 5 1 6 3 4 6 5 7 7 1 1 5 2 0 1 6 4 6 4 7 7 6 7 4 7 
0 2
0 3
0 4
0 12
0 15
0 16
0 30
0 31
0 34
0 35
1 2
1 16
1 17
1 24
1 25
1 26
1 27
1 28
1 30
1 33
1 38
2 6
2 10
2 16
2 17
2 27
2 30
2 33
2 35
2 36
2 38
3 6
3 11
3 13
3 14
3 21
3 22
3 28
3 32
4 7
4 9
4 11
4 12
4 15
4 16
4 19
4 25
4 30
4 34
4 35
5 13
5 16
5 17
5 25
5 28
5 38
6 8
6 13
6 14
6 18
6 20
6 22
6 24
6 31
7 9
7 13
7 19
7 39
8 12
8 18
8 19
8 20
8 22
8 24
8 29
8 33
8 34
9 10
9 21
9 24
9 25
9 27
10 15
10 16
10 22
10 38
11 13
11 14
11 21
11 22
11 26
11 28
11 32
12 15
12 18
12 19
12 23
12 24
12 28
12 34
13 14
13 20
13 22
13 24
13 30
13 31
13 32
13 36
13 39
14 20
14 21
14 22
14 32
14 35
15 17
15 18
15 19
15 30
15 32
15 34
15 35
16 22
16 27
16 29
16 30
16 33
16 35
17 33
17 35
17 37
18 19
18 20
18 24
18 34
18 38
19 20
19 24
19 26
19 34
20 22
20 24
20 27
20 29
21 26
21 28
21 32
21 33
21 34
21 38
22 23
22 24
23 25
24 37
25 29
25 30
25 31
25 38
26 27
26 28
26 32
26 33
26 37
26 38
27 30
27 33
27 35
27 38
28 32
28 33
28 37
28 38
29 32
30 35
32 36
32 38
33 38
34 35
36 37
37 39
