50 218
4 5 7 6 2 7 6 3 1 0 3 7 6 2 2 3 7 2 2 5 2 7 1 2 3 0 0 1 4 0 4 1 4 0 5 3 0 1 1 7 1 0 0 2 4 4 6 0 5 1 
0 8
0 9
0 28
0 33
1 11
1 14
1 15
1 22
1 23
1 33
1 38
1 39
1 43
1 44
1 49
2 12
2 18
2 19
2 38
2 46
2 48
3 4
3 5
3 14
3 15
3 23
3 25
3 32
3 33
3 38
3 44
3 45
3 47
3 48
4 14
4 15
4 20
4 22
4 24
4 25
4 29
4 37
4 38
4 44
4 45
4 48
4 49
5 7
5 21
5 24
5 26
5 27
5 30
5 32
5 39
5 41
5 49
6 11
6 13
6 17
6 23
6 26
6 27
7 10
7 21
7 24
7 36
8 18
8 19
8 21
8 23
8 32
8 38
8 48
9 11
9 29
9 32
9 36
9 38
9 40
9 42
9 44
10 12
10 17
10 21
10 27
10 30
10 35
10 44
11 24
11 25
11 28
11 37
11 41
11 46
12 16
12 18
12 21
12 33
12 43
12 47
13 32
13 43
14 15
14 20
14 22
14 23
14 24
14 45
14 48
14 49
15 22
15 23
15 33
15 44
15 46
15 47
15 48
16 25
16 30
16 32
16 36
16 37
16 40
17 21
17 26
17 30
17 32
17 33
17 35
17 37
17 42
17 45
18 26
18 31
18 41
18 46
19 35
19 43
21 30
21 44
22 38
22 40
22 42
22 43
22 44
22 45
22 47
22 49
23 29
23 33
23 35
23 43
23 44
23 46
23 48
23 49
24 33
24 36
24 42
24 46
25 36
25 38
25 39
25 45
26 39
26 42
26 44
27 29
27 30
27 35
27 38
27 40
27 41
27 46
28 37
28 38
28 39
28 40
28 42
29 37
30 35
30 36
30 46
31 35
31 37
31 38
31 45
31 47
32 34
32 36
32 42
33 38
33 39
33 43
33 44
33 45
33 48
34 45
35 38
36 37
36 39
37 40
38 41
38 43
38 44
38 45
38 49
39 46
41 47
41 49
43 44
43 45
43 48
43 49
45 48
45 49
48 49
