80 238
11 9 0 12 11 2 3 10 7 2 7 2 3 1 11 13 13 3 9 1 5 15 14 3 4 1 11 11 2 13 10 8 11 7 8 15 0 9 13 5 7 0 5 2 0 15 3 6 0 15 10 9 13 11 11 6 6 3 7 3 9 2 11 7 5 2 12 7 8 14 10 2 7 4 9 4 2 7 10 9 
0 7
0 18
0 49
0 59
1 44
1 49
1 52
1 54
1 55
1 57
1 78
2 15
2 21
2 27
2 32
2 35
2 59
2 62
2 64
3 25
3 46
3 64
3 68
3 69
3 75
4 5
4 8
4 18
4 34
4 43
4 64
4 72
4 75
5 9
5 18
5 33
5 72
5 75
5 77
6 9
6 13
6 30
6 33
6 36
6 40
6 51
6 56
6 58
6 75
7 14
7 17
7 20
7 23
7 48
7 50
7 65
8 13
8 41
8 58
9 29
9 33
9 36
9 56
9 75
10 12
11 36
11 54
11 60
11 68
12 15
12 38
12 56
13 26
13 30
13 43
13 60
13 68
13 77
14 17
14 19
14 20
14 23
14 69
15 20
15 22
15 29
15 41
15 65
16 21
16 26
16 38
16 57
16 62
16 63
16 64
17 19
17 20
17 23
17 48
18 25
18 33
18 34
18 46
18 52
18 72
18 75
19 20
19 21
19 27
19 69
19 71
20 21
20 69
21 27
21 35
21 50
21 69
21 71
22 37
22 44
22 59
22 72
23 31
23 37
23 48
23 60
23 65
24 50
24 53
24 77
26 28
26 31
26 38
26 39
26 44
26 52
26 67
27 32
27 35
27 37
27 69
28 31
28 41
28 47
28 70
29 43
30 69
30 74
31 48
31 49
31 55
31 57
31 65
32 34
32 35
32 51
32 62
32 64
33 41
33 56
33 63
33 75
34 62
34 64
34 72
35 62
35 69
36 56
36 58
36 73
36 79
37 59
37 68
38 62
41 45
42 52
42 61
42 62
43 50
43 67
44 54
44 68
44 70
44 78
44 79
45 55
46 53
47 70
48 55
48 65
49 54
49 55
49 57
49 78
50 69
50 75
51 60
51 61
52 61
52 67
52 76
53 73
53 74
54 57
54 63
54 70
54 78
55 57
55 65
56 58
56 73
57 65
57 77
58 59
58 68
58 73
58 79
59 69
60 68
61 71
62 64
62 72
64 72
66 77
67 75
68 70
68 73
68 78
68 79
69 77
70 71
70 73
70 74
70 78
70 79
71 75
73 79
74 76
