100 486
4 7 31 14 14 21 4 6 7 2 6 20 6 17 14 5 20 24 21 26 7 17 1 6 9 24 9 1 15 17 14 5 23 3 13 22 8 6 9 2 7 15 1 2 21 31 7 18 19 13 14 9 3 11 31 14 20 9 2 20 2 28 23 30 31 23 20 3 25 2 15 11 4 5 12 3 13 5 9 7 30 14 9 2 23 4 28 14 6 9 8 10 14 7 17 12 0 11 16 2 
0 18
0 37
0 41
0 48
0 59
0 63
0 77
0 81
0 94
0 96
1 23
1 36
1 66
1 78
2 11
2 16
2 24
2 32
2 33
2 46
2 51
2 55
2 71
2 72
2 96
3 6
3 27
3 41
3 43
3 51
3 64
3 65
3 74
3 83
3 93
3 96
3 99
4 9
4 13
4 25
4 28
4 31
4 36
4 48
4 61
4 97
5 8
5 43
5 46
5 87
5 95
5 98
6 7
6 10
6 26
6 33
6 34
6 40
6 55
6 58
6 61
6 63
6 64
6 68
6 76
6 85
6 91
6 99
7 8
7 32
7 33
7 35
7 40
7 59
7 66
7 74
7 75
7 86
8 44
8 54
8 65
8 77
8 80
8 96
9 26
9 31
9 37
9 43
9 73
9 75
9 78
9 90
9 93
9 95
10 30
10 33
10 44
10 50
10 81
11 18
11 21
11 27
11 32
11 38
11 51
11 61
11 68
11 72
11 88
11 90
12 21
12 40
12 41
12 43
12 50
12 60
12 67
12 69
12 70
12 77
12 86
12 93
13 15
13 29
13 41
13 60
13 65
13 71
13 85
13 88
13 89
14 23
14 49
14 54
14 78
14 98
15 23
15 44
15 77
15 79
15 89
16 18
16 20
16 30
16 34
16 39
16 50
16 51
16 54
16 71
16 73
16 76
16 92
17 24
17 25
17 41
17 54
17 57
17 59
17 67
17 90
17 94
18 27
18 29
18 55
18 61
18 72
18 75
18 84
18 86
19 24
19 30
19 36
19 48
19 51
19 69
19 72
19 94
20 52
20 58
20 59
20 63
20 97
21 35
21 47
21 53
21 97
21 99
22 25
22 27
22 40
22 59
22 60
22 67
22 69
22 88
22 92
23 54
23 59
23 72
23 75
23 83
23 87
23 96
23 99
24 37
24 49
24 71
24 74
25 28
25 29
25 32
25 34
25 60
25 66
25 71
25 87
25 94
26 35
26 46
26 59
26 62
26 69
26 72
26 87
26 93
26 98
27 33
27 35
27 40
27 43
27 60
27 63
27 79
28 34
28 38
28 42
28 43
28 57
28 59
28 60
28 62
28 78
28 90
28 98
29 34
29 54
29 64
29 84
30 34
30 38
30 41
30 51
30 57
30 68
31 49
31 55
31 69
31 74
31 76
31 96
32 58
32 59
32 64
32 79
33 34
33 41
33 44
33 46
33 71
33 73
33 82
33 90
33 92
34 38
34 41
34 43
34 53
34 66
34 73
34 84
34 87
34 95
35 39
35 40
35 64
35 87
35 90
35 99
36 42
36 47
36 73
36 77
36 91
37 40
37 64
37 78
38 44
38 72
38 83
38 94
38 97
39 40
39 45
39 54
39 57
39 62
39 79
39 86
40 44
40 52
40 60
40 65
40 75
40 79
40 93
41 60
41 63
41 75
41 88
41 89
41 91
42 45
42 51
42 56
42 93
42 96
42 98
43 44
43 62
43 68
43 83
44 62
44 79
44 96
45 86
45 91
46 57
46 77
46 82
46 91
46 92
47 49
47 55
47 60
48 50
48 59
48 69
48 79
49 66
49 67
49 77
49 91
50 51
50 54
50 61
50 62
50 80
50 89
50 96
50 97
50 98
51 53
51 68
51 75
51 81
51 91
52 70
52 79
52 83
52 87
53 60
53 67
53 69
53 80
53 81
53 89
53 90
53 95
53 96
54 63
54 69
54 80
54 88
54 96
55 59
55 69
55 72
55 92
56 57
56 58
56 64
56 66
56 77
57 60
57 66
57 72
57 98
58 59
58 81
58 92
59 71
59 74
59 78
60 73
60 96
60 97
61 91
61 96
61 97
62 70
62 73
62 78
62 87
62 89
63 65
63 69
63 90
63 98
64 65
64 66
64 69
64 90
64 97
65 71
65 82
65 97
66 67
66 79
66 97
67 71
67 75
67 77
67 96
67 97
68 97
70 75
70 79
71 83
71 91
71 99
72 85
73 79
73 91
73 95
74 91
74 92
75 81
75 87
75 89
75 93
75 95
76 78
76 80
76 81
76 92
77 80
77 94
77 99
78 86
78 88
78 95
79 81
79 96
79 99
80 83
81 88
82 96
83 88
84 86
84 88
85 89
85 97
86 89
86 92
87 94
89 92
89 96
89 97
89 99
91 94
92 99
93 98
94 97
95 99
96 98
