70 313
0 8 2 6 4 2 14 12 12 8 10 6 4 11 1 14 13 3 7 4 5 4 2 8 11 6 14 12 2 13 2 1 6 6 3 10 0 0 14 14 13 13 2 3 11 2 13 5 1 4 14 12 4 5 12 14 3 1 2 11 8 1 1 7 5 0 3 6 1 15 
0 4
0 11
0 14
0 34
0 45
0 58
0 61
1 33
1 51
1 54
1 69
2 11
2 23
2 31
2 37
2 43
2 45
2 47
2 57
2 60
2 61
2 65
3 6
3 9
3 26
3 28
3 42
3 43
3 50
3 56
3 59
3 60
3 68
4 12
4 14
4 19
4 21
4 39
4 41
4 50
4 51
4 58
4 66
5 24
5 26
5 56
6 9
6 13
6 26
6 32
6 42
6 45
6 57
6 60
6 67
6 68
7 15
7 16
7 17
7 30
7 34
7 36
7 38
7 48
7 51
7 63
8 9
8 10
8 18
8 25
8 27
8 33
8 37
8 43
8 44
8 49
8 51
8 57
8 61
9 13
9 15
9 26
9 36
9 42
9 52
9 67
10 18
10 33
10 37
10 40
10 49
10 55
10 56
10 57
10 62
10 67
11 22
11 23
11 31
11 43
11 47
11 53
11 54
11 59
11 61
12 14
12 19
12 21
12 39
12 50
12 53
12 59
12 66
13 15
13 17
13 26
13 29
13 36
13 42
13 49
13 67
14 23
14 29
14 39
14 50
14 59
14 60
14 66
14 68
15 16
15 17
15 18
15 29
15 34
15 36
15 45
15 46
15 67
16 17
16 30
16 34
16 35
16 36
16 40
16 48
16 55
16 67
17 20
17 30
17 34
17 36
17 62
17 67
18 22
18 33
18 40
18 41
18 49
18 62
18 63
19 21
19 25
19 39
19 40
19 41
19 48
19 63
19 66
20 23
20 24
20 29
20 45
20 58
21 25
21 30
21 39
21 40
21 41
21 62
21 63
22 29
22 34
22 36
22 45
22 47
22 55
22 63
23 31
23 38
23 47
23 53
23 54
23 58
24 29
24 42
24 49
24 59
24 60
25 29
25 31
25 48
25 51
26 27
26 36
26 37
26 42
26 46
26 60
26 67
27 37
27 60
27 63
28 44
28 46
29 35
29 37
29 47
29 59
30 34
30 38
30 48
30 53
30 58
31 43
31 47
31 54
31 57
31 61
31 68
33 36
33 37
33 40
33 49
33 62
33 63
34 38
34 41
34 48
34 52
34 58
35 51
35 54
35 63
35 69
36 67
37 43
37 49
37 57
37 61
38 39
38 44
38 48
38 53
38 54
38 58
39 41
39 63
39 66
40 41
40 62
40 63
41 62
41 63
42 59
42 60
42 61
42 68
43 44
43 47
43 57
43 61
43 65
44 52
44 66
45 62
45 67
46 53
47 50
47 53
47 54
47 58
48 53
48 54
48 58
48 64
49 57
49 61
49 62
50 59
50 60
50 66
50 68
51 56
51 62
51 64
52 56
52 68
53 54
53 58
54 58
54 66
55 58
55 61
56 63
57 61
58 64
59 60
59 66
59 68
60 68
62 63
64 69
66 68
