100 288
5 9 22 18 31 20 4 18 4 8 10 22 4 24 21 24 25 28 12 28 10 12 10 9 8 30 19 25 30 12 18 17 11 2 0 29 9 19 29 22 0 29 12 15 25 5 2 12 25 26 9 16 6 24 1 17 15 27 1 19 3 9 15 5 22 26 20 23 9 5 19 19 21 17 15 2 6 11 13 30 8 7 12 14 24 1 1 13 9 8 21 31 17 10 5 12 6 25 22 3 
0 10
0 36
0 43
0 58
0 94
1 35
1 58
1 81
2 23
2 27
2 51
2 55
2 57
2 65
2 69
2 70
2 93
3 10
3 56
3 57
3 81
3 99
4 6
4 36
4 45
4 47
4 50
4 61
4 63
4 67
4 76
4 79
4 99
5 36
5 39
5 52
6 14
6 15
6 33
6 46
6 52
6 54
6 58
6 64
6 80
7 29
7 55
8 25
8 75
8 88
9 20
9 37
9 55
10 11
10 16
10 19
10 25
10 35
10 57
10 75
10 89
11 36
11 65
12 15
12 22
12 26
12 77
12 88
12 95
13 33
13 48
13 72
14 30
14 58
14 87
15 95
16 27
16 32
16 46
16 50
17 22
17 34
17 80
17 84
17 96
17 97
18 37
18 56
18 64
18 70
18 93
19 22
19 59
19 74
20 21
20 26
20 50
20 57
20 91
21 30
21 38
21 41
21 72
21 76
21 98
22 73
23 68
23 80
23 84
23 91
24 51
24 70
24 72
24 87
25 52
25 54
25 90
26 35
26 48
26 56
26 63
26 87
26 95
26 97
27 34
27 39
27 45
27 52
27 59
27 78
27 90
27 92
28 35
28 44
28 62
28 69
28 80
28 88
28 92
28 94
29 30
29 58
29 61
29 76
29 99
30 69
30 77
30 87
31 35
31 37
31 53
31 57
32 50
32 56
32 64
33 35
33 86
33 87
33 96
34 46
34 51
34 58
34 93
34 96
36 39
36 47
36 50
36 53
36 71
36 75
36 90
37 39
37 52
37 61
37 75
37 90
38 41
38 64
39 46
39 52
39 55
39 70
39 86
39 97
40 78
40 86
40 89
40 90
41 48
41 53
41 59
41 60
41 74
41 89
42 83
43 55
44 59
44 77
44 94
45 61
45 75
45 91
46 85
47 71
48 49
48 56
48 72
49 57
49 62
49 75
49 91
50 63
50 73
51 56
52 66
53 96
54 79
54 86
55 65
55 78
55 88
56 81
56 95
56 98
58 77
58 85
58 87
58 99
59 66
59 73
59 74
60 64
60 83
60 91
61 65
61 70
61 73
61 81
61 94
61 96
62 71
62 76
63 71
63 96
65 69
65 72
65 97
68 82
68 90
68 94
69 73
69 93
69 94
70 92
70 98
71 93
71 99
72 80
72 96
73 80
73 88
74 76
74 83
74 90
75 86
77 80
77 88
77 91
79 87
79 88
80 86
81 85
81 95
81 98
82 84
82 94
83 88
84 90
85 88
85 90
85 91
88 94
89 98
91 92
93 96
94 98
95 97
96 98
