90 211
15 7 7 7 15 6 0 13 12 14 11 8 15 0 3 0 13 7 9 2 10 3 9 10 10 15 13 14 14 15 9 4 15 8 3 9 5 1 9 0 6 1 13 12 8 8 15 13 15 0 15 9 2 4 3 13 15 1 11 6 13 13 2 12 3 8 6 12 8 9 5 11 0 8 8 10 13 5 11 7 12 4 0 5 4 15 2 10 10 14 
0 5
0 13
0 16
0 81
1 21
1 33
1 44
1 55
1 64
1 77
2 5
2 46
3 27
3 41
3 55
3 56
4 6
4 14
4 25
4 52
4 55
4 86
4 89
5 31
5 45
5 81
6 23
6 24
6 53
6 74
6 78
7 32
7 59
7 73
7 85
8 66
8 67
8 76
8 79
8 81
9 40
9 47
9 74
9 83
10 15
10 32
10 34
10 46
10 57
10 83
10 88
11 13
11 33
11 66
11 78
11 81
12 29
12 47
12 51
12 72
13 66
14 19
14 35
14 46
14 49
14 78
15 49
16 28
16 63
16 66
16 74
17 52
17 64
18 20
18 25
18 76
19 67
20 22
20 32
20 38
20 58
21 22
21 31
21 35
21 49
21 66
22 27
22 36
22 43
22 48
22 77
22 88
23 25
23 38
23 53
24 30
24 65
24 85
25 37
25 42
25 48
25 56
25 58
25 82
25 84
25 85
26 35
26 49
26 55
27 34
27 36
27 43
27 58
27 69
27 71
28 52
28 57
29 54
29 68
29 79
29 89
30 65
30 85
31 34
31 36
31 48
31 63
31 84
31 85
31 88
32 78
32 81
32 88
33 49
33 62
34 73
35 65
35 75
35 84
36 62
36 81
37 69
37 71
37 77
38 76
39 46
39 48
39 63
39 82
40 56
40 83
41 55
41 74
42 68
42 72
42 85
43 58
43 65
43 75
44 57
44 64
44 79
45 62
45 66
45 83
46 59
46 67
47 50
47 53
47 66
47 72
49 67
50 56
50 72
51 60
51 69
52 58
52 77
53 55
53 81
54 57
54 66
55 61
55 67
55 74
57 87
58 65
58 66
59 67
60 81
60 89
62 63
63 83
64 83
64 86
68 77
69 87
70 76
70 79
70 81
72 76
72 88
74 85
74 89
75 85
76 89
80 86
82 84
83 86
85 87
85 89
