40 274
4 0 4 1 4 0 7 7 3 7 2 2 2 5 0 4 4 5 4 2 6 7 5 0 1 5 5 6 2 3 6 2 1 2 3 7 7 7 6 0 
0 2
0 5
0 10
0 12
0 13
0 16
0 19
0 20
0 23
0 24
0 26
0 27
0 28
0 32
0 34
0 35
0 37
1 2
1 5
1 6
1 8
1 9
1 10
1 11
1 13
1 16
1 21
1 24
1 26
1 27
1 28
1 31
1 36
1 38
2 4
2 7
2 11
2 13
2 15
2 21
2 23
2 25
2 33
2 36
3 4
3 6
3 8
3 18
3 19
3 25
3 26
3 27
3 30
4 10
4 14
4 16
4 28
4 31
4 33
4 35
5 6
5 7
5 8
5 11
5 12
5 15
5 20
5 21
5 22
5 23
5 28
5 31
5 32
5 34
5 38
6 7
6 8
6 10
6 11
6 12
6 13
6 18
6 23
6 26
6 27
6 28
6 31
6 33
6 34
6 36
6 37
6 39
7 11
7 20
7 22
7 24
7 26
7 28
7 30
7 31
7 32
7 33
7 35
7 38
8 9
8 13
8 14
8 17
8 18
8 22
8 27
8 31
8 32
9 10
9 13
9 29
9 39
10 21
10 22
10 23
10 26
10 27
10 29
10 32
10 33
10 37
11 14
11 17
11 19
11 21
11 23
11 25
11 32
11 35
11 37
11 38
12 15
12 17
12 18
12 21
12 22
12 23
12 30
12 35
12 36
13 14
13 25
13 26
13 27
13 32
14 15
14 16
14 22
14 24
14 31
15 16
15 18
15 20
15 21
15 25
15 27
15 30
15 32
15 35
16 17
16 26
16 28
16 31
16 32
16 34
16 38
17 20
17 27
17 28
17 32
17 33
17 34
17 38
18 20
18 21
18 22
18 26
18 28
18 29
18 33
18 36
19 22
19 23
19 27
19 33
19 37
19 38
20 21
20 22
20 26
20 31
20 33
20 35
20 39
21 22
21 23
21 26
21 27
21 28
21 32
21 33
21 39
22 24
22 28
22 31
22 37
23 25
23 27
23 30
23 32
23 33
23 37
23 38
23 39
24 25
24 26
24 27
24 29
24 30
24 31
24 36
24 37
24 39
25 26
25 30
25 31
25 32
25 33
25 34
25 36
25 37
26 27
26 28
26 37
26 39
27 31
27 33
27 35
27 36
28 29
28 31
28 33
28 37
28 39
29 31
29 34
29 37
30 34
30 35
30 36
30 37
30 39
31 33
31 34
31 36
31 38
32 34
32 35
32 37
32 38
33 39
34 36
34 37
35 38
35 39
36 38
37 38
37 39
38 39
