70 307
1 15 3 14 11 5 11 15 6 14 13 15 10 10 2 7 0 2 12 3 2 13 0 7 6 5 2 6 7 11 4 5 7 5 6 5 2 7 3 6 5 11 2 6 2 11 1 5 3 3 8 9 2 11 7 8 1 8 8 0 9 4 9 1 0 12 15 12 10 14 
0 1
0 7
0 12
0 14
0 16
0 19
0 25
0 28
0 29
0 30
0 34
0 38
0 39
0 56
0 65
1 41
1 44
1 48
1 49
1 58
2 11
2 24
2 25
2 28
2 29
2 37
2 40
2 45
2 49
2 52
2 59
3 14
3 23
3 27
3 29
3 33
3 43
3 49
3 50
3 51
3 54
3 60
3 61
3 63
3 68
4 5
4 10
4 32
4 33
4 38
4 40
4 61
4 62
4 65
5 35
5 54
5 57
6 7
6 19
6 26
6 27
7 9
7 11
7 21
7 23
7 29
7 47
7 49
8 20
8 22
8 24
8 32
8 34
8 36
8 45
8 51
8 57
9 10
9 20
9 47
9 55
10 11
10 30
10 37
11 28
11 34
11 36
11 43
11 46
11 52
11 67
12 19
12 24
12 29
12 31
12 37
12 39
12 46
12 53
12 56
12 62
12 65
12 68
13 36
13 43
13 51
13 56
14 27
14 43
14 44
14 45
14 50
14 51
14 53
14 54
14 60
14 63
14 68
15 21
15 36
15 39
15 42
15 47
15 57
16 17
16 19
16 39
16 46
17 33
17 38
17 45
17 49
17 52
18 27
18 34
18 35
18 47
19 29
19 37
19 43
19 49
19 53
19 58
19 60
19 63
19 65
20 21
20 27
20 32
20 43
20 61
21 35
21 50
21 51
21 52
21 54
21 62
21 66
22 28
22 35
22 59
23 31
23 40
23 56
23 59
23 61
24 26
24 30
24 37
24 42
24 44
24 55
24 59
25 28
25 39
25 46
25 53
25 54
25 56
25 61
25 63
25 68
26 35
26 46
26 51
26 63
26 64
27 33
27 37
27 39
27 43
27 53
27 54
27 60
27 66
27 68
28 29
28 39
28 41
28 43
28 54
28 56
28 58
28 61
28 63
29 37
29 39
29 48
29 49
29 50
29 56
29 65
30 36
30 44
30 47
30 55
30 57
31 42
31 45
31 55
31 62
32 36
32 49
32 56
33 38
33 44
33 59
33 64
34 35
34 47
34 51
34 54
34 57
35 40
35 50
35 52
35 57
36 47
36 67
37 43
37 53
37 60
37 61
37 65
38 40
38 44
38 52
38 69
39 56
39 61
39 65
40 41
40 55
40 61
41 46
41 57
41 66
41 68
42 54
43 46
43 53
43 60
43 65
44 47
44 48
44 52
44 59
44 65
44 67
44 68
45 60
46 48
46 56
46 59
47 51
47 62
48 50
48 66
48 67
49 56
49 58
49 64
49 69
50 69
51 58
51 69
53 60
53 65
54 61
54 62
54 63
54 65
54 68
54 69
55 57
56 60
56 61
56 63
57 69
58 62
59 69
60 68
61 63
61 68
62 65
63 68
64 67
