50 86
7 5 4 2 7 7 4 4 1 0 4 5 0 2 6 7 5 5 6 5 2 2 3 5 5 0 1 6 6 2 7 0 3 1 4 2 7 0 4 4 2 5 0 7 3 4 6 7 2 3 
0 29
0 33
1 6
2 13
2 19
2 22
2 32
3 12
3 43
3 47
4 12
4 16
4 30
4 32
4 43
4 44
5 6
5 8
5 11
5 13
5 16
5 38
5 49
6 13
6 40
6 41
6 45
7 13
7 35
8 42
9 15
9 26
10 11
10 22
10 23
11 47
12 16
12 28
12 34
12 41
13 16
13 19
13 35
13 44
14 16
14 39
14 44
15 18
15 36
15 38
15 42
15 49
16 18
16 19
16 25
16 30
16 34
16 38
16 49
17 47
18 19
18 45
19 38
20 27
20 33
21 40
21 42
23 35
24 27
24 32
24 40
24 48
27 37
28 37
28 40
30 32
30 33
30 34
31 47
33 43
33 47
34 47
37 43
38 48
39 42
42 46
