100 108
24 5 11 23 27 4 18 5 19 0 9 17 28 0 8 22 6 25 18 22 3 17 27 13 27 30 24 13 4 19 11 13 3 22 12 27 4 9 15 19 1 7 12 18 4 9 15 21 20 11 26 3 6 8 4 31 24 25 31 4 23 29 3 20 18 15 22 19 1 21 4 21 12 12 15 19 2 11 30 25 24 27 19 10 24 6 19 19 1 16 27 30 19 17 15 29 17 17 10 9 
0 8
0 52
1 70
1 80
1 90
2 62
2 99
3 41
4 84
5 20
5 90
6 10
6 22
6 46
7 36
8 17
8 94
9 42
9 94
10 62
11 82
11 83
12 37
13 17
13 77
14 61
15 41
15 67
16 20
16 50
18 88
19 60
21 31
23 76
23 94
24 56
25 35
25 77
26 27
26 97
27 70
27 93
28 89
28 93
28 98
29 34
29 44
29 54
29 69
29 74
29 87
29 88
30 36
30 46
31 56
31 67
31 78
32 41
32 84
32 94
33 44
34 58
35 46
35 61
35 94
37 49
37 86
37 88
38 82
39 78
40 47
40 68
41 90
41 96
42 73
43 54
44 93
45 46
46 69
47 87
48 98
51 55
51 73
53 72
54 75
55 69
55 89
57 94
59 96
60 86
62 63
63 81
64 71
64 83
64 91
65 76
66 90
67 83
72 78
72 90
79 84
79 89
81 90
84 99
85 90
86 92
86 95
94 98
