50 235
3 4 3 1 6 3 4 3 4 1 6 4 2 4 5 6 3 5 5 0 6 5 6 3 7 1 3 1 4 0 0 3 0 3 5 5 5 4 1 5 7 6 7 6 1 3 4 4 6 1 
0 15
0 25
0 29
0 33
0 34
0 42
0 43
0 48
1 2
1 17
1 38
1 48
2 5
2 13
2 14
2 16
2 18
2 20
2 22
2 24
2 35
2 39
2 41
2 47
2 48
3 8
3 9
3 17
3 22
3 25
3 30
3 31
3 41
3 47
3 48
4 7
4 14
4 20
4 27
4 44
5 6
5 10
5 17
5 22
5 26
5 31
5 34
5 36
5 40
5 41
5 44
5 46
6 8
6 16
6 23
6 30
6 31
6 35
6 40
6 45
6 48
7 15
7 31
7 34
7 36
7 38
7 42
7 49
8 14
8 21
8 22
8 24
8 25
8 32
8 36
8 45
9 11
9 17
9 24
9 42
10 15
10 31
10 35
10 45
10 46
11 26
11 29
11 30
11 31
11 41
11 43
12 20
12 27
12 33
12 40
12 43
12 47
13 16
13 19
13 22
13 23
13 36
13 40
13 43
13 49
14 24
14 25
14 35
14 39
14 46
15 18
15 19
15 20
15 21
15 23
15 26
15 35
15 39
15 42
15 49
16 28
16 33
16 40
16 45
17 22
17 25
17 28
17 31
17 33
17 35
17 36
17 39
17 44
17 46
18 26
18 32
18 45
19 20
19 24
19 25
19 27
19 33
19 38
19 40
19 47
20 25
20 27
20 29
20 34
20 36
20 39
20 43
21 29
21 30
21 31
21 39
21 41
21 44
21 45
21 47
21 48
21 49
22 23
22 35
22 40
22 49
23 30
23 33
23 35
24 25
24 28
24 35
24 37
24 47
24 48
24 49
25 29
25 30
25 37
25 38
25 39
25 41
25 46
25 49
26 35
26 38
26 45
27 46
27 47
28 30
28 34
28 37
28 39
28 48
29 35
29 37
29 42
30 32
30 34
30 38
31 35
31 41
31 42
31 48
32 39
32 45
32 47
33 37
33 40
33 43
33 44
33 47
35 40
35 42
36 37
36 49
37 38
37 44
38 39
38 46
38 47
39 42
39 44
39 45
39 48
40 45
40 48
41 42
41 44
42 44
42 48
43 45
43 48
44 48
45 48
