100 296
11 5 0 28 26 6 23 16 31 5 29 9 10 7 16 15 26 19 22 4 27 7 2 18 24 23 29 12 27 31 6 16 7 8 0 10 31 6 19 18 19 15 21 7 11 22 2 3 4 3 17 13 20 13 31 3 5 2 11 19 17 30 6 16 10 13 17 25 11 1 6 24 9 1 19 30 27 19 4 8 5 14 28 10 12 10 18 25 29 21 14 31 7 19 12 19 29 31 2 20 
0 9
0 95
1 33
1 37
1 65
1 89
1 94
2 26
2 40
2 42
3 24
3 46
3 47
3 84
3 98
4 5
4 12
4 13
4 31
4 54
4 63
4 65
4 66
4 74
4 83
5 13
5 18
5 55
5 60
5 69
5 92
6 27
6 39
6 49
7 37
7 44
7 50
7 52
7 54
7 63
7 65
8 11
8 22
8 35
8 73
8 98
9 15
9 26
9 31
9 48
9 58
9 94
10 20
10 41
10 69
10 72
10 86
11 22
11 36
11 68
11 75
11 88
11 89
11 90
11 99
12 38
12 45
12 56
12 72
12 73
12 76
13 15
13 34
13 42
13 61
13 66
13 67
13 82
13 83
14 20
14 38
14 47
14 51
14 64
14 87
14 98
15 34
15 61
15 68
15 89
15 99
16 22
16 43
16 50
16 51
16 73
17 21
17 62
17 75
17 78
18 21
18 96
19 45
20 44
20 50
20 64
20 69
20 79
20 97
20 98
21 22
21 27
21 36
21 38
21 47
21 76
21 87
21 88
21 90
22 24
22 36
22 51
22 56
22 87
22 88
22 99
23 28
23 35
23 71
23 94
24 50
24 58
25 27
25 39
25 53
25 83
25 96
26 27
26 41
26 56
26 86
27 46
27 77
28 49
28 75
28 76
28 92
29 42
29 51
29 73
29 81
29 85
29 91
30 31
30 71
30 86
31 67
31 84
32 33
32 57
32 85
32 94
33 34
33 43
33 57
33 81
33 92
34 61
34 66
34 68
34 89
34 91
35 53
35 77
35 98
36 47
36 87
36 88
37 44
37 50
37 63
37 65
37 79
37 80
37 94
37 96
38 43
38 47
38 56
38 64
38 77
38 78
38 87
38 98
39 49
39 64
39 73
39 91
40 43
40 55
40 69
40 75
40 82
40 94
41 61
41 85
42 84
42 87
43 59
43 64
43 66
43 69
44 50
44 64
44 79
44 91
45 52
45 63
46 47
46 54
46 55
46 93
47 70
47 87
47 98
48 83
49 72
49 77
49 91
49 94
50 62
50 63
50 79
51 67
52 56
52 59
52 70
52 78
52 85
54 63
54 65
54 66
54 83
55 76
55 91
56 60
56 69
57 58
57 61
57 77
57 92
58 93
58 98
59 64
60 72
60 94
60 98
61 66
61 83
61 89
61 96
63 65
63 91
63 93
64 74
64 79
64 98
65 83
66 71
66 83
67 71
68 88
68 89
68 95
68 99
70 87
71 95
72 84
73 83
73 85
73 90
75 82
75 84
76 81
76 87
77 81
77 97
79 98
80 87
81 84
81 90
82 96
83 84
88 99
89 99
92 95
