60 102
10 2 5 4 11 14 7 13 2 8 4 1 9 8 14 15 4 7 3 11 3 10 7 9 9 11 5 15 0 7 13 12 9 3 4 0 6 2 7 12 12 15 5 6 13 2 1 8 14 8 15 11 7 3 0 11 4 13 9 12 
0 2
0 14
0 34
0 54
0 55
1 2
1 14
1 24
2 8
2 12
2 38
2 58
3 14
3 22
3 38
3 51
4 5
4 32
4 39
4 45
5 13
6 11
7 8
7 37
7 38
7 47
8 14
8 36
8 37
9 22
9 38
9 44
10 31
10 33
10 58
11 30
11 32
11 34
11 50
11 54
12 32
12 49
13 31
14 28
14 48
14 57
14 59
15 24
15 51
15 59
16 31
17 22
17 37
17 52
17 56
17 59
18 34
19 57
20 41
20 59
21 40
21 41
21 48
22 43
22 51
23 41
23 53
24 55
24 59
25 31
25 40
26 35
26 59
27 33
27 38
27 42
27 58
28 57
29 31
29 32
29 46
30 31
31 34
32 53
33 47
34 47
34 58
36 55
38 44
39 43
39 47
41 44
41 50
41 57
41 58
42 46
43 45
44 50
44 51
45 49
49 50
54 59
