90 270
11 15 11 5 7 8 6 1 15 7 12 1 7 12 9 10 3 0 11 3 10 13 12 15 2 6 10 3 9 12 9 3 2 9 11 3 6 6 6 1 4 6 15 8 4 14 5 14 15 9 15 2 12 2 11 9 8 6 7 8 5 5 7 1 7 0 10 2 11 4 14 8 2 0 12 15 9 15 15 1 8 0 3 9 0 8 10 14 6 1 
0 11
0 22
0 28
0 29
0 33
0 57
0 61
0 69
0 71
0 82
1 4
1 8
1 29
1 40
1 50
1 51
1 57
1 76
1 78
2 6
2 9
2 10
2 25
2 43
2 67
2 82
3 7
3 17
3 33
3 36
3 37
3 85
3 89
4 45
4 51
4 55
4 58
4 60
4 68
5 32
5 38
5 45
5 71
5 82
5 84
5 85
6 18
6 25
6 40
6 47
6 49
6 59
6 66
6 74
7 32
7 72
7 83
8 22
8 26
8 45
8 52
8 56
8 58
8 73
8 84
9 38
9 39
9 74
9 83
9 87
9 88
10 21
10 48
10 51
10 54
10 60
10 80
10 87
11 20
11 33
11 41
11 49
11 61
11 68
11 69
11 70
11 74
11 82
11 84
12 24
12 29
12 52
12 81
13 18
13 21
13 23
13 59
13 63
13 80
13 88
14 58
14 80
14 84
14 85
15 16
15 59
15 75
16 25
16 26
16 31
16 34
16 62
16 87
16 88
17 18
17 20
17 31
17 42
17 72
17 76
17 77
18 34
18 43
18 45
18 58
18 59
18 89
19 34
19 61
19 84
20 33
20 61
20 68
20 69
20 71
20 81
20 82
21 26
21 27
21 32
21 38
21 52
21 56
21 65
21 83
22 53
22 60
22 64
22 89
23 33
24 54
24 68
24 83
24 89
25 41
25 42
25 57
25 70
26 44
26 71
26 75
26 87
27 50
27 58
27 65
28 42
29 49
29 64
29 83
30 50
30 73
30 82
30 83
30 89
31 39
31 62
31 86
32 66
32 78
33 43
33 46
33 54
33 56
33 57
33 71
33 79
33 82
34 60
34 78
35 56
35 59
35 78
36 61
36 74
36 83
37 39
37 41
37 53
37 70
37 83
39 67
39 79
39 88
40 51
40 69
40 73
40 77
42 43
42 62
42 80
42 81
43 48
43 67
43 82
43 83
44 59
44 75
44 76
44 78
44 80
45 82
46 51
46 59
46 66
46 77
47 87
48 56
49 79
49 86
50 54
50 57
51 52
51 83
52 85
53 77
54 68
54 79
55 89
57 61
57 65
57 68
57 71
57 82
58 69
58 87
59 69
60 76
61 66
61 68
61 71
61 77
61 80
61 86
62 87
63 68
64 72
66 70
66 83
67 74
67 76
67 89
68 71
68 76
68 82
73 75
74 85
76 79
82 85
83 84
83 87
