70 879
5 1 10 6 5 7 1 3 12 1 3 6 9 2 2 0 3 12 3 9 15 5 11 1 7 4 6 10 6 5 13 5 10 5 5 9 5 7 1 2 11 5 11 9 11 12 6 1 3 0 9 15 15 8 6 0 4 0 12 11 10 1 13 1 9 2 6 11 11 2 
0 1
0 2
0 4
0 7
0 11
0 13
0 16
0 19
0 26
0 27
0 29
0 30
0 31
0 33
0 35
0 44
0 48
0 50
0 51
0 54
0 56
0 57
0 59
0 62
0 63
0 66
0 67
0 68
1 4
1 17
1 22
1 26
1 28
1 29
1 35
1 43
1 44
1 45
1 46
1 47
1 48
1 51
1 54
1 55
1 56
1 57
1 58
1 59
1 64
1 65
1 66
1 68
2 3
2 6
2 10
2 12
2 13
2 16
2 21
2 24
2 26
2 33
2 35
2 37
2 38
2 41
2 42
2 49
2 53
2 54
2 58
2 61
2 62
2 63
2 64
3 4
3 8
3 10
3 12
3 18
3 22
3 26
3 27
3 30
3 31
3 37
3 40
3 48
3 51
3 56
3 58
3 66
3 69
4 6
4 9
4 11
4 13
4 14
4 16
4 17
4 18
4 19
4 20
4 32
4 33
4 34
4 39
4 40
4 41
4 45
4 48
4 55
4 56
4 59
4 60
4 61
4 63
4 65
4 69
5 6
5 8
5 13
5 17
5 18
5 19
5 20
5 39
5 40
5 42
5 45
5 53
5 62
5 65
5 67
5 68
5 69
6 7
6 10
6 15
6 18
6 24
6 25
6 26
6 30
6 32
6 35
6 39
6 44
6 50
6 57
6 58
6 65
6 66
7 8
7 15
7 19
7 21
7 22
7 28
7 29
7 31
7 33
7 39
7 42
7 44
7 49
7 50
7 57
7 61
8 12
8 16
8 18
8 21
8 22
8 23
8 26
8 27
8 32
8 40
8 43
8 47
8 52
8 60
8 63
8 64
8 69
9 14
9 16
9 21
9 23
9 24
9 25
9 27
9 32
9 33
9 40
9 41
9 43
9 46
9 49
9 50
9 52
9 54
9 57
9 60
9 64
9 67
9 68
10 12
10 13
10 14
10 16
10 17
10 24
10 25
10 29
10 30
10 33
10 34
10 40
10 44
10 45
10 47
10 49
10 52
10 59
10 60
10 65
10 66
10 67
10 68
11 12
11 15
11 16
11 17
11 19
11 20
11 22
11 26
11 28
11 30
11 33
11 35
11 43
11 45
11 48
11 50
11 51
11 52
11 55
11 56
11 57
11 60
11 63
11 64
11 67
11 68
12 13
12 18
12 23
12 27
12 30
12 32
12 33
12 37
12 38
12 39
12 40
12 43
12 45
12 46
12 51
12 55
12 56
12 58
12 60
12 64
12 68
13 18
13 19
13 26
13 28
13 38
13 39
13 44
13 45
13 46
13 53
13 54
13 56
13 58
13 65
13 66
14 20
14 22
14 24
14 25
14 26
14 32
14 41
14 42
14 43
14 44
14 45
14 46
14 50
14 58
14 60
14 62
14 63
14 64
14 65
14 68
14 69
15 16
15 18
15 22
15 25
15 27
15 28
15 29
15 32
15 34
15 36
15 37
15 38
15 39
15 41
15 42
15 46
15 47
15 48
15 49
15 50
15 52
15 53
15 54
15 55
15 57
15 60
15 63
15 68
15 69
16 18
16 20
16 21
16 24
16 25
16 26
16 29
16 32
16 33
16 34
16 35
16 36
16 42
16 43
16 44
16 46
16 51
16 52
16 56
16 62
16 66
16 67
17 18
17 19
17 21
17 27
17 29
17 33
17 35
17 36
17 41
17 43
17 44
17 45
17 55
17 57
17 59
17 61
17 67
17 68
18 20
18 23
18 24
18 25
18 29
18 33
18 35
18 38
18 41
18 43
18 49
18 50
18 53
18 54
18 58
18 61
18 63
19 21
19 25
19 27
19 29
19 32
19 33
19 36
19 39
19 40
19 43
19 46
19 47
19 51
19 54
19 57
19 64
19 67
19 68
20 24
20 27
20 30
20 32
20 36
20 37
20 42
20 47
20 48
20 50
20 51
20 52
20 53
20 54
20 55
20 57
20 58
20 60
20 61
20 64
20 65
20 67
20 69
21 23
21 26
21 29
21 33
21 36
21 40
21 41
21 43
21 44
21 49
21 54
21 60
21 61
21 64
21 65
21 69
22 23
22 28
22 29
22 31
22 35
22 36
22 37
22 39
22 44
22 46
22 49
22 51
22 55
22 57
22 59
22 61
22 62
22 66
22 67
22 69
23 25
23 28
23 30
23 32
23 33
23 35
23 41
23 42
23 44
23 49
23 51
23 52
23 53
23 54
23 57
23 58
23 64
23 65
23 68
24 29
24 31
24 32
24 37
24 38
24 45
24 47
24 49
24 54
24 58
24 60
24 61
24 62
24 64
24 66
24 68
24 69
25 26
25 27
25 32
25 33
25 37
25 38
25 41
25 45
25 49
25 50
25 54
25 55
25 56
25 61
25 63
25 64
25 66
25 67
25 69
26 27
26 29
26 31
26 34
26 36
26 37
26 41
26 43
26 44
26 45
26 46
26 47
26 48
26 49
26 54
26 55
26 56
26 57
26 60
26 62
26 64
26 65
26 66
26 67
27 28
27 29
27 35
27 40
27 42
27 44
27 47
27 51
27 52
27 55
27 57
27 58
27 60
27 61
27 62
27 64
27 67
27 68
27 69
28 30
28 32
28 35
28 36
28 37
28 38
28 46
28 50
28 51
28 53
28 59
28 61
28 63
28 65
29 30
29 31
29 37
29 38
29 41
29 45
29 50
29 53
29 54
29 55
29 57
29 66
29 67
30 31
30 35
30 36
30 45
30 51
30 56
30 59
30 60
30 64
30 67
30 69
31 33
31 34
31 36
31 40
31 41
31 53
31 55
31 59
31 60
31 61
32 34
32 36
32 37
32 38
32 39
32 41
32 42
32 46
32 55
32 56
32 58
32 63
33 34
33 40
33 48
33 49
33 50
33 51
33 54
33 57
33 58
33 60
33 62
33 65
33 66
33 68
34 35
34 37
34 47
34 52
34 54
34 56
34 68
35 37
35 41
35 43
35 45
35 46
35 48
35 49
35 52
35 55
35 59
35 61
35 68
36 37
36 38
36 40
36 42
36 45
36 47
36 50
36 51
36 52
36 57
36 59
36 60
36 61
36 68
37 38
37 42
37 46
37 49
37 51
37 52
37 56
37 57
37 58
37 64
37 65
37 68
37 69
38 42
38 43
38 45
38 47
38 50
38 56
38 57
38 60
38 61
38 66
38 67
39 45
39 48
39 51
39 55
39 60
39 64
39 67
39 68
40 42
40 43
40 44
40 45
40 48
40 50
40 53
40 59
40 60
40 63
40 66
40 67
40 69
41 47
41 48
41 54
41 63
41 66
41 67
41 68
42 44
42 45
42 47
42 49
42 50
42 52
42 56
42 62
42 63
42 64
42 65
42 66
42 68
43 45
43 47
43 60
43 61
43 62
43 65
43 67
43 69
44 48
44 50
44 54
44 56
44 60
44 61
44 66
45 55
45 56
45 62
45 64
45 65
45 66
45 67
46 48
46 51
46 52
46 58
46 60
46 62
46 63
46 66
46 67
47 48
47 49
47 55
47 56
47 58
47 59
47 61
47 64
47 65
48 51
48 52
48 53
48 58
48 59
48 60
48 63
48 65
48 68
49 50
49 52
49 54
49 56
49 58
49 60
49 66
49 69
50 51
50 53
50 56
50 60
50 62
50 63
50 68
50 69
51 52
51 57
51 60
51 61
51 62
51 65
51 66
51 68
51 69
52 54
52 56
52 57
52 58
52 63
52 64
52 68
53 58
53 61
53 65
54 56
54 64
54 65
54 68
54 69
55 56
55 57
55 61
55 64
55 65
55 66
55 68
56 60
56 61
56 63
57 58
57 59
57 60
57 63
57 69
58 60
58 65
58 67
58 68
59 60
59 63
59 65
59 66
59 68
60 63
60 64
60 65
60 67
60 68
60 69
61 62
61 63
61 67
62 67
63 66
63 67
63 68
64 66
64 67
65 68
66 67
66 68
66 69
