50 86
6 6 2 4 2 6 2 2 0 7 2 2 3 7 7 7 2 0 4 2 7 3 4 2 7 7 6 2 7 4 4 7 1 4 2 3 0 1 4 5 3 7 3 6 2 3 3 6 6 4 
0 3
0 6
0 7
0 12
0 17
0 29
0 30
0 37
1 8
1 10
1 19
1 21
1 22
1 26
1 43
1 46
2 22
2 34
2 37
4 21
4 30
5 13
5 15
5 46
7 19
7 21
9 15
9 40
10 16
10 38
11 13
11 15
11 39
11 42
11 44
11 46
12 21
12 22
12 34
12 43
12 45
12 46
13 20
13 24
13 40
13 46
14 15
14 18
14 22
15 31
15 46
16 31
16 47
18 27
19 29
19 30
20 27
20 34
20 42
20 46
21 41
21 46
23 29
23 42
24 29
25 46
26 35
26 44
26 48
27 32
28 35
28 37
28 40
28 48
29 43
29 49
30 44
31 42
31 46
33 37
36 49
37 38
37 45
40 48
43 46
45 48
