70 150
12 14 7 13 1 14 4 0 7 7 4 0 8 0 14 11 8 5 12 1 15 8 6 2 11 7 14 3 1 10 8 4 8 9 2 6 15 14 2 12 5 11 13 13 3 3 0 6 15 14 6 5 11 7 10 8 8 5 10 12 4 5 15 9 14 12 11 1 12 7 
0 13
0 18
1 8
1 12
1 21
1 23
1 24
1 34
1 53
1 57
2 22
2 60
3 11
3 20
3 34
3 49
3 63
4 14
4 21
4 23
4 40
4 42
4 60
5 28
5 34
6 12
6 51
6 55
7 18
7 20
7 25
7 26
7 43
7 52
8 55
8 59
8 64
9 17
9 22
9 27
9 28
9 58
10 16
10 19
10 44
11 12
11 23
11 61
12 17
12 22
12 24
12 41
13 15
13 18
13 48
13 61
14 35
14 62
16 19
16 21
16 25
17 18
17 52
17 67
18 59
19 48
19 64
20 21
20 41
20 53
20 56
21 43
22 23
22 35
22 44
22 51
22 53
22 59
22 61
23 37
23 39
23 41
23 47
24 33
24 45
24 54
25 28
25 56
25 65
25 69
26 29
26 31
26 40
26 46
26 66
27 29
27 61
27 65
27 66
28 52
30 32
30 44
30 51
31 32
31 44
31 47
31 65
31 67
31 69
32 57
32 61
33 44
33 50
33 66
35 42
35 52
36 37
37 60
37 64
38 44
38 53
38 56
38 69
41 55
41 63
41 64
42 43
42 46
42 58
42 66
43 46
43 59
43 62
43 64
45 54
46 60
47 50
49 54
49 56
50 51
50 53
52 56
53 59
53 68
55 61
56 57
56 58
59 66
63 64
65 68
