80 174
4 6 1 5 12 12 12 12 14 4 0 6 5 10 1 8 12 6 9 8 12 3 2 3 2 9 1 8 5 6 4 9 13 4 1 8 7 4 12 9 3 8 6 13 7 9 11 11 5 15 9 9 14 6 1 15 15 9 5 9 12 4 8 12 1 14 0 9 12 14 13 14 12 5 3 15 1 10 1 6 
0 9
0 57
0 78
1 25
1 48
1 64
1 65
2 20
2 29
2 72
2 78
3 11
3 31
3 44
3 48
3 51
3 64
4 7
4 30
4 33
4 34
4 42
4 68
4 69
5 26
5 43
5 52
5 70
6 16
6 18
6 20
6 26
6 29
6 36
6 46
6 63
6 79
7 38
7 39
7 43
7 76
8 20
8 28
8 29
8 48
9 27
9 46
9 76
10 44
11 16
11 70
11 78
11 79
12 21
12 33
12 55
12 67
12 69
13 35
13 76
14 19
14 25
14 32
14 74
15 19
15 44
15 51
16 35
16 70
17 18
17 34
17 50
17 64
17 65
18 54
18 56
18 57
18 71
18 73
19 38
19 42
19 45
19 65
19 76
19 78
20 38
20 47
20 51
20 61
21 45
21 57
21 60
21 72
21 73
22 24
22 35
22 38
22 39
22 70
23 40
23 55
23 63
24 29
24 58
25 28
25 34
25 38
25 56
25 58
26 66
27 63
27 77
28 36
28 53
28 55
28 69
29 31
30 40
30 41
31 33
31 50
31 69
32 61
33 45
34 42
34 69
34 74
35 36
35 53
35 55
36 57
36 69
37 54
37 57
38 50
38 53
38 58
39 53
40 73
40 75
44 71
44 73
45 51
45 66
45 72
46 68
46 75
47 55
48 52
48 57
49 62
51 73
52 67
53 60
53 69
55 57
55 58
56 74
58 69
58 74
59 74
61 65
62 69
63 66
63 71
63 78
65 67
65 76
67 78
68 70
68 75
68 77
70 78
71 79
