60 178
10 9 0 10 3 4 8 5 1 10 13 2 6 12 3 9 3 7 6 15 4 11 5 11 14 7 8 0 3 8 4 8 11 3 0 3 9 9 15 8 6 5 12 11 13 8 8 10 6 8 0 15 11 13 15 6 8 9 10 12 
0 13
0 32
0 36
0 43
0 47
1 7
1 17
1 39
1 41
1 45
1 48
1 50
2 9
2 24
2 34
2 36
2 38
2 54
3 17
3 22
3 29
3 31
3 32
3 48
4 14
4 21
4 33
4 36
4 44
4 54
5 13
5 22
5 31
5 43
5 47
5 59
6 8
6 40
6 49
6 58
6 59
7 17
7 25
7 41
7 50
8 32
8 40
8 42
8 49
8 52
8 55
9 33
9 34
9 54
9 57
10 11
10 17
10 18
10 19
10 28
10 46
11 18
11 20
11 21
11 23
11 44
11 46
12 15
12 25
12 26
12 41
12 58
13 29
13 36
13 47
14 19
14 20
14 33
14 44
15 25
15 26
15 49
15 58
15 59
16 19
16 23
16 37
16 55
17 27
17 45
17 48
18 19
18 21
18 28
18 31
18 46
18 51
19 20
19 28
19 32
19 42
19 57
20 31
20 32
20 47
20 57
21 46
21 52
22 29
22 31
22 35
22 45
22 48
23 24
23 30
23 51
23 55
24 34
24 38
24 51
24 57
25 26
25 31
25 41
26 27
26 40
26 41
26 50
27 53
27 54
27 56
28 36
28 44
28 55
29 43
30 34
30 37
30 38
30 51
31 43
31 51
32 36
32 46
32 57
33 44
33 54
34 38
34 54
35 41
35 47
35 57
36 43
36 47
36 50
36 57
37 40
37 55
37 56
38 51
39 41
40 42
40 55
41 50
42 44
42 55
42 58
44 46
45 48
45 50
46 53
47 50
47 53
49 56
49 58
50 57
50 59
52 58
58 59
