80 120
6 13 0 8 4 12 0 5 8 6 5 11 13 7 13 9 7 9 10 14 7 3 4 4 3 15 13 4 5 10 11 11 2 0 11 4 7 11 2 11 13 1 15 2 13 8 8 4 9 8 7 10 13 7 10 10 14 0 13 5 7 13 11 3 9 7 15 6 8 11 12 0 6 14 2 3 8 8 14 6 
0 32
0 33
0 62
0 77
1 3
1 63
1 68
1 72
2 21
2 28
2 36
2 71
2 73
3 43
4 5
4 52
5 37
5 64
6 19
6 22
6 79
7 49
8 37
8 52
8 60
9 19
9 46
9 47
10 14
10 17
10 23
10 67
11 30
11 43
11 53
12 36
12 68
13 30
13 34
13 48
14 65
15 18
15 38
15 51
15 78
16 38
16 49
16 56
16 57
17 35
17 61
18 66
18 77
19 40
20 26
20 70
21 32
21 54
21 60
22 40
22 72
23 56
23 57
24 36
25 52
25 63
27 47
27 48
28 37
28 60
29 68
30 50
31 78
32 36
34 42
34 50
35 43
35 53
35 58
35 71
36 62
37 49
38 48
38 76
39 44
39 65
39 66
40 46
41 46
41 47
41 75
42 48
42 70
43 61
44 45
44 55
44 75
47 69
48 68
49 52
50 53
51 62
51 77
52 56
55 65
55 69
57 67
57 74
59 71
59 74
61 67
63 70
63 79
64 78
65 78
66 78
68 70
69 75
72 76
72 79
