25 106
0 0 0 0 3 3 1 0 3 1 3 1 1 1 2 1 0 3 2 3 0 1 3 2 0 
0 1
0 3
0 14
0 17
0 19
0 21
0 23
1 7
1 12
1 14
1 16
1 17
1 20
1 23
2 7
2 8
2 11
2 16
2 17
3 4
3 10
3 13
3 16
3 20
3 23
4 7
4 8
4 11
4 12
4 21
4 22
4 23
4 24
5 8
5 16
5 21
5 22
5 23
6 11
6 13
6 17
6 18
6 22
6 23
7 9
7 10
7 12
7 13
7 14
7 17
7 19
7 23
8 18
8 23
8 24
9 10
9 11
9 13
9 23
10 11
10 12
10 14
10 17
10 20
10 21
10 22
10 23
11 16
11 24
12 14
12 16
12 19
12 21
12 23
12 24
13 17
13 18
13 19
13 22
13 23
14 16
14 20
14 22
15 16
15 17
15 18
15 19
15 23
16 18
16 19
16 23
16 24
17 19
17 22
17 23
18 21
18 22
18 23
18 24
19 20
19 21
19 23
20 23
21 22
21 23
22 24
