100 150
5 3 1 19 6 5 26 12 8 17 11 5 30 8 19 29 2 17 18 19 29 19 12 26 15 22 16 9 14 8 13 15 19 22 8 3 1 23 29 4 13 19 27 8 31 19 20 20 7 17 22 1 28 27 18 31 9 28 7 13 14 2 11 22 23 7 11 9 3 22 4 10 20 3 18 19 0 14 17 8 2 0 21 18 1 16 6 26 19 25 9 19 9 25 8 7 8 23 21 20 
0 6
0 8
0 21
1 13
1 29
1 44
1 75
1 91
2 20
2 29
2 42
3 15
3 44
3 78
4 15
4 24
4 82
5 31
5 80
6 24
6 26
6 82
7 63
7 78
8 14
8 27
8 69
9 59
9 76
9 90
10 22
11 19
11 67
11 69
11 85
12 13
12 68
12 89
13 49
13 53
13 63
13 78
13 83
13 90
14 47
14 63
14 98
16 79
16 94
17 64
17 93
18 21
18 51
18 52
19 59
19 71
20 22
20 70
21 65
22 42
22 75
22 93
23 34
23 41
24 64
25 28
25 61
27 30
28 77
28 81
28 92
29 56
29 68
29 73
30 74
31 83
31 95
32 88
33 63
34 39
34 86
35 37
35 47
35 57
35 96
36 46
36 62
36 77
37 54
37 71
37 72
37 83
38 45
38 50
38 78
39 65
39 67
40 62
40 78
40 95
41 72
41 74
42 86
42 98
43 64
43 65
44 58
44 66
44 67
44 90
45 47
45 57
46 70
47 50
48 75
49 50
49 64
50 73
51 73
51 81
52 57
53 83
54 68
55 84
55 89
55 91
57 72
59 92
59 98
60 70
60 93
61 64
61 73
62 81
63 82
67 99
68 78
70 75
76 81
76 92
76 99
77 89
77 91
78 91
79 86
85 90
86 88
87 88
90 97
90 99
