100 158
8 10 30 10 23 14 31 22 28 18 5 6 1 0 28 20 14 20 16 1 26 9 15 15 11 8 30 16 2 7 7 29 16 11 9 18 11 15 28 16 30 24 26 5 29 8 7 14 22 18 21 29 30 25 10 19 19 14 2 25 9 3 14 31 28 25 10 30 28 30 2 24 22 9 10 13 31 2 12 23 24 29 13 14 21 22 4 14 29 24 14 5 19 3 13 15 4 21 0 19 
0 24
0 26
1 40
1 43
1 45
1 92
2 17
2 27
2 51
2 72
2 82
3 7
3 28
4 17
4 31
4 68
4 77
4 96
5 10
5 58
6 81
6 96
7 18
7 29
7 66
8 46
8 55
8 64
9 17
9 18
9 27
9 51
9 61
9 85
10 29
10 50
10 82
11 31
11 76
12 17
12 59
13 25
13 26
13 58
13 60
14 30
14 71
15 28
15 43
15 65
15 95
15 99
16 63
16 69
16 91
17 27
17 31
17 33
17 51
17 65
17 71
17 77
17 83
18 33
18 34
18 39
18 99
19 85
19 88
19 91
20 23
20 47
20 73
20 97
21 26
21 27
21 49
22 76
22 91
23 89
24 25
25 32
25 80
26 94
26 96
27 71
27 98
28 35
28 40
28 42
28 56
30 36
30 37
31 33
31 37
31 42
32 79
32 83
33 62
33 75
33 77
33 78
34 57
35 68
36 81
37 53
37 75
37 96
38 84
38 92
39 89
40 77
41 63
42 81
44 63
44 98
46 72
48 52
49 90
49 97
50 56
51 65
51 86
51 88
51 89
51 93
52 54
52 63
52 71
53 55
55 71
55 87
56 67
57 73
57 75
57 80
58 82
59 60
61 65
61 71
61 87
63 74
63 81
63 97
64 86
65 67
67 68
68 87
70 78
73 85
74 97
75 79
75 97
77 97
78 93
86 87
96 97
96 99
