100 159
28 21 15 11 20 21 26 25 17 28 20 0 22 17 17 8 16 19 7 3 9 15 8 14 16 20 12 4 20 9 3 1 5 20 25 19 24 18 26 2 11 17 7 17 14 3 18 22 29 21 18 29 17 15 30 26 18 12 3 4 29 18 29 21 22 3 15 10 7 4 10 3 19 13 11 10 30 9 0 9 25 26 23 15 7 10 4 17 1 25 0 17 5 11 18 30 24 9 23 22 
0 26
0 57
0 81
0 83
0 88
1 12
1 85
1 98
2 54
2 60
2 61
2 65
2 72
3 61
3 71
4 44
4 82
5 13
5 39
5 59
5 73
6 40
6 46
6 48
6 62
7 43
7 67
8 19
8 48
8 64
9 12
9 28
9 64
10 31
11 37
12 62
12 92
13 94
14 86
14 89
15 26
16 20
16 26
16 28
16 36
16 56
16 76
16 91
17 60
17 76
18 33
18 63
18 93
19 89
20 22
20 35
20 67
21 47
21 55
21 59
21 60
21 73
21 79
21 89
21 90
22 59
22 65
22 90
23 45
23 74
24 67
24 69
25 33
26 30
26 66
26 78
27 37
27 63
27 67
28 36
28 39
28 40
28 56
28 60
28 62
28 71
28 76
28 80
28 82
28 98
29 47
30 98
31 36
31 52
31 66
31 90
32 33
32 86
33 63
33 71
34 44
34 87
34 96
36 58
36 67
38 49
38 65
38 83
38 90
39 40
39 82
40 60
40 73
40 87
41 59
42 66
43 47
45 73
45 75
45 96
46 64
46 68
47 85
48 68
48 70
48 93
48 98
49 56
49 57
49 88
50 84
51 60
53 58
53 85
54 66
54 68
54 84
56 58
56 62
58 67
58 80
59 72
59 82
60 78
60 82
62 76
62 80
67 69
69 76
70 89
77 95
78 83
79 84
80 81
85 90
88 95
90 97
94 98
96 99
