60 115
14 13 10 6 10 14 1 9 2 1 2 2 10 1 0 5 14 15 15 3 13 2 1 2 1 13 2 14 14 1 2 11 7 8 14 0 1 10 0 9 13 1 1 2 14 6 9 1 7 2 3 1 4 9 11 13 5 15 15 7 
0 4
0 41
0 42
1 6
1 23
1 25
1 50
1 54
2 24
2 44
2 53
3 8
3 13
3 19
3 41
3 54
4 16
4 17
4 43
4 52
5 7
5 23
5 45
5 51
6 28
6 37
7 12
7 56
7 57
9 11
9 24
9 35
9 36
9 48
9 53
10 40
10 43
10 46
10 51
11 12
11 16
11 32
11 57
12 45
12 48
13 35
14 22
14 29
14 48
14 53
15 23
15 40
15 51
16 26
16 27
16 41
16 42
16 58
17 18
17 26
17 27
18 22
18 31
18 52
18 59
19 22
19 29
19 52
20 51
21 28
21 37
22 34
23 56
24 32
24 36
25 35
25 44
26 30
26 31
26 46
27 30
28 29
28 32
28 57
29 46
29 50
29 54
30 39
31 34
31 38
33 40
33 43
33 59
34 45
34 48
35 43
36 40
37 49
37 56
37 57
38 45
38 46
38 51
39 43
39 46
39 49
40 51
40 58
41 52
43 47
44 50
50 53
50 58
53 55
54 58
