70 123
4 12 10 5 6 10 12 10 1 2 9 0 0 2 4 7 0 9 10 11 10 6 2 0 12 3 10 6 2 3 12 4 15 5 15 7 14 14 10 0 13 10 4 7 1 15 0 3 6 14 10 1 8 2 15 11 6 6 2 1 11 3 1 9 4 5 3 6 5 8 
0 5
0 12
0 20
1 12
1 14
1 27
1 32
1 33
1 53
1 66
2 33
2 34
2 38
2 58
2 62
2 67
3 8
3 37
3 59
3 68
4 24
4 51
4 59
5 7
5 24
5 49
5 67
6 19
6 21
6 29
6 30
6 33
6 45
6 49
7 56
8 11
8 38
8 40
8 61
9 13
9 23
10 13
10 29
10 33
11 39
11 44
13 33
14 18
14 22
14 41
14 42
15 21
15 44
15 45
16 28
16 51
17 25
17 27
17 39
17 52
18 42
18 60
18 69
19 23
19 36
19 53
20 27
20 45
20 55
20 63
20 67
21 41
21 62
24 57
25 56
26 33
26 41
26 56
26 60
27 65
28 63
28 68
29 44
29 47
31 55
31 56
33 36
33 45
33 50
34 50
35 41
36 60
37 41
37 46
39 43
39 57
39 61
40 47
41 51
41 54
42 55
44 47
44 69
46 49
47 51
47 53
48 54
48 58
49 69
50 58
52 54
52 57
53 54
53 60
55 58
56 66
56 67
57 61
60 63
60 67
60 69
62 63
63 64
