100 236
25 14 0 15 9 17 3 3 4 8 31 30 22 30 29 5 14 4 14 0 17 23 0 30 19 4 19 25 17 12 3 3 6 25 11 10 9 24 6 23 16 13 16 2 24 22 30 6 19 25 0 27 26 14 10 11 23 8 8 13 8 17 12 0 3 15 30 12 14 0 4 4 17 15 29 5 2 27 16 18 4 30 5 15 16 12 4 30 20 11 8 7 19 27 11 27 3 4 20 7 
0 11
0 37
0 68
1 17
1 18
1 39
1 62
1 77
1 95
1 96
2 17
2 67
2 73
2 87
3 26
3 44
3 65
3 69
3 73
3 79
4 11
4 58
4 92
4 97
5 26
5 55
5 83
6 19
6 31
6 39
6 58
6 68
7 38
7 86
7 96
7 98
8 46
8 63
8 95
9 27
9 29
9 47
9 48
9 51
9 91
10 19
10 24
10 27
10 37
10 68
11 32
11 45
11 69
11 79
11 84
12 42
12 45
12 46
12 50
12 54
12 57
12 58
12 97
13 24
13 74
14 40
14 62
14 65
14 66
15 23
15 44
15 78
15 87
15 88
16 25
16 80
16 89
17 72
17 91
18 52
18 93
19 36
19 43
19 47
20 23
20 50
20 71
20 74
20 79
20 95
21 75
21 82
22 32
22 46
23 30
23 52
23 61
23 71
23 73
23 76
23 85
23 89
23 95
24 37
24 91
24 99
25 43
25 44
25 70
25 84
25 94
26 59
26 63
26 90
27 29
27 52
27 60
27 66
27 91
28 31
28 49
28 56
28 59
28 62
28 69
28 82
28 90
30 31
30 34
30 44
30 83
31 66
31 73
31 91
31 93
32 38
32 46
32 57
32 69
32 84
33 48
34 57
34 91
35 52
35 72
35 99
36 59
36 69
37 42
37 48
37 57
38 47
38 57
39 79
39 91
40 64
40 67
40 91
41 55
41 62
41 99
42 64
42 69
42 71
42 77
42 86
43 50
43 74
44 49
44 57
44 66
45 89
46 49
46 68
46 95
47 85
48 58
49 54
49 58
49 64
49 72
49 80
49 83
49 98
51 87
51 99
52 57
53 56
53 92
54 56
54 64
54 71
55 97
55 99
56 64
56 65
57 62
57 91
58 85
58 94
60 86
60 99
61 78
61 84
62 93
63 70
63 81
63 86
64 65
65 80
65 83
65 87
69 87
70 80
70 91
70 92
71 80
71 83
71 92
73 75
74 83
75 76
75 97
76 99
78 94
80 82
80 84
81 85
83 84
84 96
85 90
85 97
86 95
86 97
86 98
88 98
