100 178
26 21 17 8 5 10 26 17 19 8 9 14 0 6 18 27 25 10 23 13 0 15 21 29 26 31 23 27 29 29 0 3 2 21 27 20 24 14 11 28 27 29 31 5 12 5 26 29 27 9 20 2 20 10 0 18 31 19 3 20 13 0 26 16 20 7 23 17 30 14 30 9 2 1 11 18 8 12 4 16 18 4 13 9 18 27 23 15 9 21 2 16 20 24 21 20 31 25 30 25 
0 12
0 68
0 87
0 96
1 26
1 30
1 67
1 83
2 73
2 75
2 90
3 60
3 97
4 25
5 59
5 64
5 91
6 17
6 19
6 45
6 57
6 61
7 28
7 40
7 57
7 63
7 66
7 67
8 25
8 45
8 52
8 57
8 89
8 93
9 13
9 15
9 23
9 32
9 52
9 62
9 67
10 60
11 65
11 73
12 29
13 61
13 69
14 21
14 34
14 37
14 57
14 74
15 24
15 51
15 62
15 99
16 39
16 80
17 18
17 54
18 60
18 64
19 27
19 45
19 55
19 58
19 59
19 60
19 61
19 68
19 80
19 84
20 23
20 31
20 38
20 43
21 24
21 47
21 72
21 84
22 66
22 94
25 45
25 49
25 54
25 71
25 84
26 27
26 83
27 58
27 60
27 70
27 82
28 73
28 81
28 97
29 87
30 34
30 39
32 40
33 67
34 50
34 62
34 88
35 42
35 47
35 51
35 80
35 82
36 40
36 59
36 86
36 91
37 64
39 76
39 81
39 96
40 76
40 83
41 48
41 75
41 90
43 89
44 50
44 62
44 86
45 53
45 70
45 84
45 92
46 79
47 82
47 95
48 80
49 93
49 99
50 58
50 76
51 74
53 82
54 55
55 58
55 70
56 80
57 67
57 71
57 97
58 80
58 91
58 94
60 68
60 80
61 71
61 84
62 89
62 96
64 65
65 75
65 84
66 69
66 75
66 79
68 70
68 96
69 88
70 85
71 77
73 84
73 88
75 85
78 91
79 98
80 81
81 98
82 98
85 86
87 92
87 96
