70 123
3 1 2 9 15 7 0 4 6 0 3 6 14 5 10 3 7 15 3 10 1 6 14 14 5 10 5 9 12 7 13 1 13 13 15 4 15 5 12 10 14 10 4 3 13 6 3 1 0 9 7 12 3 2 11 2 12 2 3 15 2 10 8 6 14 12 7 13 8 4 
0 12
0 27
0 48
0 60
1 18
1 33
1 59
2 6
2 8
2 19
2 68
3 13
3 14
3 25
3 35
4 28
4 34
5 12
5 24
5 41
5 61
5 66
6 11
6 65
7 12
7 24
7 54
7 57
7 67
8 13
8 50
9 11
9 17
9 31
9 36
9 51
9 65
10 17
10 18
10 46
10 49
10 59
11 19
11 29
11 62
12 44
13 19
13 55
13 56
13 66
14 26
14 57
14 59
15 19
15 47
15 67
16 37
16 62
16 64
18 21
18 30
18 42
18 45
18 58
19 28
20 49
20 59
20 60
21 30
21 38
22 46
22 49
22 56
23 34
23 40
24 45
24 63
25 39
25 58
25 64
25 66
26 50
26 53
26 64
28 43
28 46
28 56
28 62
29 36
31 34
31 40
31 61
31 64
32 56
33 38
33 39
33 45
33 63
33 68
34 44
36 41
36 61
36 62
36 69
37 53
37 64
38 67
39 60
40 65
40 69
41 42
41 45
41 67
42 46
42 62
43 57
44 61
50 52
53 66
54 63
58 69
65 69
66 67
