90 753
12 1 6 4 12 6 13 1 6 12 13 0 9 3 9 0 2 8 9 5 14 2 6 1 9 13 0 12 7 0 13 15 3 15 10 7 12 3 7 6 9 14 14 8 2 9 2 8 11 6 4 9 3 4 8 14 2 8 11 6 15 1 15 13 1 6 11 8 15 15 1 11 13 3 5 14 1 12 15 13 9 0 12 14 1 2 8 4 11 10 
0 4
0 6
0 10
0 14
0 19
0 21
0 38
0 41
0 52
0 54
0 56
0 67
0 82
0 83
0 84
0 85
0 86
1 13
1 21
1 23
1 26
1 35
1 39
1 41
1 42
1 44
1 54
1 61
1 71
1 73
1 80
1 85
2 4
2 6
2 8
2 12
2 14
2 22
2 34
2 36
2 38
2 40
2 43
2 47
2 50
2 54
2 58
2 67
2 69
2 72
2 75
2 77
2 82
2 89
3 5
3 9
3 12
3 16
3 22
3 28
3 30
3 37
3 39
3 41
3 47
3 50
3 55
3 62
3 72
3 79
3 81
3 85
3 88
4 12
4 16
4 19
4 26
4 33
4 38
4 39
4 41
4 50
4 57
4 58
4 66
4 68
4 77
4 80
4 83
4 84
5 16
5 17
5 23
5 26
5 32
5 37
5 43
5 47
5 48
5 54
5 57
5 62
5 64
5 72
5 88
6 9
6 12
6 20
6 27
6 39
6 48
6 61
6 64
6 71
6 72
6 76
7 19
7 28
7 35
7 36
7 38
7 50
7 52
7 75
7 76
7 83
7 88
8 25
8 41
8 43
8 50
8 54
8 60
8 61
8 62
8 63
8 76
8 80
8 83
8 84
8 87
9 11
9 14
9 15
9 16
9 24
9 43
9 47
9 54
9 58
9 62
9 70
9 73
9 74
9 79
10 14
10 17
10 24
10 51
10 58
10 61
10 64
10 70
10 80
10 82
10 83
11 15
11 19
11 22
11 28
11 30
11 34
11 36
11 40
11 44
11 49
11 58
11 63
11 66
11 81
11 82
11 84
11 85
12 18
12 21
12 22
12 26
12 29
12 30
12 34
12 49
12 54
12 55
12 57
12 62
12 73
12 78
12 79
12 87
13 27
13 31
13 53
13 55
13 59
13 71
13 77
13 78
13 79
14 18
14 19
14 29
14 30
14 32
14 37
14 40
14 50
14 53
14 55
14 58
14 64
14 65
14 69
14 70
14 71
14 75
14 76
14 77
14 82
15 25
15 40
15 41
15 45
15 47
15 48
15 55
15 59
15 63
15 64
15 65
15 69
15 70
15 72
15 75
15 76
15 82
15 87
16 29
16 34
16 41
16 46
16 47
16 51
16 54
16 55
16 58
16 78
16 79
17 19
17 22
17 24
17 25
17 34
17 37
17 40
17 46
17 69
17 77
17 79
17 80
17 89
18 19
18 24
18 25
18 29
18 32
18 39
18 45
18 46
18 54
18 56
18 58
18 61
18 65
18 72
18 73
18 75
18 76
18 80
18 86
18 88
19 24
19 30
19 56
19 58
19 69
19 76
19 80
19 86
20 22
20 24
20 29
20 30
20 31
20 40
20 41
20 49
20 62
20 64
20 71
20 76
20 82
20 84
20 87
21 25
21 28
21 29
21 37
21 40
21 44
21 45
21 50
21 53
21 57
21 63
21 64
21 66
21 69
21 76
21 85
21 88
22 23
22 32
22 46
22 48
22 58
22 67
22 72
22 75
22 76
22 77
22 84
22 85
23 24
23 30
23 35
23 62
23 81
23 85
23 88
23 89
24 32
24 38
24 42
24 43
24 49
24 55
24 56
24 58
24 63
24 64
24 68
24 75
24 86
25 42
25 48
25 61
25 63
25 64
25 70
25 71
25 80
25 81
25 83
25 84
26 38
26 40
26 41
26 45
26 51
26 58
26 61
26 64
26 72
26 83
26 87
27 31
27 32
27 58
27 63
27 65
27 71
27 75
27 76
27 77
27 80
27 87
28 31
28 35
28 37
28 41
28 47
28 51
28 58
28 61
28 66
28 67
28 73
28 77
28 78
28 84
28 87
29 38
29 43
29 45
29 46
29 49
29 54
29 55
29 56
29 60
29 69
29 70
29 76
29 86
29 88
30 32
30 35
30 39
30 42
30 44
30 49
30 52
30 53
30 55
30 56
30 61
30 62
30 64
30 70
30 72
30 82
30 84
30 87
31 32
31 33
31 37
31 44
31 46
31 71
31 72
31 73
31 81
31 87
31 88
31 89
32 36
32 41
32 49
32 55
32 58
32 62
32 68
32 72
32 84
32 87
33 36
33 39
33 45
33 54
33 57
33 63
33 75
33 80
33 87
33 88
33 89
34 36
34 37
34 38
34 41
34 53
34 58
34 67
34 72
34 74
34 78
34 84
34 89
35 46
35 54
35 70
35 77
35 79
35 81
35 89
36 39
36 42
36 50
36 59
36 76
36 84
36 86
37 41
37 44
37 45
37 47
37 49
37 56
37 60
37 77
37 78
37 87
37 88
38 43
38 50
38 52
38 62
38 64
38 82
38 86
38 88
39 40
39 49
39 58
39 59
39 61
39 62
39 64
39 71
39 75
39 77
39 85
39 88
40 41
40 47
40 49
40 58
40 62
40 63
40 64
40 72
40 84
41 45
41 47
41 49
41 52
41 55
41 63
41 67
41 70
41 86
42 44
42 54
42 58
42 63
42 69
42 89
43 44
43 48
43 50
43 51
43 52
43 55
43 64
43 68
43 69
43 80
44 48
44 51
44 57
44 84
45 46
45 47
45 48
45 55
45 57
45 63
45 69
45 83
46 56
46 57
46 61
46 66
46 67
46 80
46 88
47 48
47 49
47 52
47 58
47 66
47 67
47 69
47 79
47 80
48 55
48 56
48 61
48 82
48 85
48 86
49 53
49 67
49 79
49 80
49 81
49 82
50 55
50 58
50 60
50 76
50 86
51 52
51 64
51 73
51 87
51 89
52 55
52 56
52 62
52 68
52 69
52 70
52 80
52 81
52 82
52 83
52 84
52 86
52 87
53 56
53 57
53 60
53 61
53 67
53 70
53 74
53 76
53 77
53 79
53 85
53 89
54 60
54 62
54 63
54 68
54 76
54 85
55 56
55 58
55 65
55 66
55 80
55 81
56 61
56 67
56 80
56 81
56 83
56 87
57 62
57 75
57 76
57 85
58 70
58 72
58 80
58 85
59 89
60 86
60 88
61 73
61 77
61 78
61 81
61 84
62 69
62 86
62 89
63 65
63 69
63 70
63 74
63 76
63 79
63 81
63 82
64 71
64 72
64 75
64 76
64 78
64 84
64 86
65 70
65 73
65 79
65 81
65 83
65 86
65 87
66 73
66 82
66 86
66 88
67 76
67 79
67 81
67 85
68 78
68 80
68 82
68 86
69 71
70 71
70 72
70 84
70 86
70 88
71 72
71 78
71 80
71 81
71 83
72 76
72 84
73 74
73 75
73 78
73 81
74 78
75 76
75 82
76 89
77 80
77 81
77 83
77 84
77 87
77 89
78 84
79 80
79 86
80 82
80 83
80 88
81 86
82 84
82 88
83 84
83 86
84 85
85 89
