70 122
14 2 8 0 6 8 1 9 7 10 13 15 0 4 4 3 4 13 15 6 0 10 6 6 12 0 4 1 11 14 0 7 15 2 4 12 15 3 6 8 13 5 7 0 12 0 13 11 3 13 6 15 1 3 15 4 6 13 7 7 5 14 5 8 3 12 8 8 4 15 
0 2
0 11
0 37
0 48
0 52
1 3
1 5
1 9
1 10
1 20
1 39
1 58
2 68
3 19
3 54
4 16
4 27
4 51
5 22
5 31
5 46
5 64
6 7
6 18
6 45
6 61
6 68
7 12
7 47
7 66
8 24
8 26
8 42
9 21
9 40
9 41
9 43
9 61
10 13
10 32
10 36
11 13
11 14
11 58
12 48
13 22
13 23
13 25
13 28
13 44
13 48
13 55
13 62
13 64
13 67
14 17
14 22
14 24
14 32
14 41
15 21
15 44
15 57
16 23
16 37
16 38
16 67
17 33
19 31
19 48
19 64
20 30
23 28
23 42
24 25
24 53
24 68
25 47
26 34
26 36
26 65
27 34
27 36
27 57
28 56
29 30
30 58
30 69
31 34
31 40
31 59
34 46
35 44
35 56
37 40
37 55
37 63
37 66
38 46
38 67
39 67
39 69
40 66
44 45
44 60
44 64
45 51
45 60
46 67
47 67
48 65
49 60
49 64
50 55
50 61
51 52
51 56
52 62
57 69
58 61
61 62
66 68
