60 636
11 6 5 9 10 6 2 4 3 2 3 4 13 1 13 8 9 7 5 10 13 4 14 10 10 13 4 0 5 0 11 8 3 13 0 15 13 9 5 10 9 5 9 1 8 12 14 5 12 5 12 13 0 2 5 9 8 11 5 2 
0 3
0 4
0 7
0 8
0 11
0 13
0 18
0 23
0 24
0 26
0 29
0 34
0 37
0 40
0 41
0 47
0 48
0 50
0 51
0 54
0 55
0 58
1 4
1 6
1 7
1 10
1 15
1 18
1 19
1 20
1 25
1 34
1 35
1 36
1 37
1 44
1 49
1 53
1 57
1 59
2 7
2 10
2 12
2 14
2 16
2 21
2 27
2 28
2 31
2 33
2 37
2 42
2 45
2 48
2 53
2 57
3 7
3 11
3 12
3 13
3 14
3 18
3 22
3 23
3 29
3 30
3 32
3 35
3 36
3 39
3 41
3 43
3 47
3 52
3 53
3 55
3 56
3 57
4 6
4 7
4 10
4 12
4 16
4 17
4 20
4 24
4 25
4 28
4 29
4 33
4 36
4 37
4 39
4 40
4 41
4 43
4 45
4 46
4 47
4 48
4 51
4 54
4 56
5 7
5 9
5 21
5 27
5 28
5 30
5 33
5 38
5 42
5 43
5 48
5 49
5 52
5 53
5 55
5 56
6 8
6 15
6 17
6 19
6 22
6 26
6 31
6 33
6 34
6 36
6 39
6 43
6 48
6 49
6 50
6 54
6 59
7 8
7 18
7 21
7 23
7 25
7 28
7 33
7 36
7 38
7 39
7 45
7 48
7 51
7 52
7 53
7 55
7 59
8 9
8 10
8 11
8 12
8 15
8 16
8 19
8 22
8 26
8 29
8 30
8 31
8 34
8 35
8 36
8 37
8 39
8 40
8 41
8 42
8 46
8 48
8 52
8 55
8 57
8 58
8 59
9 15
9 18
9 19
9 21
9 25
9 28
9 33
9 38
9 43
9 45
9 47
9 48
9 49
9 50
9 51
9 52
9 53
9 59
10 21
10 23
10 30
10 31
10 32
10 34
10 36
10 37
10 40
10 41
10 58
10 59
11 13
11 15
11 17
11 19
11 21
11 26
11 27
11 28
11 32
11 39
11 41
11 49
11 50
11 51
11 52
11 54
12 13
12 18
12 19
12 22
12 23
12 24
12 27
12 28
12 30
12 32
12 38
12 40
12 48
12 50
12 55
12 56
13 18
13 19
13 21
13 24
13 26
13 28
13 31
13 32
13 41
13 42
13 45
13 46
13 47
13 48
13 49
14 16
14 18
14 19
14 20
14 24
14 26
14 29
14 32
14 45
14 46
14 47
14 51
14 52
14 58
15 17
15 20
15 26
15 29
15 33
15 34
15 35
15 40
15 41
15 44
15 45
15 47
15 48
15 51
15 55
16 17
16 18
16 20
16 24
16 26
16 27
16 32
16 39
16 41
16 42
16 45
16 48
16 50
16 52
16 57
17 23
17 24
17 27
17 30
17 31
17 35
17 36
17 42
17 45
17 46
17 48
17 52
17 56
18 20
18 22
18 24
18 25
18 26
18 27
18 29
18 31
18 37
18 41
18 42
18 44
18 49
18 52
18 56
18 58
18 59
19 20
19 21
19 25
19 26
19 29
19 30
19 38
19 41
19 45
19 46
19 50
19 51
19 53
19 54
19 55
19 57
20 26
20 27
20 31
20 36
20 40
20 41
20 43
20 45
20 47
20 49
20 57
21 24
21 27
21 28
21 30
21 32
21 34
21 42
21 43
21 46
21 47
21 50
21 51
21 52
21 53
21 57
22 23
22 24
22 25
22 29
22 30
22 34
22 38
22 39
22 43
22 48
22 49
22 51
22 53
22 56
22 57
22 59
23 25
23 26
23 28
23 32
23 35
23 41
23 45
23 49
23 50
23 53
23 54
23 56
24 26
24 28
24 32
24 33
24 37
24 39
24 41
24 43
24 47
24 50
24 51
24 52
24 54
24 55
24 56
24 58
24 59
25 26
25 29
25 30
25 33
25 37
25 38
25 39
25 42
25 52
25 53
25 55
25 56
26 27
26 30
26 33
26 35
26 39
26 42
26 46
26 47
26 52
26 56
26 57
26 59
27 28
27 31
27 38
27 42
27 44
27 46
27 47
27 51
27 54
27 56
27 59
28 30
28 32
28 33
28 34
28 35
28 43
28 45
28 48
28 51
28 52
28 54
28 56
28 59
29 34
29 36
29 45
29 46
29 48
29 49
29 52
29 54
29 58
29 59
30 36
30 37
30 42
30 44
30 45
30 48
30 49
30 54
30 58
31 33
31 37
31 38
31 39
31 40
31 42
31 47
31 49
31 50
31 55
31 56
32 34
32 37
32 39
32 41
32 42
32 43
32 50
32 53
32 57
33 34
33 35
33 36
33 40
33 41
33 44
33 52
33 55
33 56
34 35
34 36
34 39
34 41
34 46
34 49
34 53
34 55
34 58
35 38
35 39
35 41
35 47
35 49
35 50
35 52
35 55
35 58
36 42
36 49
36 50
36 51
36 58
36 59
37 43
37 44
37 45
37 50
37 51
37 52
38 40
38 45
38 46
38 47
38 53
38 56
38 57
39 40
39 42
39 44
39 48
39 50
39 53
39 54
39 57
39 59
40 42
40 43
40 46
40 48
40 50
40 53
40 58
40 59
41 42
41 51
41 53
41 54
41 57
41 58
41 59
42 43
42 45
42 48
42 50
42 52
42 55
42 59
43 46
43 48
43 49
43 51
43 53
43 54
43 55
43 56
43 59
44 48
44 52
44 56
44 57
44 58
44 59
45 46
45 47
45 48
45 53
45 54
45 55
45 56
46 51
46 52
46 56
47 48
47 50
47 51
47 56
48 55
48 56
48 57
48 58
48 59
49 57
49 59
50 51
50 52
50 58
50 59
51 53
51 55
52 54
52 56
52 59
53 54
53 55
53 56
53 57
54 55
56 57
56 58
57 58
58 59
