100 179
31 13 18 12 22 25 3 15 21 25 16 23 8 7 4 30 14 26 13 22 25 31 15 8 10 18 1 21 23 11 9 6 6 15 11 4 2 5 22 20 1 7 4 25 8 14 0 8 11 7 25 0 3 30 4 10 13 10 1 12 5 4 27 31 25 18 27 25 29 9 8 13 12 25 3 8 1 2 14 30 3 15 5 27 21 8 8 16 6 23 27 18 27 24 16 13 11 5 5 8 
0 2
0 4
0 17
0 21
0 26
0 41
0 52
0 56
0 57
0 62
0 64
0 66
0 69
0 70
0 87
1 48
1 50
2 41
2 56
2 66
2 83
2 96
3 49
3 72
3 91
4 32
5 23
5 25
5 52
6 8
6 17
6 79
7 20
7 36
7 46
7 50
8 40
8 55
9 64
9 70
9 84
9 89
10 34
10 39
11 68
11 95
12 41
13 29
13 51
13 88
13 99
14 74
15 17
15 36
16 19
16 25
16 94
17 26
17 27
17 30
17 37
17 41
17 69
18 25
18 57
18 63
18 86
19 60
19 76
19 86
19 89
20 51
21 66
21 84
22 47
22 71
23 55
23 63
24 31
24 40
24 59
24 89
25 51
25 60
26 52
27 40
28 42
28 64
29 72
29 98
30 49
30 64
31 65
31 85
32 54
32 78
33 34
33 83
34 40
34 85
34 92
34 93
35 40
35 83
35 88
36 70
36 76
37 43
38 42
38 51
38 58
39 88
41 95
42 43
43 54
43 56
43 73
43 77
43 82
43 83
44 47
45 70
45 81
46 71
47 51
47 83
48 78
49 50
49 58
50 64
50 77
51 64
51 67
51 86
52 56
52 57
52 69
52 97
53 78
53 84
54 63
56 64
56 98
57 95
58 65
58 66
59 75
60 66
60 68
61 90
64 66
64 73
64 90
65 72
66 67
66 83
66 94
67 83
69 78
69 92
69 95
71 86
71 87
73 78
73 94
74 95
75 81
77 96
79 84
80 98
80 99
83 84
83 94
85 91
85 94
88 98
89 94
89 99
92 93
