80 607
3 13 12 5 8 1 4 1 8 7 2 5 9 2 15 2 14 6 11 8 3 1 2 0 10 11 2 10 3 6 10 9 12 3 15 13 1 14 5 14 15 15 13 12 15 11 11 9 9 0 6 13 10 5 15 6 5 1 6 14 1 8 3 1 10 8 5 4 5 2 1 15 14 13 12 11 12 2 6 6 
0 8
0 12
0 20
0 21
0 31
0 36
0 46
0 49
0 52
0 58
0 60
0 61
0 68
0 70
0 78
1 3
1 5
1 10
1 11
1 15
1 21
1 24
1 28
1 30
1 38
1 40
1 53
1 62
1 65
1 70
1 74
2 8
2 10
2 12
2 13
2 16
2 21
2 23
2 25
2 31
2 34
2 41
2 53
2 55
2 62
2 65
2 72
2 75
3 9
3 13
3 25
3 32
3 37
3 45
3 51
3 55
3 58
3 60
3 61
3 62
3 68
3 70
3 73
3 78
4 5
4 10
4 12
4 14
4 15
4 19
4 21
4 31
4 32
4 33
4 36
4 45
4 49
4 53
4 60
4 62
4 64
4 73
4 79
5 16
5 20
5 23
5 24
5 27
5 34
5 38
5 39
5 46
5 58
5 59
5 61
5 64
5 71
5 73
5 74
5 75
5 76
6 12
6 16
6 24
6 29
6 31
6 35
6 43
6 46
6 50
6 52
6 53
6 54
6 61
6 64
6 75
6 77
6 79
7 8
7 9
7 11
7 23
7 25
7 28
7 41
7 42
7 44
7 57
7 58
7 64
7 66
7 72
7 74
8 10
8 13
8 16
8 18
8 26
8 34
8 45
8 54
8 58
8 59
8 63
8 65
8 66
8 72
8 73
9 16
9 22
9 39
9 40
9 43
9 50
9 65
9 79
10 13
10 16
10 19
10 23
10 27
10 31
10 51
10 67
10 78
11 13
11 19
11 22
11 23
11 24
11 29
11 34
11 37
11 41
11 50
11 59
11 67
12 28
12 34
12 42
12 53
12 66
12 68
12 75
12 76
12 78
12 79
13 15
13 16
13 21
13 24
13 25
13 27
13 29
13 30
13 31
13 34
13 37
13 42
13 43
13 45
13 46
13 48
13 49
13 54
13 56
13 57
13 64
13 69
13 71
13 72
13 76
14 24
14 29
14 41
14 45
14 46
14 53
14 54
14 60
14 67
14 71
14 72
14 76
14 77
14 79
15 17
15 20
15 29
15 34
15 43
15 51
15 75
15 76
15 77
15 78
15 79
16 21
16 23
16 29
16 32
16 33
16 35
16 52
16 56
16 58
16 59
16 74
17 19
17 24
17 25
17 28
17 32
17 40
17 42
17 45
17 46
17 53
17 60
17 63
17 64
18 21
18 23
18 29
18 36
18 38
18 55
18 58
18 61
18 63
18 66
19 20
19 26
19 27
19 30
19 47
19 51
19 69
19 76
19 78
20 42
20 44
20 53
20 74
20 77
20 79
21 25
21 38
21 43
21 45
21 50
21 51
21 67
21 78
22 26
22 29
22 34
22 41
22 49
22 50
22 53
22 55
22 60
22 67
22 69
22 74
23 25
23 27
23 40
23 44
23 46
23 51
23 65
23 70
23 71
23 73
24 25
24 27
24 29
24 33
24 46
24 47
24 49
24 54
24 67
24 73
24 76
24 77
24 78
25 27
25 28
25 31
25 34
25 36
25 39
25 43
25 44
25 45
25 54
25 55
25 71
25 72
25 74
26 34
26 42
26 63
26 77
26 79
27 43
27 44
27 59
27 63
27 72
27 79
28 30
28 37
28 41
28 45
28 55
28 63
28 69
29 31
29 36
29 46
29 47
29 53
29 55
29 71
29 73
29 75
29 78
30 32
30 35
30 45
30 46
30 54
30 58
30 60
30 62
30 65
30 69
30 75
30 77
31 37
31 40
31 42
31 50
31 51
31 66
31 68
31 79
32 33
32 38
32 39
32 58
32 68
32 70
32 78
33 46
33 48
33 54
33 62
33 65
33 71
33 75
33 79
34 35
34 36
34 42
34 48
34 51
34 56
34 57
34 75
34 77
35 41
35 44
35 48
35 52
35 53
35 60
35 63
35 68
35 69
36 44
36 46
36 47
36 48
36 50
36 52
36 61
36 66
36 70
36 73
36 75
37 40
37 43
37 46
37 49
37 58
37 64
37 65
37 70
37 78
38 42
38 43
38 55
38 66
38 70
38 72
39 42
39 44
39 49
39 56
39 65
39 68
39 79
40 42
40 43
40 45
40 46
40 47
40 54
40 61
40 70
41 51
41 54
41 55
41 57
41 60
41 70
41 75
42 44
42 46
42 54
42 57
42 59
42 79
43 47
43 51
43 52
43 55
43 62
43 72
44 48
44 68
44 70
44 77
44 78
44 79
45 59
45 61
45 62
45 66
45 69
46 52
46 62
46 73
46 76
47 53
47 56
47 58
47 61
47 70
48 54
48 55
48 57
48 59
48 61
48 64
48 65
48 67
48 69
48 70
48 76
48 79
49 54
49 60
49 61
49 67
49 70
49 72
49 75
49 76
49 77
50 61
50 65
50 67
50 71
50 73
50 75
50 77
51 61
51 68
51 69
51 73
51 75
52 56
52 59
52 62
52 69
52 76
53 54
53 59
53 61
53 63
53 67
53 68
53 71
53 75
53 77
54 58
54 65
54 70
55 58
55 62
55 67
55 70
56 66
56 75
57 58
57 59
57 60
57 63
57 67
57 74
57 78
57 79
58 59
58 67
58 79
59 68
60 63
60 65
60 76
61 69
61 72
61 75
62 65
62 68
62 74
63 68
63 69
63 73
63 75
64 65
64 66
65 73
65 74
65 75
66 73
67 68
67 71
67 72
67 76
67 77
68 74
69 74
69 75
69 76
70 73
70 75
71 73
71 77
73 78
74 75
75 79
