70 311
15 11 6 6 11 8 4 12 4 13 2 2 13 12 2 7 2 4 3 5 12 8 9 14 3 3 5 13 3 9 5 7 6 4 13 6 2 1 3 7 1 12 7 5 0 1 14 11 14 3 0 7 15 0 2 9 2 12 6 1 8 5 15 13 1 3 10 8 5 2 
0 32
0 35
0 54
0 65
0 66
1 2
1 6
1 21
1 25
1 28
1 30
1 31
1 46
1 53
1 57
1 61
1 62
1 65
1 68
2 23
2 35
2 52
2 61
2 65
2 66
2 68
3 15
3 27
3 35
3 43
3 53
4 21
4 45
4 49
4 54
4 64
5 7
5 13
5 20
5 24
5 31
5 32
5 43
5 51
5 58
5 66
6 23
6 25
6 42
6 45
6 53
6 54
6 59
6 64
7 8
7 13
7 29
7 31
7 36
7 38
7 39
7 41
8 10
8 19
8 20
8 22
8 33
8 37
8 40
8 43
8 52
8 55
8 59
8 60
9 14
9 16
9 21
9 33
9 45
9 48
9 56
9 57
9 67
10 19
10 20
10 22
10 31
10 47
10 62
10 65
10 69
11 16
11 29
11 41
11 55
11 59
12 14
12 15
12 16
12 17
12 29
12 38
12 44
12 50
12 63
13 26
13 31
13 36
13 47
13 58
13 61
13 63
14 15
14 17
14 18
14 28
14 34
14 37
14 44
14 50
14 67
15 17
15 34
15 38
15 44
15 48
15 50
16 20
16 21
16 33
16 48
16 52
16 55
16 56
16 60
17 18
17 21
17 28
17 34
17 37
17 44
17 49
18 37
18 69
19 22
19 32
19 35
19 58
19 60
20 27
20 40
20 47
20 51
20 58
20 62
20 69
21 30
21 41
21 45
21 48
21 56
21 64
22 33
22 36
22 40
22 52
22 55
22 60
23 40
23 42
23 49
23 53
23 54
23 57
23 64
23 65
24 40
24 58
24 63
24 67
25 28
25 30
25 37
25 42
25 45
25 46
25 49
25 57
25 68
25 69
26 53
27 39
27 40
27 41
27 46
27 47
27 62
27 66
27 69
28 37
28 45
28 47
28 48
28 53
28 68
29 38
29 39
29 40
29 55
29 58
29 60
29 63
30 39
30 56
30 57
30 65
30 68
31 32
31 35
31 36
31 58
32 35
32 61
32 62
32 66
33 50
33 52
33 60
34 37
34 41
34 44
34 49
34 68
35 40
35 43
35 47
35 54
35 61
35 66
36 38
36 50
36 58
36 63
37 49
37 67
37 68
38 44
38 50
38 55
38 63
39 46
39 47
39 56
39 62
39 65
40 52
40 60
40 62
41 48
41 64
42 45
42 53
42 54
42 59
42 60
42 64
42 67
43 52
43 58
43 65
44 50
44 56
45 53
45 64
45 65
46 50
46 54
46 57
46 58
46 65
47 55
47 62
47 69
48 55
48 67
48 68
49 52
49 56
49 57
49 63
49 64
49 68
50 63
51 54
51 63
52 56
53 59
53 64
53 67
54 59
54 66
55 60
57 65
57 68
58 61
59 66
61 66
61 69
62 65
62 69
64 67
