80 214
5 13 2 0 9 4 14 15 13 10 3 1 1 3 7 7 6 0 14 10 3 15 13 10 2 0 1 6 3 4 8 10 4 1 8 1 4 7 9 8 12 0 9 3 2 12 9 10 4 10 15 0 8 9 3 12 11 1 9 2 6 9 5 9 13 1 6 12 8 13 6 14 0 1 12 4 10 11 15 8 
0 2
0 32
0 44
0 51
0 62
0 66
0 77
1 8
1 11
1 26
1 32
1 62
1 64
2 17
2 37
2 54
2 69
3 5
3 41
3 44
3 77
4 17
4 21
4 23
4 33
4 49
5 9
5 74
5 76
6 20
6 25
6 61
6 78
7 9
7 29
7 32
8 28
8 31
8 48
8 58
8 72
9 27
9 39
9 55
10 11
10 19
10 37
10 43
10 52
10 62
10 66
11 21
11 25
11 72
12 13
12 19
12 30
12 44
12 60
13 22
13 34
13 42
14 25
14 30
14 31
14 61
14 72
15 20
15 31
15 46
15 51
15 59
15 61
16 45
16 47
16 60
16 69
17 29
17 45
17 52
17 53
17 57
17 60
17 62
17 77
18 30
18 39
18 48
18 53
18 55
18 60
18 69
19 22
19 23
19 25
19 40
19 49
20 32
20 44
20 59
20 67
20 76
21 29
21 43
21 45
21 57
21 64
22 26
22 38
22 64
23 43
23 62
23 64
24 29
24 33
24 50
24 54
24 68
24 71
25 32
25 66
26 34
26 35
26 40
26 48
27 63
27 76
27 79
28 33
28 38
28 45
28 64
29 34
29 42
29 48
30 34
30 40
30 55
30 63
31 32
31 50
32 35
32 69
33 43
33 52
33 57
33 69
34 71
35 47
35 50
35 51
35 59
35 68
35 71
36 40
37 53
37 55
37 58
37 59
38 42
38 48
39 51
39 73
40 51
40 53
40 62
41 53
41 70
41 78
42 78
43 56
43 67
44 51
44 76
44 78
45 52
45 60
45 72
46 50
46 54
46 59
46 67
48 50
48 67
48 73
49 53
49 56
49 60
50 62
50 65
50 71
51 63
51 74
51 76
52 56
52 70
53 74
54 75
54 79
55 63
55 74
56 69
57 75
58 75
59 76
59 79
60 64
63 71
63 73
66 70
66 78
70 77
71 79
74 77
