70 148
10 4 0 6 3 1 14 8 13 0 5 11 7 0 4 6 5 11 7 15 4 3 12 11 13 8 3 9 4 4 1 3 10 5 0 1 9 15 12 6 8 13 2 7 2 11 1 3 9 5 0 2 12 1 5 5 9 7 4 7 1 0 6 4 15 1 13 1 7 5 
0 1
0 22
0 37
0 49
0 55
0 60
1 49
1 51
2 6
2 18
2 24
2 26
2 29
2 49
2 59
2 68
3 45
4 17
4 21
4 49
5 6
5 15
5 26
5 34
5 36
6 63
7 11
7 24
7 65
8 42
8 45
8 49
8 53
8 67
8 68
9 14
9 17
9 57
10 25
10 50
11 51
12 31
12 45
12 68
13 36
13 52
13 67
14 63
15 27
15 32
16 18
16 52
18 30
18 40
18 43
19 20
19 34
19 36
19 52
20 23
20 30
20 33
20 53
20 55
21 44
21 46
21 50
21 61
22 46
22 47
22 65
23 49
23 50
23 63
24 26
24 30
24 31
24 55
25 42
25 65
25 67
26 37
26 42
26 44
26 52
27 31
27 46
28 34
28 45
28 68
29 51
29 65
30 61
32 34
32 45
32 64
32 65
33 53
33 67
34 41
34 45
34 57
34 62
34 66
34 67
35 38
35 51
35 59
36 42
36 43
36 64
37 42
37 54
37 59
37 63
39 56
39 57
40 50
40 52
40 62
41 51
42 58
43 57
43 61
43 67
44 52
45 53
45 63
45 67
47 62
47 63
48 52
48 61
48 62
49 58
49 64
49 66
49 69
52 58
54 68
54 69
58 68
59 61
61 66
62 63
62 67
65 69
66 67
