100 180
14 5 6 29 2 4 8 31 25 23 1 0 31 17 10 30 28 7 2 5 25 20 16 27 23 29 26 0 31 30 17 13 23 13 18 8 25 30 19 14 21 8 25 12 24 1 6 18 8 6 22 8 8 8 14 29 1 3 0 17 25 31 18 11 26 21 8 23 29 24 31 13 1 6 28 13 5 12 27 27 22 0 8 27 16 11 12 10 19 15 27 23 18 31 18 6 19 21 6 6 
0 15
0 36
0 54
0 73
0 80
1 8
1 17
1 21
1 34
1 71
2 7
2 23
2 50
3 66
3 74
3 76
3 88
3 98
4 9
4 25
4 32
4 68
5 54
5 69
5 80
6 11
6 35
6 78
7 48
7 86
8 12
8 18
8 97
9 42
9 48
9 59
9 86
10 38
10 46
10 72
11 16
11 40
11 45
11 58
11 84
12 16
12 71
12 93
13 39
14 26
14 30
14 52
14 61
14 70
15 54
15 66
16 41
16 61
17 18
17 31
17 55
17 67
18 53
18 94
19 70
20 27
20 39
20 43
20 73
21 26
21 28
21 55
22 38
22 49
22 90
23 24
23 31
23 48
23 81
24 29
24 50
24 53
25 44
25 59
25 63
25 76
25 92
26 39
26 71
27 34
27 70
27 77
27 99
28 39
28 43
28 95
29 57
29 91
31 53
31 83
32 37
32 86
33 59
33 76
35 49
35 84
36 64
36 74
36 85
37 68
37 82
38 47
38 99
39 70
40 90
41 45
41 63
41 75
41 93
42 62
43 44
43 47
43 85
44 79
44 95
45 78
46 65
46 77
46 99
47 84
48 83
49 52
50 57
51 64
51 74
51 88
52 84
52 90
53 91
54 65
54 77
55 83
55 95
56 70
57 81
58 91
59 83
59 89
59 92
59 95
60 62
61 71
61 84
62 82
62 96
63 80
64 80
65 69
65 72
66 81
66 91
68 76
68 98
69 87
70 90
72 87
73 77
73 85
74 79
76 79
79 85
82 98
85 89
88 96
89 94
90 99
91 94
93 97
94 97
96 98
