100 299
1 11 30 8 17 18 18 19 17 17 8 0 9 27 13 18 11 20 25 2 8 6 30 6 25 12 19 11 6 27 2 30 20 21 6 2 2 23 31 6 10 2 13 9 3 31 13 11 18 12 7 16 6 16 15 19 11 14 25 24 23 31 25 26 5 10 13 17 29 6 12 30 7 29 21 20 2 30 19 4 29 19 20 24 28 9 22 28 30 14 24 3 4 21 21 19 16 14 9 19 
0 5
0 29
0 35
0 38
0 76
0 88
1 11
1 53
1 60
1 73
1 84
2 11
2 18
2 41
2 60
2 77
2 82
2 85
3 14
3 26
3 43
3 64
3 78
3 86
3 95
4 10
4 15
4 18
4 58
4 60
4 69
4 84
4 85
5 29
5 38
5 76
5 88
5 90
6 58
6 84
7 8
7 25
7 51
7 61
7 62
7 82
7 83
7 99
8 28
9 24
9 30
9 49
9 53
9 68
9 72
9 93
9 97
10 53
10 79
11 17
11 41
11 57
11 77
11 91
12 20
12 22
12 27
12 35
12 45
12 67
12 73
12 76
12 92
13 71
13 86
14 26
14 64
14 71
14 78
14 94
14 95
15 19
15 37
15 44
15 56
15 58
15 75
15 84
16 29
16 34
16 59
16 70
16 79
16 90
17 39
17 41
17 57
17 77
17 91
18 40
18 58
18 60
18 84
18 85
19 28
19 40
19 48
19 55
19 67
19 77
19 93
20 27
20 34
21 39
21 42
21 53
21 63
21 66
21 89
21 96
22 27
22 31
22 35
22 47
22 67
22 73
22 92
23 37
23 44
23 48
23 52
23 54
23 75
23 87
24 53
24 59
24 93
24 99
25 51
25 78
25 86
25 95
25 99
26 64
26 70
26 71
26 79
26 82
27 35
27 50
27 69
27 70
27 77
28 58
29 34
29 88
29 90
30 49
30 68
30 89
30 93
30 97
31 33
31 48
31 52
31 73
31 92
32 35
33 43
33 48
33 52
33 73
33 87
33 92
34 45
34 59
34 79
34 88
34 90
35 38
35 67
35 76
35 98
36 50
36 75
36 94
37 44
37 58
37 75
37 84
38 67
38 76
38 88
39 42
39 57
39 66
39 91
40 59
40 81
41 60
41 77
41 85
42 57
42 63
42 66
42 96
43 52
44 48
44 75
44 87
45 55
45 82
46 81
47 59
47 96
48 52
48 82
48 87
49 55
49 89
49 93
49 96
49 97
50 64
51 61
51 86
51 95
51 99
52 54
52 56
52 87
52 92
53 55
53 58
54 55
54 88
55 64
56 57
56 77
57 66
57 91
58 75
58 84
59 70
59 71
59 79
59 90
60 65
60 84
60 85
61 62
61 72
61 83
61 99
62 68
62 72
62 83
62 99
63 66
63 89
63 96
63 97
64 70
64 71
64 78
65 74
66 91
67 73
67 76
68 72
68 74
68 83
68 93
69 84
70 71
70 79
71 79
72 83
72 93
73 92
73 98
74 97
75 87
77 80
77 85
77 91
78 86
78 95
78 98
80 98
81 99
82 83
83 93
86 95
86 99
88 90
89 96
89 97
96 97
