60 270
6 4 2 1 14 15 11 4 13 2 15 6 10 0 4 12 8 6 8 15 8 1 15 4 9 10 0 0 2 15 8 12 14 4 12 1 13 6 1 13 13 14 14 4 0 0 14 6 8 0 6 11 8 3 13 8 13 14 6 7 
0 3
0 6
0 10
0 22
0 27
0 28
0 32
0 40
0 47
1 2
1 6
1 10
1 19
1 23
1 26
1 29
1 48
1 54
2 18
2 19
2 23
2 26
2 29
2 34
2 48
2 55
3 6
3 10
3 19
3 22
3 28
3 38
3 40
3 47
4 13
4 14
4 24
4 30
4 31
4 36
4 37
4 49
4 51
4 58
5 15
5 21
5 31
5 42
5 45
5 50
5 57
5 58
5 59
6 10
6 19
6 22
6 29
6 44
6 48
6 52
7 8
7 10
7 11
7 25
7 27
7 38
7 41
7 44
7 54
8 12
8 19
8 25
8 38
8 39
8 41
8 44
8 54
8 55
9 18
9 30
9 40
9 52
9 57
10 19
10 22
10 47
10 48
11 14
11 16
11 25
11 27
11 35
11 36
11 37
11 38
11 47
11 52
11 56
12 17
12 29
12 33
12 41
12 44
12 46
12 54
12 55
13 18
13 20
13 23
13 24
13 30
13 34
13 43
13 50
13 58
14 27
14 32
14 35
14 37
14 49
14 51
14 56
15 16
15 17
15 20
15 33
15 36
15 42
15 45
15 46
15 50
15 53
16 30
16 33
16 36
17 26
17 33
17 41
17 46
17 53
17 54
17 55
18 20
18 23
18 24
18 26
18 30
18 34
18 36
18 53
19 22
19 29
19 48
20 23
20 24
20 26
20 30
20 34
20 58
21 28
21 31
21 32
21 42
21 45
21 51
21 57
21 59
22 25
22 40
22 47
22 48
23 26
23 29
23 34
23 46
24 30
24 45
24 49
24 51
24 58
25 27
25 35
25 38
25 41
25 44
26 29
26 34
26 36
26 48
27 35
27 38
27 44
27 56
28 32
28 40
28 47
28 56
28 57
28 59
29 34
29 48
30 34
30 42
30 51
30 58
31 32
31 42
31 45
31 50
31 57
31 59
32 40
32 47
32 57
32 59
33 34
33 42
33 46
33 50
33 52
33 53
33 55
35 37
35 38
35 40
35 49
35 56
36 39
36 43
36 47
37 39
37 49
37 51
37 56
37 57
37 58
38 44
38 56
40 47
40 57
40 59
41 44
41 48
41 54
41 55
42 45
42 50
42 53
43 44
43 45
43 57
44 54
45 50
45 53
45 59
46 50
46 53
46 54
46 55
47 57
49 51
49 56
49 58
49 59
50 53
51 56
51 58
53 55
54 55
57 59
