100 150
14 31 0 9 29 7 2 28 24 31 7 21 1 6 15 30 11 6 9 11 29 24 27 28 0 24 26 27 12 5 23 23 11 28 10 12 19 24 15 31 7 9 2 25 25 15 6 24 9 5 24 24 31 29 7 11 3 28 26 30 23 23 29 7 31 5 4 6 31 16 29 29 5 9 7 0 7 11 26 15 18 3 23 27 21 9 19 28 12 13 26 11 1 30 26 4 18 23 11 19 
0 41
1 5
1 32
1 57
2 10
2 33
2 97
3 14
3 25
3 60
3 61
4 19
4 47
4 58
4 62
5 24
5 26
6 53
7 19
7 22
7 74
7 76
8 33
8 49
8 52
8 81
9 25
10 26
10 71
11 89
12 18
12 59
12 63
12 64
12 72
12 87
13 32
13 90
14 27
14 54
15 70
15 72
15 73
16 70
16 72
16 87
17 53
18 34
18 68
18 98
19 21
19 23
20 36
20 81
20 89
24 57
24 64
24 97
25 62
25 80
25 82
25 93
26 97
27 32
27 61
27 92
28 81
28 84
29 59
30 94
30 98
31 32
31 57
31 61
32 88
33 71
34 39
34 87
35 38
35 65
35 75
36 81
36 93
37 76
37 98
37 99
38 85
38 90
39 98
39 99
40 98
41 47
42 99
43 54
43 56
44 46
44 53
44 56
45 65
46 76
46 88
46 99
47 48
47 50
47 56
47 65
48 55
48 79
48 90
50 78
51 71
52 73
52 96
53 55
53 76
54 60
54 85
54 92
54 94
55 56
55 86
57 69
59 88
60 64
60 75
61 94
62 65
62 91
64 85
65 77
65 90
66 72
67 94
67 98
70 82
70 95
71 81
73 95
74 76
74 93
75 82
75 85
75 92
76 77
80 82
81 96
83 86
89 90
90 92
95 96
