80 211
10 12 10 6 12 1 10 15 11 14 9 2 6 0 0 13 6 13 14 15 0 9 0 10 3 5 3 10 4 6 5 1 3 11 4 15 2 14 13 15 8 1 4 11 4 0 6 0 13 12 6 10 5 8 12 14 12 10 6 7 6 5 0 1 7 4 5 6 10 6 10 1 0 12 1 5 2 2 3 15 
0 20
0 28
0 31
0 40
0 61
0 62
0 71
0 72
1 11
1 32
1 34
1 36
1 61
1 76
1 79
2 9
2 32
2 36
2 58
2 75
3 19
3 21
3 58
3 73
3 75
4 10
4 26
4 75
5 7
5 12
5 52
5 62
5 71
6 12
6 16
6 19
6 21
6 40
7 20
7 47
7 71
8 41
8 46
8 74
9 10
9 16
9 27
9 46
9 69
9 72
9 79
10 17
10 53
10 59
10 61
10 71
10 78
11 25
11 30
12 35
13 46
13 50
13 72
14 17
14 27
14 33
14 46
14 69
15 45
15 55
16 45
16 69
17 33
17 37
17 39
17 41
17 43
17 46
17 47
17 54
17 63
18 27
18 45
18 63
18 69
18 70
19 25
19 40
19 44
19 67
19 68
19 71
20 34
20 36
20 37
20 46
20 49
21 30
21 39
21 44
21 71
22 28
22 32
22 36
22 42
23 26
23 45
23 75
24 29
24 52
24 54
25 27
25 38
25 58
26 28
26 48
26 57
27 29
27 32
27 33
27 36
27 50
27 52
27 56
27 65
27 73
27 75
27 78
28 37
28 38
28 44
28 63
29 30
29 51
29 59
29 64
29 69
30 73
30 74
30 79
31 46
31 71
32 60
32 63
32 65
32 68
32 72
32 79
33 46
33 55
33 64
33 69
33 78
34 55
34 67
35 42
35 46
35 69
36 44
36 49
36 62
36 66
36 67
37 40
38 50
38 53
38 70
38 74
39 40
39 58
39 62
39 74
40 44
41 52
41 69
42 65
43 72
44 48
44 53
44 58
45 70
46 59
46 60
46 75
47 51
48 66
50 79
52 53
52 57
53 56
53 60
53 79
54 60
54 74
55 73
56 60
57 77
58 63
58 72
59 70
60 63
60 72
60 79
61 68
61 74
66 67
67 75
72 73
72 74
72 76
72 77
